13.5647891481687	88.2964093628725	2765.56	1529.919
19.6571342742926	97.6627018698385	2756.537	2345.494
2.8179177456658	39.9770680183456	2437.004	692.849
60.5438715649028	100.0	3248.957	2776.152
29.3784764972188	99.6745602603518	2905.586	2434.136
0.60934951252039	10.3955316835747	923.801	84.009
3.58421713262629	46.6865626507499	2422.701	841.655
41.7229566216347	99.982720013824	2965.246	2504.243
36.6805206555835	99.7773401781279	2956.761	2530.959
5.35926571258743	60.4086716730627	2584.59	1123.422
47.0322323742141	99.989560008352	3043.379	2584.164
0.869179304656556	14.5126683898653	1335.33	201.118
12.6462498830001	90.1334878932097	2847.899	1745.961
35.0332319734144	99.8455601235519	2902.291	2572.125
1.0927091258327	17.7647257882194	1580.134	295.148
32.5190439847648	99.8309801352159	2972.728	2583.038
8.97398282081374	79.609796312163	2800.337	1369.832
52.7903477677218	99.998560001152	3330.137	2685.815
0.219979824016141	3.88151689478648	338.494	32.26
0.119409904472076	2.12705829835336	182.978	17.444
44.4945644043485	99.98830000936	3167.573	2623.114
55.4534956372035	99.999460000432	3177.551	2578.985
25.6540594767524	99.0865007307994	2766.546	2346.96
22.8560617151506	98.7353210117432	2736.661	2420.608
0.0646199483040414	1.15577907537674	82.614	9.813
58.1019435184452	100.0	3142.576	2670.533
0.394689684248253	6.85493451605239	614.443	57.02
49.9066800746559	99.99640000288	3183.714	2678.617
1.39575888339289	21.86026251179	1782.893	336.537
0.145299883760093	2.57435794051365	223.247	21.714
