3.9060668751465	50.1265398987681	2808.999	908.149
58.0955735235412	100.0	3647.399	2607.387
32.4041140767087	99.8057801553759	3353.764	2431.13
0.346329722936222	6.03377517297986	1646.612	50.231
0.181719854624116	3.21803742557006	865.109	27.584
9.57670233863813	82.9554536356371	3427.502	1384.355
0.511669590664327	8.77499298000562	2006.813	68.387
35.6844814524148	99.919540064368	3357.015	2479.046
0.988389209288633	16.1400470879623	2421.189	215.013
0.885569291544567	14.7380282095774	2317.256	204.246
37.9729196216643	99.9060400751679	3466.62	2468.428
0.0662599469920424	1.18637905089676	278.312	9.53
0.259709792232166	4.56623634701092	1252.716	37.593
2.79430776455379	39.7158882272894	2534.566	688.033
50.1707498634001	99.996760002592	3579.281	2709.076
52.9019176784659	99.999280000576	3544.458	2612.602
24.964920028064	98.6764610588312	3241.362	2362.899
15.4696876242499	93.4487252410198	3330.299	1815.603
29.3867464906028	99.6758202593438	3333.611	2386.03
55.5640055487956	99.999460000432	3570.726	2640.873
1.85427851657719	28.4606772314582	2467.278	459.799
60.5430215655827	100.0	3693.895	2564.073
40.2128378297297	99.9127000698399	3478.072	2485.822
22.9304216556627	98.7745609803512	3314.575	2333.777
19.5440943647245	97.4683020253584	3328.875	2188.273
44.5038943968845	99.987940009648	3438.603	2427.698
46.5434327652538	99.983080013536	3459.307	2537.59
11.1474310820551	84.2800725759419	3294.667	1408.906
0.125799899360081	2.23883820892943	569.025	18.493
4.87663609869112	56.209635032292	3009.38	1038.272
