0.310759751392199	5.20181583854733	5683.128	323.742
1.51727878617697	18.9325648539481	5294.467	772.074
0.000949999240000608	0.0170999863200109	11.984	1.014
12.1268102985518	47.8126417498866	10044.893	2079.358
0.00169999864000109	0.0305999755200196	20.596	1.346
0.00579999536000371	0.104219916624067	73.135	3.132
0.00288999768800185	0.0520199583840333	34.477	1.807
36.9985004011997	69.5380843695325	15944.619	5937.733
0.141479886816091	2.46113803108957	3585.639	156.974
45.5748535401172	71.3620229103817	17237.077	6706.763
0.307299754160197	4.90121607902714	3955.009	228.28
0.0377299698160241	0.670139463888429	1137.593	42.011
4.88551609158713	31.4673948260841	5909.627	1034.459
56.5626347498922	85.974771220183	20276.383	8379.435
73.7653809876952	95.6344634924292	23317.96	13528.793
8.08819352944518	42.7055058355953	9314.543	1592.888
18.1639354688516	53.8111369510904	11151.096	2793.026
27.2786781770575	63.1601494718804	13444.732	4326.512
0.519339584528332	7.82189374248501	4712.363	373.044
84.0138527889178	99.97660001872	22362.777	15059.594
0.00897999281600575	0.161459870832103	190.024	5.76
0.00706999434400452	0.126359898912081	187.382	6.354
2.32375814099349	24.8111801510559	5712.952	857.875
0.209759832192134	3.5911771270583	4665.674	229.87
66.6428466857226	95.9089632728294	19949.853	12409.776
0.99920920063264	13.9699688240249	6397.366	647.692
0.0191599846720123	0.342719725824219	574.791	19.778
0.00366999706400235	0.0658799472960422	44.038	2.182
0.0923299261360591	1.62341870126504	2550.423	103.163
90.597797521762	99.999820000144	23087.544	15650.302
3.5958071233543	32.0457343634125	7699.681	1085.605
0.023369981304015	0.416879666496267	711.247	25.088
0.0346799722560222	0.613979508816393	1022.938	37.91
