1.29877896097683	4.90625607499514	341.71	70.683
0.899739280208576	4.42421646062683	300.342	57.452
0.200729839416128	2.35457811633751	201.564	23.427
39.101518718785	42.7575257939794	3588.287	1153.477
74.0990607207514	77.7273578181137	6055.146	2054.917
84.0979327216538	87.7225698219441	6465.623	2132.109
49.0957707233834	52.7511177991058	4169.026	1300.468
28.9538568369145	31.6270546983562	2558.297	851.724
4.20095663923469	7.82639373888501	658.719	154.868
34.0871227303018	37.506929994456	3044.877	985.833
79.0832767333786	82.4743140205488	6065.731	2002.838
69.1010147191882	72.7343418125266	5596.336	1920.79
0.597379522096382	3.9063568749145	271.553	45.606
1.89790848167321	5.53013557589154	380.298	88.226
14.093698725041	17.7287258170193	1523.757	455.063
89.094118724705	92.6243259005393	7191.983	2147.769
6.30173495861203	9.93833204933436	867.933	215.743
93.795834963332	96.1267630985895	7500.56	2639.861
54.0944967244026	57.7270338183729	4524.129	1474.962
9.40241247807002	13.0287495770003	1152.8	312.235
59.0808027353578	62.487130010296	4676.078	1606.651
0.400869679304257	3.37085730331416	256.871	36.264
64.101868718505	67.7343058125553	4988.167	1664.381
24.0979607216314	27.7305978155217	2153.501	634.239
0.0991199207040634	1.43189885448092	135.397	15.491
0.301249759000193	2.9638776288979	224.114	30.516
2.79543776364979	6.42923485661211	540.79	112.641
19.0962547229962	22.7626017899186	1869.953	590.604
44.1041647166682	47.7455018035986	3610.28	1466.526
98.6512610789911	99.999280000576	7142.822	2574.748
