1.59188872648902	16.5733067413546	4141.867	575.682
27.2926281658975	63.4684892252086	14445.373	4146.054
0.477919617664306	7.70219383824493	6589.073	456.021
90.586307530954	99.999820000144	24006.447	13227.835
75.4786396170883	98.7047210362232	23275.213	10854.157
63.7395690083448	86.4042508765993	23387.079	10338.681
0.0216799826560139	0.385919691264247	655.944	25.68
0.00309999752000198	0.0556199555040356	75.625	3.624
0.0048399961280031	0.0871199303040558	59.667	3.361
0.136639890688087	2.37833809732952	3466.325	153.037
0.00183999852800118	0.0331199735040212	22.516	1.811
0.298729761016191	4.97195602243518	5134.517	312.124
1.03969916824067	14.5862883309693	6828.047	693.26
56.3903648877081	84.9498520401184	21089.915	8286.917
0.00226999818400145	0.0408599673120262	27.269	2.122
36.2309710152232	64.1766086587131	15466.403	5380.606
3.5963671229063	32.0901943278445	7878.206	1086.855
8.01102359118113	41.4332668533865	8481.842	1547.507
1.59717872225702	20.1749238600609	6738.774	868.823
12.1264902988078	47.8947216842227	10955.049	2122.899
15.3088877528898	38.5997091202327	8874.533	2319.372
0.0534199572640342	0.939239248608601	1472.165	61.867
0.0628899496880403	1.11401910878471	1838.469	70.987
0.000969999224000621	0.0174599860320112	12.349	1.261
0.207689833848133	3.55247715801827	4575.202	226.403
0.0126399898880081	0.226979818416145	387.939	13.062
47.2264822188142	82.3396741282607	19236.212	7130.455
5.38464569228345	37.451310038952	8577.375	1274.12
0.00868999304800556	0.1562398750081	165.195	6.678
84.0982927213658	99.988660009072	22871.085	12189.532
0.696189443048446	10.5829115336708	6946.223	577.229
0.0130799895360084	0.23417981265615	382.618	12.986
0.0232799813760149	0.415439667648266	665.188	26.195
