2.80099775920179	2.8180777455378	2899.949	1528.587
1.30099895920083	1.31813894548884	2561.68	1531.157
1.30099895920083	1.31795894563284	2841.287	1202.847
4.20099663920269	4.2181166255067	2663.356	1183.857
2.80099775920179	2.8178977456818	5456.626	2168.472
4.20099663920269	4.2179366256507	2896.777	1364.506
1.90099847920122	1.91789846568123	2677.924	1185.627
0.600999519200385	0.617939505648396	2920.651	1621.049
0.900999279200577	0.917999265600588	2867.549	1161.451
0.600999519200385	0.617939505648396	2525.239	1735.65
0.200999839200129	0.21797982561614	2655.231	1460.806
0.300999759200193	0.318059745552204	2470.126	1673.532
6.30099495920403	6.31799494560404	2932.739	1783.494
0.300999759200193	0.317879745696203	2691.17	1196.915
6.30099495920403	6.31799494560404	2637.434	1456.313
9.40099247920602	9.41813246549403	2711.978	1228.757
0.400999679200257	0.417959665632267	5919.345	1622.593
0.900999279200577	0.917999265600588	5488.155	1655.763
0.300999759200193	0.318059745552204	2889.084	1750.85
0.600999519200385	0.617939505648396	5858.477	1607.196
0.100999919200065	0.118079905536076	5440.742	1382.904
0.200999839200129	0.21797982561614	2985.33	1668.524
0.400999679200257	0.417959665632267	2907.275	1775.375
1.30099895920083	1.31795894563284	6312.991	1613.587
0.300999759200193	0.318059745552204	5526.262	1556.918
4.20099663920269	4.2179366256507	2526.809	1440.935
0.400999679200257	0.417959665632267	2506.697	1454.005
0.400999679200257	0.417959665632267	2712.827	1200.474
0.100999919200065	0.117899905680075	2892.531	1401.983
0.900999279200577	0.917999265600588	2919.295	1271.388
0.900999279200577	0.917999265600588	2683.15	1545.258
6.30099495920403	6.31799494560404	5894.954	1606.932
4.20099663920269	4.2179366256507	5891.806	1597.051
0.100999919200065	0.117899905680075	2676.815	1176.892
2.80099775920179	2.8180777455378	2671.46	1245.684
1.90099847920122	1.91807846553723	2554.317	1778.69
1.90099847920122	1.91807846553723	2917.367	1789.475
0.100999919200065	0.118079905536076	2509.187	1654.919
0.200999839200129	0.21797982561614	5433.922	1285.419
0.200999839200129	0.21797982561614	2569.255	1685.044
0.600999519200385	0.617939505648396	2708.496	1294.99
6.30099495920403	6.31799494560404	2627.909	1294.925
9.40099247920602	9.41795246563803	2636.701	1466.296
9.40099247920602	9.41795246563803	2999.829	1614.363
1.30099895920083	1.31795894563284	2913.836	1784.05
1.90099847920122	1.91807846553723	5547.669	1603.944
2.80099775920179	2.8180777455378	2507.756	1736.079
9.40099247920602	9.41795246563803	6283.894	1604.012
