1.05753915396868	15.0017279986176	8981.114	97.415
1.19180904655276	14.5844883324093	8263.602	101.485
0.900539279568576	12.455090035928	7447.129	82.438
2.39864808108153	26.1408390873287	14121.362	202.552
0.701859438512449	10.7072914341669	6412.304	65.462
0.706059435152452	10.8021513582789	6468.472	67.347
0.902799277760578	11.2701509838792	6503.943	77.95
0.00368999704800236	0.0664199468640425	42.567	1.76
0.00366999706400235	0.0660599471520423	42.392	1.789
0.823379341296527	11.3165909467272	6660.476	73.928
1.41948886440891	15.0053279957376	8049.913	113.997
0.00325999739200209	0.0586799530560376	37.895	1.872
0.00154999876000099	0.0278999776800179	19.005	1.414
0.00349999720000224	0.0629999496000403	40.615	1.798
0.00178999856800115	0.0322199742240206	21.592	1.407
1.568598745121	19.8575841139327	11435.263	138.441
0.00322999741600207	0.0581399534880372	38.49	1.635
0.000979999216000627	0.0176399858880113	12.325	1.283
0.00283999772800182	0.0511199591040327	33.881	1.839
0.00175999859200113	0.0316799746560203	21.529	1.442
0.898459281232575	12.431330054936	7427.596	80.209
1.07927913657669	13.2420494063605	7597.773	91.217
2.24983820012944	23.8111009511192	12925.477	185.478
2.39038808768953	26.0420191663847	14232.774	204.694
0.000829999336000531	0.0149399880480096	10.981	1.394
2.63504789196169	21.829842536126	10925.371	199.978
0.000429999656000275	0.00773999380800495	6.38	1.149
0.00183999852800118	0.0331199735040212	21.823	1.551
0.00291999766400187	0.0525599579520336	34.236	1.65
0.000629999496000403	0.0113399909280073	8.598	1.148
0.00290999767200186	0.0523799580960335	34.433	1.577
