2.55871795302564	24.8281001375199	5471.17	827.071
91.5652967477626	100.0	23382.577	16098.07
63.3885592891526	92.8007257594194	21683.708	12685.898
44.0688847448922	80.0914759268193	18746.17	6992.42
38.7270090183928	70.6881034495172	15666.741	6172.34
4.20261663790669	34.377092498326	8418.156	1166.139
88.5676091459127	99.998740001008	23791.584	15877.845
48.9807008154393	83.6489930808055	19406.958	7293.912
32.9703036237571	60.6792114566308	13054.508	4923.431
77.2420882063294	99.4038404769276	22072.801	14011.411
0.29721976222419	4.98401601278719	5517.802	321.388
9.38445249243801	44.6311442950846	10027.094	1754.215
0.902479278016578	13.2231494214805	7773.147	545.917
19.0884347292522	55.2986557610754	13102.465	3072.089
0.398609681112255	6.53399477280418	6337.925	377.535
1.90821847342522	22.7543217965426	7104.383	906.203
0.0977699217840626	1.7182786253771	2664.757	107.677
6.255394995684	38.9031888774489	8052.614	1361.719
71.4568228345417	94.8311241351007	23744.6	13730.393
13.5241291806967	43.681285054972	8964.162	2100.506
53.9678468257225	88.5809891352087	19823.34	11197.473
1.30582895533684	17.5651059479152	8164.537	778.843
68.3333253333397	96.816702546638	21969.453	12631.99
58.8414429268457	91.8379065296748	20002.136	11117.828
20.336713730629	42.7001058399153	10536.089	3072.7
0.602209518232385	9.44189244648604	7092.227	534.506
85.4129016696787	99.99460000432	23549.224	15146.062
80.2525657979474	99.2053006357595	23875.031	14907.551
29.0941567246746	65.4798076161539	15536.184	4422.668
0.198019841584127	3.39803728157017	4534.538	218.245
