47.4822920141664	99.996040003168	46460.35	4019.649
1.07895913683269	17.5530459575632	10623.187	114.787
12.4103400717279	89.144748684201	42093.052	1181.904
0.134029892776086	2.38193809444952	1418.296	17.465
55.5741155407076	99.999640000288	46845.051	6067.217
38.7457890033688	99.961660030672	45881.964	3299.504
52.9548476361219	99.998560001152	47360.141	4400.081
0.0685199451840438	1.22651901878478	751.89	10.294
15.635427491658	93.8720849023321	43434.074	1407.389
2.85944771244183	40.5165275867779	24277.462	304.235
9.59512232390214	83.0551735558612	41421.728	928.354
60.5438715649028	100.0	47564.952	5006.979
0.334019732784214	5.81939534448372	3470.572	39.146
49.945920043264	99.996760002592	47261.858	4347.225
18.8323049341561	96.4648028281577	43419.776	1706.235
6.19650504279597	67.5159659872272	36775.786	635.586
58.0657235474212	99.999640000288	47428.983	4800.504
1.44601884318493	22.6015019187985	13715.635	154.099
26.7928785656971	98.5778211377431	45115.254	2356.07
24.7157702273838	98.484041212767	44212.868	2191.412
0.676149459080433	11.3696909042473	6911.269	74.558
0.246279802976158	4.33061653550677	2618.675	29.903
41.5623167501466	99.976060019152	45518.299	3565.625
4.25115659907472	53.8894368884505	31529.06	450.586
35.5561715550628	99.9065800747359	45164.147	3042.22
0.59418952464838	10.1649518680385	6125.143	66.474
44.5023543981165	99.988660009072	46589.282	3786.479
19.9313940548848	95.4521236383011	43643.33	1767.733
32.5826539338769	99.8446601242719	44678.643	2808.609
0.178169857464114	3.15161747870602	1930.905	22.347
