18.1011855190516	52.7314978148017	1699.48	874.435
0.0238199809440152	0.426059659152273	34.279	3.462
24.4728204217437	48.0750815399348	1537.567	853.086
5.12891589686728	33.8804728956217	1150.951	504.9
0.00259999792000166	0.0466199627040298	5.158	1.299
0.712529429976456	10.890531287575	770.375	80.184
65.0934779252177	89.6609882712094	2726.019	1693.799
37.2826001739199	73.1400614879508	2316.598	1301.466
0.00112999909600072	0.020339983728013	3.515	1.132
0.0376599698720241	0.67139946288043	57.388	4.919
83.3085833531333	99.8414201268639	2821.508	2106.334
1.02539917968066	14.3661485070812	801.398	167.869
8.08394353284517	42.5537659569872	1462.165	680.952
0.0114699908240073	0.205919835264132	15.379	2.221
0.0942999245600604	1.65923867260906	145.323	11.478
9.96242203006238	33.8127929497656	1134.911	560.212
74.93985004812	97.7282218174226	2831.126	2259.809
2.39810808151353	26.1059191152647	1117.172	373.564
0.0084399932480054	0.151919878464097	12.385	1.836
0.0323299741360207	0.575099539920368	50.293	4.117
0.0192499846000123	0.345239723808221	24.444	2.957
0.279529776376179	4.62635629891496	412.358	33.198
0.209799832160134	3.5929771256183	325.446	27.393
0.00602999517600386	0.108359913312069	9.33	1.578
0.00298999760800191	0.0538199569440344	5.503	1.244
0.0018799984960012	0.0338399729280217	4.291	1.336
90.585607531514	99.999820000144	2860.611	2216.281
0.245869803304157	3.95261683790653	327.452	28.605
1.57080874335301	19.8905240875807	979.859	281.517
47.2012622389902	81.8711345030924	2540.453	1470.273
56.4956348034922	85.5478115617507	2628.857	1471.149
0.089079928736057	1.54925876059299	136.015	10.873
3.52926717658626	31.1336750930599	1168.79	471.388
