0.865969307224554	12.6010699191441	7463.009	80.754
1.90407847673722	22.7852817717746	12599.144	157.075
1.27551897958482	14.6518082785534	8202.22	103.981
1.29436896450483	17.4515260387792	10245.613	109.555
1.30614895508084	17.5669059464752	10295.768	109.081
1.75057859953712	17.0242063806349	8899.252	129.23
1.75170859863312	20.379943696045	11363.076	140.168
1.30581895534484	17.5942659245873	10221.232	110.607
1.30529895576084	17.5672659461872	10284.436	110.924
0.902749277800578	13.2443894044885	7903.828	78.732
0.857829313736549	12.465530027576	7393.67	75.107
1.90042847965722	22.7314618148305	12806.468	153.067
1.88417849265721	22.4701020239184	12638.763	148.664
1.18330905335276	13.7136490290808	7647.852	92.77
0.898359281312575	13.1738294609364	7903.201	82.099
0.904629276296579	13.2344894124085	7864.781	79.388
0.779299376560499	11.2445910043272	6727.437	67.82
1.15486907610474	15.1797478562017	8859.622	98.08
