9.39872248102201	13.0321695742643	1682.48	501.991
74.1011507190794	77.7196178243057	9128.52	3920.761
98.6509510792391	99.999460000432	11700.692	10126.599
2.80059775952179	6.43787484970012	931.162	156.313
39.097658721873	42.7497858001714	5059.086	2095.882
0.289969768024186	2.79863776108979	506.529	20.957
0.898069281544575	4.42943645645084	698.302	53.738
19.1053347157322	22.7519817984146	2810.713	1003.345
84.1014927188058	87.7531697974642	10199.916	4430.542
4.20413663669069	7.85015371987702	1088.439	216.862
24.0982807213754	27.7320378143697	3349.336	1254.91
1.89908848072922	5.55587555529956	823.881	103.025
69.0958647233082	72.7424418060466	8428.41	3606.707
49.0990507207594	52.7205178235857	6145.729	2499.641
14.094808724153	17.7298058161553	2205.56	752.393
1.29563896348883	4.89563608349113	758.223	73.02
64.108748713001	67.7596857922514	7920.159	3337.644
94.0342947725642	97.0073223941421	11425.891	9275.044
54.0970167223866	57.7299138160689	6771.425	2720.534
34.0807727353818	37.4126100699119	4476.036	1792.224
79.1002267198186	82.7327938137649	9586.952	4028.477
6.30647495482004	9.93563205149436	1332.796	329.504
29.0967067226346	32.759073792741	3909.64	1516.474
0.401599678720257	3.36995730403416	588.301	27.663
59.0962727229818	62.7411098071122	7340.899	3235.426
43.9304148556681	46.5206027835178	5534.04	2271.547
89.091478726817	92.6792258566193	10819.564	5027.281
0.200499839600128	2.35205811835351	464.237	16.272
0.598029521576383	3.89789688168249	642.357	38.035
0.0996399202880638	1.42217886225691	297.006	8.221
2.80082775933779	6.44255484595612	920.56	150.869
34.1035227171818	37.7321098143121	4471.458	1781.206
89.061998750401	92.3356061315151	11018.862	5432.211
54.1040067167946	57.7340538127569	6757.297	2814.381
74.0931307254954	77.7305978155217	9001.543	3749.711
68.8327749337801	71.2236030211176	8150.249	3500.434
49.0886407290874	52.6263778988977	6132.507	2562.142
93.796264962988	96.1273030981575	11000.607	9104.677
59.0899927280058	62.6534498772401	7299.603	3387.274
14.096218723025	17.7346658122674	2203.827	708.426
