0.0964299228560617	1.69379864496108	2670.146	109.676
0.18761984990412	3.21011743190605	4084.327	209.576
24.1142307086154	60.5056915954467	13809.56	3855.56
77.4191380646895	99.6252402998078	21448.052	11848.054
91.5582167534266	100.0	24444.411	14502.593
38.3222393422085	67.6529458776433	13825.026	5711.429
88.5024591980326	99.997480002016	22135.174	12387.13
34.0461627630698	69.6736242611006	15566.012	5461.745
14.056798754561	49.6493602805118	10483.001	2467.271
71.81121255103	95.6083635133092	20038.231	10307.38
61.7912605669915	86.2611509910792	21648.843	9320.898
0.887729289816568	12.9891496086803	7117.466	680.699
1.30207895833683	17.5199259840592	7377.419	821.446
48.7451410038872	80.9169552664358	18611.834	7363.206
85.2408218073426	99.983260013392	23134.039	12260.807
9.40940247247802	44.7364442108446	9680.132	1769.091
2.8077577537938	28.5011771990582	7488.252	1011.612
0.166849866520107	2.80223775820979	3013.931	176.768
19.0887347290122	55.3787556969954	12374.536	2995.688
0.396239683008254	6.49133480693215	6234.426	402.197
80.7571353942917	99.5381203695037	23207.271	11505.189
52.7086378330897	79.3950564839548	19600.105	8194.362
4.16471666822667	33.8455529235577	7306.836	977.922
1.42045886363291	16.2647869881704	4060.047	627.098
6.28242497406002	39.3024285580572	8473.334	1383.565
26.7300786159371	51.1316590946727	12405.893	4081.119
0.600329519736384	9.39005248795801	7228.35	671.107
44.0496647602682	79.631396294883	17958.33	6808.762
67.7120558303553	94.0659447472442	22325.397	10038.512
56.204185036652	79.709516232387	16937.225	8038.046
