1.90003847996922	5.54075556739555	2474.735	122.461
1.89997848001722	5.53463557229154	2428.05	122.3
0.898999280800575	4.41773646581083	2084.815	60.369
0.901579278736577	4.41233647013082	2057.789	62.43
2.79830776135379	6.44741484206813	2833.217	177.299
1.89981848014522	5.52527557977954	2421.921	121.637
1.90007847993722	5.52239558208353	2501.263	120.541
1.30316895746483	4.90895607283514	2235.993	88.499
2.80237775809779	6.42797485762011	2862.144	172.783
1.29944896044083	4.92875605699515	2318.698	83.595
1.30114895908083	4.92929605656315	2269.242	84.472
0.900759279392576	4.40621647502682	2096.952	61.407
0.902609277912578	4.40495647603482	2086.767	62.891
1.30594895524084	4.91309606952314	2239.324	85.664
