54.1003367197306	57.744493804405	21417.162	3231.065
88.8996688802649	91.4251668598665	34326.086	5646.84
0.900719279424576	4.39919648064282	2065.487	60.235
1.89995848003322	5.53427557257954	2491.18	119.515
0.600409519672384	3.89537688369849	1912.859	43.114
69.1005547195562	72.7311018151185	26652.542	4187.992
74.0979807216154	77.7295178163858	28557.428	4331.222
98.6643310685351	99.999640000288	36330.955	10054.146
24.1017707185834	27.7350978119218	10642.508	1442.415
34.0979027216778	37.7443498045202	14040.42	2072.939
0.201509838792129	2.36015811187351	1348.4	18.131
29.0916367266906	32.7059738352209	12299.236	1718.872
6.30669495464404	9.95435203651837	4067.107	371.412
1.30148895880883	4.88951608838713	2262.106	86.117
4.19834664132269	7.84043372765302	3322.31	253.201
0.300769759384192	2.94677764257789	1569.646	24.896
44.0985847211322	47.7325418139665	17853.86	2654.546
84.1029327176538	87.7535297971762	32746.762	4933.323
49.1021807182554	52.7350978119217	19664.718	2915.364
93.9830848135321	96.7236426210859	35331.012	9615.615
79.1027767177786	82.744853804117	30389.423	4699.725
9.40022247982202	13.0453095637523	5211.048	560.287
19.1036447170842	22.7374018100786	8768.935	1128.821
0.399119680704255	3.36005731195415	1713.951	31.815
64.082328734137	67.4878860096912	24931.632	3815.548
39.101958718433	42.7456458034834	16127.241	2382.751
0.0931299254960596	1.31723894620884	809.638	9.202
14.101618718705	17.7433058053554	7562.246	841.524
59.0941727246618	62.7250898199281	23423.383	3523.369
2.79874776100179	6.42833485733211	2840.438	173.603
29.0993567205146	32.759613792309	12260.58	1737.358
64.100788719369	67.7344858124114	25072.315	3814.155
94.0948547241162	97.7395618083506	35894.967	9748.422
84.1006527194778	87.7553297957362	32149.064	5027.314
79.1019567184346	82.730993815205	30281.024	4713.93
44.1022147182282	47.7354218116625	17844.179	2625.937
0.102179918256065	1.46195883043294	904.428	9.998
9.39762248190202	13.0426095659123	5151.062	575.733
98.6712010630391	100.0	36161.893	9903.701
19.0991347206922	22.7246218203025	8731.943	1162.433
39.101958718433	42.7456458034834	16102.621	2282.267
0.904649276280579	4.41431646854682	2104.5	61.705
0.201129839096129	2.36411810870551	1363.415	18.519
14.095138723889	17.7544657964274	6919.368	828.449
49.0961407230874	52.7284378172497	19410.849	2969.355
59.0928327257338	62.7272498182001	23539.692	3529.808
1.89577848337721	5.53931556854755	2505.601	122.311
2.8064577548338	6.45299483760413	2818.71	173.857
6.30364495708403	9.93923204861436	4047.313	386.404
