0.000969999224000621	0.0172799861760111	12.002	1.256
0.00225999819200145	0.0401399678880257	25.849	1.308
0.00273999780800175	0.0487799609760312	32.169	1.334
0.00356999714400228	0.0635399491680407	40.527	1.275
0.0037499970000024	0.0667799465760427	42.97	1.316
0.00888999288800569	0.1560598751521	96.791	1.588
0.0132799893760085	0.231299814960148	140.82	1.782
0.0188499849200121	0.325799739360209	198.807	2.133
0.0286199771040183	0.481679614656308	291.571	2.946
0.0408699673040262	0.668519465184428	405.18	4.04
0.0649999480000416	0.995939203248637	603.057	5.578
0.0940799247360602	1.36547890761687	820.5	8.33
0.139849888120089	1.81637854689716	1063.773	10.73
0.210599831520135	2.41541806766555	1340.35	15.741
0.315439747648202	3.01517758785793	1571.465	20.797
0.474119620704303	3.58001713598629	1758.065	29.607
0.712119430304456	4.13477669217865	1913.916	41.445
1.06410914871268	4.63913628869097	2118.467	59.851
1.59709872232102	5.22305582155534	2312.363	85.341
2.39299808560153	6.01793518565185	2618.023	119.652
3.5988171209463	7.22789421768463	3047.548	178.385
5.38956568834745	9.02951277638978	3673.058	263.969
8.09131352694918	11.7257306194155	4637.533	385.429
12.1393702885038	15.7561073951141	6085.732	567.954
18.2094654324277	21.847842521726	8242.615	873.328
27.3138981488815	30.9525952379238	11254.285	1281.079
37.3057701553839	40.8610473111622	14780.68	1711.636
47.3119621504303	50.9359992512006	18400.434	2325.508
57.3152841477727	60.972791221767	22180.599	2740.556
67.3102561517951	70.9626032299174	25161.535	3127.389
77.3050581559535	80.7923953660837	28710.659	3577.595
87.1300902959278	89.6870882503294	31697.069	5273.823
97.2261522190782	99.9109000712799	35173.141	8625.929
