0.000549999560000352	0.00989999208000634	7.442	1.063
0.000909999272000582	0.0163799868960105	11.425	1.058
0.0028099977520018	0.0505799595360324	32.479	1.309
0.00316999746400203	0.0566999546400363	35.666	1.38
0.00529999576000339	0.0950399239680608	59.996	1.562
0.00846999322400542	0.152279878176097	94.632	1.721
0.0126899898480081	0.227699817840146	141.255	2.172
0.0158999872800102	0.285119771904182	176.829	2.572
0.0170799863360109	0.304559756352195	191.312	2.54
0.0403699677040258	0.71819942544046	457.134	5.513
0.0573299541360367	1.01519918784065	621.905	7.039
0.0923699261040591	1.62449870040104	851.881	11.655
0.138209889432088	2.40659807472154	1005.985	16.702
0.207859833712133	3.54797716161827	1182.178	26.426
0.318139745488204	5.3152157478274	1375.217	39.284
0.475129619896304	7.63325389339689	1642.834	54.329
0.601009519192385	9.04193276645379	2067.176	65.631
1.06802914557668	15.1050479159617	2640.67	171.809
1.57288874168901	19.9002440798047	3120.927	257.189
2.39385808491353	26.0666791466567	3174.997	358.282
3.5953371237303	32.0869543304365	3478.975	461.528
5.34092572725942	36.8949304840556	3895.82	507.275
5.37629569896344	25.8035193571845	2295.724	390.084
9.73028221577423	33.0645335483732	2781.76	503.19
17.4408860472912	46.6363426909259	3713.982	736.246
27.2559881952094	62.9324496540403	5470.136	1026.832
37.0776703378637	70.351503718797	5280.352	1189.888
47.2758721793023	82.9390736487411	6066.195	1468.62
56.320904943276	84.5689723448221	5705.131	1265.195
64.4570784343372	88.0010295991763	5619.168	1512.914
74.8659901072079	97.5876419298865	5856.585	4028.507
83.1638034689572	99.8032601573919	6266.243	4252.664
90.568957544834	99.999820000144	5812.654	4105.995
