0.00299999760000192	0.0199799840160128	3.542	1.363
0.00299999760000192	0.0199799840160128	3.747	1.238
0.00299999760000192	0.0199799840160128	4.735	1.25
0.711999430400456	0.727919417664466	393.169	22.613
2.39899808080154	2.41595806723355	477.436	87.748
2.39799808160153	2.41397806881754	463.351	86.671
1.06699914640068	1.08395913283269	238.758	37.907
0.711999430400456	0.727919417664466	170.272	24.953
1.59999872000102	1.61783870572904	324.536	58.84
1.06699914640068	1.08413913268869	150.392	39.462
0.00299999760000192	0.0199799840160128	7.767	1.222
1.59999872000102	1.61801870558504	728.173	58.154
1.06699914640068	1.08395913283269	230.567	38.198
1.59999872000102	1.61603870716903	201.885	59.988
0.00199999840000128	0.0201599838720129	4.046	1.141
2.39899808080154	2.41595806723355	282.388	89.638
0.00099999920000064	0.0179999856000115	3.445	1.168
1.59899872080102	1.61603870716903	329.115	55.46
2.39899808080154	2.41595806723355	1017.147	88.816
0.711999430400456	0.730079415936467	173.702	25.102
0.00299999760000192	0.0199799840160128	4.071	1.267
1.06699914640068	1.08395913283269	542.258	38.571
0.00199999840000128	0.0199799840160128	3.911	1.241
0.00199999840000128	0.0179999856000115	6.141	1.245
