64.100948719241	64.117928705657	9553.252	3016.704
0.300999759200193	0.317879745696203	52.334	11.75
84.1009327192538	84.1180727055418	11862.343	3192.27
99.1009207192634	99.1180007055994	13795.315	3660.78
49.1009607192314	49.1180007055994	7486.442	1880.939
0.900999279200577	0.917999265600588	143.874	34.879
0.400999679200257	0.417959665632267	70.088	14.945
44.1009647192282	44.1179647056282	6354.163	1657.704
94.1009247192602	94.1179647056282	13529.982	3506.72
89.100928719257	89.117928705657	12316.478	3900.891
79.1009367192506	79.1178567057146	11185.643	3105.744
4.20099663920269	4.2181166255067	588.89	164.811
19.1009847192122	19.1179647056282	2827.927	727.563
2.80099775920179	2.8178977456818	440.018	106.332
69.1009447192442	69.1179647056282	10188.697	2690.872
0.100999919200065	0.118079905536076	21.834	5.687
39.100968719225	39.118108705513	5612.259	1508.364
14.100988719209	14.117928705657	2005.709	541.753
54.1009567192346	54.1180367055706	7788.012	2517.478
1.90099847920122	1.91807846553723	306.554	73.816
74.1009407192474	74.1178207057434	10674.355	3318.054
1.30099895920083	1.31795894563284	203.861	51.452
24.1009807192154	24.1180007055994	3446.203	964.193
34.1009727192218	34.1178927056858	4926.032	1321.8
29.1009767192186	29.1180367055706	4369.624	1170.519
6.30099495920403	6.31799494560404	946.562	241.077
9.40099247920602	9.41795246563803	1324.073	363.222
0.200999839200129	0.21797982561614	36.851	8.565
0.600999519200385	0.617939505648396	102.064	23.051
59.1009527192378	59.1180727055418	8543.255	2280.627
1.30099895920083	1.31795894563284	207.51	53.599
0.400999679200257	0.417959665632267	67.901	14.928
1.90099847920122	1.91807846553723	295.741	74.611
84.1009327192538	84.1178927056858	12348.988	3186.605
