8.94037284770172	79.4846964122429	40660.414	828.773
4.02266678186657	51.4705988235209	30141.215	403.838
5.57260554191557	62.1449502840398	34382.522	549.221
16.2530669975464	95.263303789357	43565.02	2305.879
31.5255547795562	99.6198403041278	46029.931	4146.868
47.0922723261821	99.990640007488	47480.47	6355.621
11.0146811882551	83.6266730986615	40926.899	994.749
1.28483897212882	20.7228434217253	12576.627	130.909
19.2115146307883	97.0397223682221	43614.097	2570.983
34.6012823189741	99.7856201715039	45825.357	4446.949
0.067229946216043	1.20329903736077	728.563	8.007
2.30414815668147	33.3586533130773	20350.96	241.383
0.878099297520562	14.6789882568094	8829.216	90.545
27.7557977953618	99.0596807522554	44909.465	3584.998
49.7952801637759	99.996040003168	47644.006	6561.893
44.0368547705162	99.976240019008	46394.688	5757.407
40.9343472525222	99.948340041328	47098.508	5569.544
22.9538216369427	98.7983209613432	44642.667	3090.711
1.90473847620922	29.2166766266587	17618.365	199.408
55.5635055491956	99.999460000432	48653.354	7577.792
0.3129897496082	5.45993563205149	3363.317	32.927
0.435249651800279	7.48601401118879	4501.736	46.753
0.114079908736073	2.0343583725133	1233.904	12.902
60.5436015651187	100.0	48934.179	8144.256
52.7701177839058	99.998380001296	48055.95	7263.239
0.1566598746721	2.77145778283377	1666.013	17.29
58.0443535645171	99.999640000288	49045.851	7858.956
24.4051504758796	98.2835213731829	44834.897	3157.685
37.6568898744881	99.8797600961919	47064.915	6416.67
0.243439805248156	4.27607657913874	2553.094	26.85
