64.100258719793	64.4710884231293	7378.586	3947.509
59.0988827208938	59.4656524274781	6738.714	3222.552
1.90028847976922	2.26709818632145	461.227	107.712
94.1008147193482	94.4686044251165	10358.38	4988.333
19.1001147199082	19.4673444261245	2479.543	1035.28
9.40128247897402	9.76589218728625	1329.332	522.707
0.601669518664385	0.963899228880617	297.586	34.162
0.301359758912193	0.666359466912426	253.412	19.318
49.0985707211434	49.4648604281117	5636.586	2583.479
0.100699919440064	0.454319636544291	227.669	8.499
69.1004047196762	69.4653644277085	7991.732	3646.15
1.30122895901683	1.66157867073706	410.614	74.185
24.1011407190874	24.4704404236477	2941.337	1304.43
6.29971496022803	6.66071467142826	978.394	401.972
44.0993047205562	44.4601444318845	5275.364	2343.329
84.0993527205178	84.4640324287741	9445.568	4439.775
0.400719679424256	0.762659389872488	272.887	23.573
0.899029280776575	1.26305898955281	346.129	49.208
39.099658720273	39.4685684251453	4625.925	2186.176
4.20008663993069	4.56443634845092	724.582	232.672
99.0613507509194	99.2981805614556	10775.8	5381.466
74.0999707200234	74.4628804296957	8338.201	3963.94
2.79783776172979	3.15737747409802	584.865	157.231
89.099358720513	89.4658684273053	10289.613	5523.116
0.200719839424128	0.564839548128361	240.353	14.165
34.1002127198298	34.4609724312221	4142.361	1863.835
14.100248719801	14.4647884281693	1804.717	760.982
79.1003167197466	79.4648964280829	9171.112	4109.191
54.1009067192746	54.4679564256349	6056.074	2945.593
29.1016367186906	29.4670564263549	3404.515	1625.142
