49.1007407194074	49.4632404294077	8872.681	5496.221
4.20316663746669	4.56425634859492	927.54	484.399
69.1013447189242	69.4635644291485	12563.173	7673.65
74.0986507210794	74.4646804282557	14017.568	8952.365
29.0996767202586	29.4596764322589	5362.783	3209.138
84.1016627186698	84.4696124243101	15205.837	9464.026
2.80110775911379	3.16313746949002	679.263	315.39
99.0985807211354	99.4654004276797	18372.359	11241.262
54.0998567201146	54.4701164239069	9667.899	5874.864
89.100758719393	89.4687484250013	15872.213	9567.557
64.097898721681	64.4602884317693	11990.175	7861.235
6.29956496034803	6.66683466653227	1322.655	710.586
34.0991327206938	34.4615124307901	6354.346	3794.066
59.1015427187658	59.4645724283421	10518.424	6457.244
79.1021067183146	79.4663364269309	14490.396	8960.817
0.598369521304383	0.964619228304617	276.36	64.291
1.30138895888883	1.66643866684907	410.473	138.232
0.898729281016575	1.26251898998481	333.131	98.667
0.199059840752127	0.563759548992361	178.796	26.654
19.0995447203642	19.4689644248285	3575.204	2104.191
0.0975399219680624	0.450539639568288	167.086	16.093
44.1021947182442	44.4596044323165	8100.007	4906.662
39.100208719833	39.4689284248573	7263.02	4369.401
0.399419680464256	0.763379389296489	220.704	43.705
94.0991147207082	94.4628444297245	17052.011	10483.59
14.100438719649	14.4655084275933	2760.807	1592.844
24.0996707202634	24.4677404258077	4510.451	2793.75
0.298209761432191	0.663119469504424	191.195	33.715
1.90144847884122	2.26511818790545	504.008	214.558
9.40128247897402	9.76157219074225	1840.788	1026.404
