0.00399999680000256	0.0219599824320141	3.828	1.4
0.0099999920000064	0.0260999791200167	4.721	1.59
0.0049999960000032	0.0219599824320141	4.438	1.423
0.316999746400203	0.333899732880214	17.387	7.474
0.0429999656000275	0.0599399520480384	6.652	2.292
0.0199999840000128	0.0379799696160243	5.26	1.704
47.3099621520303	47.3259221392623	1475.171	821.957
57.3109541512367	57.3279741376207	1823.66	1007.741
0.00199999840000128	0.0201599838720129	3.765	1.28
37.3109701512239	37.3278301377359	1206.322	667.853
0.0949999240000608	0.111959910432072	9.057	3.43
0.013999988800009	0.0300599759520192	4.675	1.613
77.3109381512495	77.3279381376495	2447.666	1330.3
0.00199999840000128	0.0179999856000115	3.527	1.291
18.2069854344117	18.2239054208757	615.595	328.914
5.39399568480345	5.41007567193946	187.338	98.101
0.00699999440000448	0.0241199807040154	4.255	1.447
0.711999430400456	0.728099417520466	31.16	14.206
27.3109781512175	27.3279381376495	883.558	480.572
2.39799808160153	2.41397806881754	87.349	44.094
0.0289999768000186	0.0460799631360295	5.567	1.822
0.211999830400136	0.230039815968147	14.271	5.375
67.3109461512431	67.3278661377071	2141.91	1179.234
1.06699914640068	1.08395913283269	44.565	23.223
12.1379902896078	12.1561102751118	401.649	217.71
0.063999948800041	0.0818999344800524	7.879	2.736
3.5979971216023	3.61403710877031	127.991	67.548
0.474999620000304	0.491939606448315	22.654	9.929
97.3109221512623	97.3279021376783	3097.048	1683.758
87.3109301512559	87.3278301377359	2743.96	1468.337
0.141999886400091	0.158039873568101	10.349	4.12
1.59999872000102	1.61603870716903	63.018	30.374
8.09299352560518	8.11007351194119	271.209	143.868
