9.371692502646	44.3548445161244	3970.199	821.093
6.30571495542804	39.7464882028094	4015.525	696.636
0.201449838840129	3.45923723261021	1200.041	28.716
5.99856520114784	35.5343115725507	3649.509	657.535
2.77362778109778	28.056397554882	3295.524	448.063
0.261189791048167	4.35383651693079	1347.044	35.602
0.196299842960126	3.37247730201816	1165.876	27.947
6.81236455010836	28.5328571737143	2896.422	501.949
0.298559761152191	4.9984160012672	1373.742	41.797
0.358199713440229	5.83721533022774	1345.758	49.444
3.10931751254599	23.3380613295509	2402.787	353.871
4.10461671630663	32.840433727653	3811.674	556.107
9.12950269639784	40.8534873172101	3727.821	738.86
0.285149771880182	4.77251618198705	1271.784	38.861
0.32804973756021	5.11307590953927	1647.072	42.82
0.301999758400193	5.06501594798724	1353.686	43.308
0.0998499201200639	1.75517859585712	899.585	15.133
0.387019690384248	6.33077493538005	1472.301	53.526
4.20651663478669	34.384472492422	3557.624	571.614
0.194079844736124	3.32567733945813	1178.72	27.924
0.598699521040383	9.370972503222	1966.015	78.01
2.79225776619379	28.4219772624182	3394.826	448.282
6.08523513181189	36.4956908034474	3353.916	668.148
0.0990899207280634	1.74437860449712	891.936	14.87
4.19424664460268	34.326152539078	3728.141	682.972
0.601549518760385	9.43271245383004	1971.654	77.722
0.269599784320173	4.39397648481881	1445.678	36.626
0.0851799318560545	1.49543880364896	744.362	12.388
2.79922776061779	28.4052372758102	3404.55	447.043
0.401869678504257	6.58043473565221	1586.949	54.132
0.173039861568111	2.95307763753789	1135.246	25.279
4.16498666801067	24.0028007977594	2281.458	438.717
0.100329919736064	1.75949859240113	925.612	14.843
0.597389522088382	9.380872495302	1948.885	76.918
9.36375250899799	44.2385646091483	4012.282	820.712
