47.3168921464863	50.9646192283046	17338.653	2660.713
0.00644999484000413	0.114119908704073	9.227	1.614
0.00906999274400581	0.160019871984102	11.716	1.82
0.000829999336000531	0.0149399880480096	4.004	1.169
57.3080041535967	60.933551253159	20657.432	2794.989
0.0271399782880174	0.455759635392292	26.7	2.882
2.39843808124954	6.03395517283586	1227.819	137.466
0.315019747984202	3.02147758281793	234.219	26.37
67.3133061493551	70.9417232466214	24150.888	3257.105
27.3086081531135	30.9367552505958	10009.619	1577.712
5.40203567837146	9.05165275867779	2259.937	256.83
0.0632999493600405	0.982619213904629	55.769	5.632
77.3005381595695	80.7826753738597	27776.825	3615.932
0.00407999673600261	0.0725399419680464	6.857	1.512
0.0415699667440266	0.684539452368438	39.187	3.861
0.119799904160077	1.34711892230486	90.827	8.617
37.2928701657039	40.64198748641	13644.841	1774.732
12.1346502922798	15.7780673775461	4666.579	556.182
3.5932471254023	7.22681421854863	1642.207	206.6
87.2600301919758	90.3264477388418	31086.777	4520.599
0.00219999824000141	0.039059968752025	4.894	1.259
0.472179622256302	3.60305711755431	350.133	34.99
1.06392914885668	4.63157629473896	699.57	59.36
0.0186399850880119	0.320399743680205	19.598	2.604
8.09113352709318	11.7413906068875	3263.45	384.44
0.0131799894560084	0.227699817840146	15.785	1.991
0.14083988732809	1.84805852155318	110.2	11.411
1.59344872524102	5.21063583149134	901.16	85.071
0.714249428600457	4.11713670629064	527.151	41.496
18.2072154342277	21.84046252763	6911.914	1092.934
0.00340999727200218	0.0606599514720388	6.099	1.32
0.0947799241760607	1.36997890401688	80.27	10.211
97.1778622577102	99.7611401910878	34557.826	9023.807
