33.9804628156297	68.6136051091159	6464.882	1721.153
23.9091008727193	57.876973698421	5574.377	1206.664
38.7966289626968	71.3798428961257	6023.882	1237.315
40.9843472125222	64.1938886448891	5636.305	1342.638
0.899139280688575	11.7451706038635	5883.319	1500.971
2.79555776355379	28.4471772422582	5836.387	1317.659
0.288299769360185	4.83479613216309	5920.87	1444.696
48.9521008383193	83.3660333071734	5957.178	1690.309
85.0075719939424	99.963640029088	6089.709	1592.271
68.5533551573159	98.0218015825587	5666.119	1483.303
1.89273848580921	22.6112219110225	5944.964	1637.875
6.31037495170004	39.6836682530654	5979.172	1369.956
25.3236697410642	47.7501817998546	5997.79	1284.039
91.5657667473866	100.0	5686.501	1312.693
80.2843457725234	99.2339206128635	6214.128	1425.54
51.4358988512809	75.3286797370562	6125.997	1743.653
9.09591272326982	40.4497476402019	5973.789	1620.474
77.4058480753215	99.6000403199677	5638.701	1791.025
4.20848663321069	34.32651253879	5508.146	1811.616
0.198949840840127	3.41063727149018	5528.412	1211.562
19.0697447442042	55.1100159119873	6072.597	1670.024
73.1796314562948	99.3079005536796	6158.099	1791.898
0.363509709192233	5.64227548617961	5569.526	1629.869
88.6958690433048	99.999460000432	6117.465	2389.29
11.9988504009197	36.4026308778953	5532.68	1677.944
58.8804728956217	92.3023061581551	6134.336	1625.653
0.400229679816256	6.55091475926819	5442.348	1613.816
63.6253190997447	94.3908444873244	6060.433	1693.229
0.881679294656564	12.8797096962322	6218.422	1621.816
0.0874199300640559	1.53557877153698	6231.976	1635.906
