1.59999872000102	1.61603870716903	200.436	57.371
1.06699914640068	1.08395913283269	160.562	35.932
0.00199999840000128	0.0199799840160128	13.419	1.077
2.39899808080154	2.41595806723355	291.934	87.794
0.00299999760000192	0.0199799840160128	14.498	1.174
0.00199999840000128	0.0199799840160128	14.149	1.123
2.39899808080154	2.41595806723355	275.156	89.006
0.711999430400456	0.729899416080467	120.697	22.367
2.39799808160153	2.41595806723355	274.191	88.082
0.711999430400456	0.728099417520466	120.041	24.851
0.00199999840000128	0.0199799840160128	13.847	1.26
1.06699914640068	1.08395913283269	166.759	35.713
0.00099999920000064	0.0179999856000115	12.083	1.068
2.39899808080154	2.41595806723355	296.361	87.808
1.06699914640068	1.08395913283269	153.984	37.719
0.00299999760000192	0.0199799840160128	13.565	1.257
1.59899872080102	1.61603870716903	212.812	58.467
0.710999431200455	0.727919417664466	122.35	22.815
0.00299999760000192	0.0199799840160128	14.007	1.202
1.59999872000102	1.61603870716903	205.532	58.145
0.00299999760000192	0.0199799840160128	13.68	1.221
1.06699914640068	1.08413913268869	161.135	37.864
1.59999872000102	1.61801870558504	201.249	56.666
