0.000719999424000461	0.0129599896320083	3116.011	1962.797
0.00121999902400078	0.0219599824320141	3104.443	2003.082
0.00206999834400132	0.0372599701920238	3493.595	2045.479
0.00292999765600188	0.0527399578080338	3074.984	1983.688
0.0034399972480022	0.0619199504640396	3353.713	2082.682
0.00676999458400433	0.121859902512078	3187.822	1993.823
0.0108399913280069	0.194939844048125	3106.579	1999.805
0.0135699891440087	0.244079804736156	3100.568	1941.193
0.0226299818960145	0.40697967441626	3439.212	2071.392
0.0318199745440204	0.571139543088366	3122.972	1995.158
0.0454899636080291	0.813419349264521	3534.364	2182.625
0.0709299432560454	1.25981899214481	3512.432	2091.894
0.0847699321840543	1.51307878953697	3505.883	2042.207
0.14042988765609	2.47625801899358	3423.972	2113.566
0.232869813704149	4.05503675597059	3122.093	1975.806
0.330139735888211	5.67413546069163	3522.965	2135.676
0.573249541400367	9.30437255650195	3116.457	2008.49
0.596649522680382	9.96785202571838	3173.333	1992.482
1.06614914708068	16.3018669585064	3388.73	2121.272
1.61063871148903	22.8130017495986	3565.025	2154.962
2.11612830709735	27.2039182368654	3486.25	2082.718
4.08786672970662	44.2239846208123	3130.661	1977.342
6.5580947535242	57.6393738885009	3467.153	2099.401
10.882461294031	74.7901201679039	3120.854	2048.193
16.2318070145544	82.1537342770126	3173.006	2011.595
24.0278607777114	87.578209937432	3117.898	2101.158
29.7921661662671	85.5020915983267	3166.127	2033.563
43.3136253490997	99.1286206971034	3191.455	2065.036
51.628858696913	99.7694201844639	3193.21	2087.894
58.8725429019657	99.8677001058399	3557.725	2220.635
66.0572971541623	99.973180021456	3626.609	2197.459
73.0205615835507	99.999820000144	3615.835	2240.028
78.6679670656263	100.0	3293.481	2114.944
