0.711999430400456	0.728099417520466	209.87	68.084
0.00399999680000256	0.0219599824320141	40.416	2.129
0.0949999240000608	0.112139910288072	90.037	9.032
0.0419999664000269	0.0579599536320371	66.317	5.241
1.59999872000102	1.61801870558504	384.097	174.91
0.0949999240000608	0.111959910432072	88.413	9.217
0.00899999280000576	0.0260999791200167	40.929	2.632
0.00099999920000064	0.0179999856000115	12.617	1.152
18.2079854336117	18.2258854192917	3523.905	1983.425
0.0099999920000064	0.0259199792640166	46.46	2.446
87.3109301512559	87.3280101375919	16979.984	8898.462
0.141999886400091	0.160019871984102	109.301	12.061
0.0289999768000186	0.0458999632800294	58.585	3.832
77.3109381512495	77.3279381376495	14439.398	8037.276
97.3109221512623	97.3279021376783	16900.236	12652.191
0.0099999920000064	0.0260999791200167	47.039	2.44
0.0199999840000128	0.035999971200023	45.867	2.962
8.09299352560518	8.10989351208519	1715.871	849.924
37.3109701512239	37.3280101375919	7015.021	3847.185
77.3109381512495	77.3279381376495	15823.09	8068.132
18.2079854336117	18.2258854192917	3253.257	1984.488
8.09299352560518	8.10989351208519	1696.547	833.029
37.3109701512239	37.3280101375919	7509.161	3941.369
87.3109301512559	87.3280101375919	16584.348	9326.994
0.315999747200202	0.334079732736214	139.532	28.825
27.3109781512175	27.3279381376495	5239.479	2957.339
8.09299352560518	8.11007351194119	1508.302	888.355
0.141999886400091	0.158039873568101	112.761	13.173
0.211999830400136	0.230039815968147	136.268	18.941
2.39899808080154	2.41595806723355	585.678	253.842
47.3109621512303	47.3280821375343	9056.608	4910.26
0.00299999760000192	0.0199799840160128	21.191	1.884
0.0189999848000122	0.035999971200023	45.324	3.027
0.0199999840000128	0.0379799696160243	42.914	3.064
47.3099621520303	47.3279021376783	8251.397	4908.094
0.0049999960000032	0.0219599824320141	41.311	2.117
12.1389902888078	12.1559302752558	2554.329	1262.867
1.59999872000102	1.61603870716903	375.294	172.86
18.2079854336117	18.2260654191477	3681.805	1898.333
0.211999830400136	0.228059817552146	124.631	19.264
5.39599568320345	5.41403566877147	1025.846	572.509
0.315999747200202	0.334079732736214	145.252	27.243
0.013999988800009	0.0320399743680205	42.944	2.821
0.141999886400091	0.158039873568101	97.889	13.331
27.3109781512175	27.3279381376495	5554.366	2888.664
57.3109541512367	57.3279741376207	11525.301	5753.427
0.00399999680000256	0.0219599824320141	44.593	1.992
77.3109381512495	77.3279381376495	14933.839	7614.529
67.3109461512431	67.3280461375631	13573.048	6830.292
0.211999830400136	0.228059817552146	139.671	19.23
77.3109381512495	77.3279381376495	13535.152	7955.469
0.0099999920000064	0.028079977536018	41.074	2.475
0.711999430400456	0.730079415936467	216.372	62.686
12.1379902896078	12.1539502768398	2558.595	1322.171
5.39599568320345	5.41205567035546	1110.771	580.416
57.3109541512367	57.3279741376207	11693.701	5994.986
0.0049999960000032	0.0219599824320141	45.658	2.142
0.316999746400203	0.334079732736214	153.417	27.628
0.063999948800041	0.0799199360640512	77.608	6.559
18.2069854344117	18.2240854207317	3617.739	1839.163
1.59999872000102	1.61801870558504	403.383	174.375
0.00699999440000448	0.0241199807040154	42.05	2.369
0.00299999760000192	0.0199799840160128	22.095	1.822
0.00099999920000064	0.0179999856000115	12.519	1.071
97.3099221520623	97.3279021376783	19361.039	12618.723
0.063999948800041	0.0820799343360525	74.258	6.251
0.00699999440000448	0.0241199807040154	42.551	2.34
0.0429999656000275	0.0601199519040385	59.072	4.945
3.5979971216023	3.61385710891431	827.676	373.093
8.09299352560518	8.11007351194119	1597.293	873.231
97.3109221512623	97.3279021376783	18048.367	12541.721
57.3109541512367	57.3277941377647	10377.859	6335.372
0.00199999840000128	0.0179999856000115	12.951	1.619
1.06699914640068	1.08413913268869	276.54	107.024
0.711999430400456	0.727919417664466	220.765	71.35
67.3109461512431	67.3280461375631	11711.672	6904.845
0.316999746400203	0.334079732736214	157.158	26.878
1.59899872080102	1.61603870716903	395.814	165.89
0.711999430400456	0.728099417520466	212.241	66.048
3.5979971216023	3.61583710733031	764.175	390.545
97.3109221512623	97.3279021376783	19344.137	12847.573
0.00699999440000448	0.0239399808480153	46.132	2.326
0.0949999240000608	0.112139910288072	79.627	8.93
0.00199999840000128	0.0179999856000115	12.648	1.506
27.3109781512175	27.3279381376495	4958.534	2899.244
0.013999988800009	0.0320399743680205	45.551	2.61
0.0179999856000115	0.0340199727840218	43.008	2.98
47.3099621520303	47.3279021376783	9619.033	4976.475
2.39899808080154	2.41613806708955	517.332	262.213
1.06699914640068	1.08413913268869	288.989	107.851
0.00699999440000448	0.0239399808480153	44.842	2.377
0.0129999896000083	0.0300599759520192	41.699	2.639
47.3099621520303	47.3279021376783	9729.395	5455.593
27.3109781512175	27.3281181375055	5547.532	2850.171
1.06699914640068	1.08395913283269	276.505	111.036
0.473999620800303	0.491939606448315	178.478	40.746
0.00299999760000192	0.0199799840160128	43.408	2.018
0.474999620000304	0.491939606448315	172.829	43.072
0.00199999840000128	0.0199799840160128	14.056	1.381
67.3109461512431	67.3278661377071	14144.633	7325.215
37.3109701512239	37.3280101375919	6803.842	4091.654
67.3109461512431	67.3278661377071	12582.906	6869.275
37.3109701512239	37.3280101375919	7617.707	3890.634
87.3109301512559	87.3278301377359	17640.02	9121.848
2.39899808080154	2.41613806708955	545.1	257.047
0.00299999760000192	0.0199799840160128	41.918	2.072
3.5969971224023	3.61403710877031	811.949	379.134
0.013999988800009	0.0320399743680205	46.706	2.876
0.0279999776000179	0.0460799631360295	50.661	3.573
1.06699914640068	1.08395913283269	295.573	105.352
5.39499568400345	5.41205567035546	1189.764	588.525
3.5979971216023	3.61601710718631	716.441	396.698
0.141999886400091	0.160019871984102	98.806	13.37
0.063999948800041	0.0799199360640512	83.957	7.081
87.3109301512559	87.3278301377359	15208.073	8935.688
0.474999620000304	0.492119606304315	185.985	42.897
12.1389902888078	12.1559302752558	2242.205	1353.908
0.0049999960000032	0.0219599824320141	41.733	2.123
5.39599568320345	5.41403566877147	1163.264	570.768
0.0289999768000186	0.0460799631360295	58.474	3.777
12.1379902896078	12.1541302766958	2403.595	1342.913
57.3109541512367	57.3279741376207	10683.118	5887.822
0.0949999240000608	0.111959910432072	79.743	8.837
0.474999620000304	0.492119606304315	174.061	42.667
0.0429999656000275	0.0601199519040385	69.502	4.731
0.0289999768000186	0.0458999632800294	52.425	3.936
0.211999830400136	0.230039815968147	128.773	19.468
0.0429999656000275	0.0599399520480384	72.557	4.872
0.00399999680000256	0.0219599824320141	43.762	2.014
0.0629999496000403	0.0799199360640512	76.934	7.195
0.0049999960000032	0.0219599824320141	44.191	2.258
2.39899808080154	2.41595806723355	572.874	254.018
