0.000669999464000429	0.0120599903520077	8.936	1.496
0.00162999869600104	0.0293399765280188	19.994	1.431
0.00203999836800131	0.0367199706240235	24.243	1.389
0.00332999733600213	0.0597599521920382	38.961	1.789
0.00475999619200305	0.0856799314560548	55.63	2.078
0.00782999373600501	0.14075988739209	89.18	2.438
0.0113099909520072	0.20303983756813	129.387	2.992
0.0116399906880074	0.209339832528134	130.815	3.046
0.0206899834480132	0.371699702640238	232.729	3.961
0.0253999796800163	0.454859636112291	279.79	4.7
0.0520099583920333	0.929339256528595	562.15	7.265
0.0851799318560545	1.51919878464097	910.235	10.453
0.10975991219207	1.94417844465724	1160.783	12.686
0.189069848744121	3.32801733758613	1994.272	20.073
0.247439802048158	4.31369654904276	2576.539	25.338
0.408859672912262	7.01405438875649	4183.351	40.7
0.549889560088352	8.96129283096574	5366.62	52.298
0.59397952481638	9.93383205293436	5938.962	57.009
1.29408896472883	19.7904441676447	11800.794	118.238
1.94849844120125	27.5450179639856	16432.743	170.948
2.73384781292175	34.5158723873021	19859.605	235.764
4.5261063791149	49.1291606966714	26666.449	385.431
6.62695469843624	58.2814333748533	29266.134	482.082
7.31244415004468	51.7463586029131	25270.475	550.082
17.0296163763069	87.8383097293522	41300.447	1432.023
21.4555728355417	78.5609371512503	36696.055	1458.217
29.6021263182989	85.0925919259265	39963.976	1996.416
43.4334852532118	99.2710005831995	45737.167	3921.043
49.3495305203756	98.2216014227189	45498.871	3233.564
59.2056326354939	99.925840059328	46775.261	3881.207
66.6721466622827	99.995140003888	47246.489	4286.693
72.8396217283026	99.998920000864	47492.291	4832.21
78.6663970668823	100.0	47937.361	5000.719
