0.000729999416000467	0.0131399894880084	2.973	1.263
0.00157999873600101	0.0284399772480182	4.413	1.44
0.00292999765600188	0.0525599579520336	6.636	1.658
0.00334999732000214	0.0602999517600386	7.779	1.855
0.00336999730400216	0.0604799516160387	7.396	1.878
0.92127926297659	14.2003686397051	1302.119	173.427
0.945989243208605	15.3199677440258	1564.167	181.156
1.77827857737714	25.1434598852321	2216.559	365.103
10.916261266991	75.06209995032	6203.999	1062.593
16.5121967902426	83.9378928496857	6825.591	1388.785
23.0824615340308	83.9261928590457	6448.624	1423.933
28.184377452498	82.0525743579405	6902.09	1396.836
43.5349151720679	99.4495604403516	7942.622	1741.645
50.8633193093446	99.3239205408636	7792.842	1763.042
57.1298642961086	99.4024004780796	7592.345	1565.967
66.0788271369383	99.978580017136	7960.223	1818.113
72.7171118263105	99.998740001008	8457.785	1802.654
78.6642570685943	100.0	8624.326	1914.773
