0.000669999464000429	0.0120599903520077	8.924	1.244
0.00136999890400088	0.0246599802720158	17.208	1.607
0.00188999848800121	0.0340199727840218	24.015	1.794
0.00293999764800188	0.0529199576640339	39.07	2.344
0.00474999620000304	0.0853199317440546	62.297	3.13
0.0053099957520034	0.0952199238240609	145.695	5.661
0.00942999245600603	0.169559864352109	245.987	8.025
0.0141899886480091	0.254879796096163	438.717	12.844
0.0183099853520117	0.32867973705621	623.633	21.051
0.0310699751440199	0.556919554464356	1100.197	34.75
0.0373999700800239	0.669959464032429	1255.908	40.887
0.0581399534880372	1.03697917041666	1972.628	53.69
0.0881499294800564	1.564018748785	2915.741	99.19
0.190659847472122	3.35465731627415	6000.183	210.738
0.256619794704164	4.40099647920282	6575.331	280.068
0.263069789544168	4.58279633376293	7498.76	287.434
0.48505961195231	8.10269351784519	9672.285	405.239
0.822799341760527	13.2249494200405	12729.871	779.699
1.32947893641685	20.305963755229	14951.032	1102.343
1.93494845204124	27.3617781105775	15567.503	1278.639
3.05167755865795	38.7501889998488	12676.697	1366.506
4.47632641893887	48.5209411832471	13033.782	1728.391
6.0955051235959	53.6383370893303	13502.998	1875.446
8.47042322366142	58.0699335440532	14175.193	1639.356
12.0569203544637	62.51934998452	15639.398	2197.843
22.0938323249341	80.6127555097956	18226.922	3263.407
31.9430744455404	90.597167522266	20314.211	4586.562
43.2377354098117	99.0224207820634	19740.507	6004.556
51.8397085282332	99.8520401183679	19637.89	7380.917
57.6420838863329	99.5815003347997	19082.479	8038.658
65.8824072940742	99.964360028512	23948.251	9141.386
73.0601815518548	99.999640000288	23231.826	10319.971
78.6699570640343	100.0	24010.211	11077.801
