0.401699678640257	0.763919388864489	243.431	44.081
49.0994907204074	49.4690004247997	10381.783	5609.716
54.1000067199946	54.4607564313949	11488.048	6238.141
74.0994107204714	74.4648604281117	15767.27	8208.338
34.0995327203738	34.4703324237341	7237.521	3969.614
59.1003527197178	59.4640324287741	12508.861	6619.392
39.101538718769	39.4642484286013	8221.26	4339.235
1.89914848068122	2.26421818862545	552.25	213.753
0.902339278128578	1.26683898652881	364.37	94.25
64.098868720905	64.4610084311932	13535.279	7254.235
44.1003047197562	44.4612244310205	9219.75	4873.953
29.1001067199146	29.4650764279389	6277.96	3205.786
0.100619919504064	0.458819632944294	192.844	17.356
4.19907664073869	4.56425634859492	1047.53	485.833
24.0992207206234	24.4582004334397	5165.867	2821.227
69.0993947204842	69.4624844300125	14441.38	7569.183
0.29763976188819	0.661499470800423	215.809	35.736
79.1012167190266	79.4625564299549	16405.578	8693.416
9.39888248089401	9.76499218800625	2136.361	1077.646
99.0613507509194	99.2981805614556	20952.575	11358.596
14.101058719153	14.4667684265853	3122.014	1634.323
6.29836496130803	6.66287466970026	1476.097	702.472
0.198389841288127	0.564659548272361	196.088	25.417
1.29888896088883	1.66211867030506	462.374	142.553
19.0995247203802	19.4615844307325	4095.335	2087.424
2.80222775821779	3.16709746632203	760.603	319.092
89.099568720345	89.4673084261533	18844.264	10032.536
94.0995447203642	94.4637444290044	20895.022	11279.909
0.601529518776385	0.962639229888616	301.578	64.259
84.1001127199098	84.4663724269021	17665.031	9488.965
