0.00088999928800057	0.0160199871840103	3.401	1.184
0.00157999873600101	0.0284399772480182	4.885	1.204
0.00306999754400196	0.0552599557920354	7.42	1.426
0.00310999751200199	0.0559799552160358	7.055	1.305
0.0051599958720033	0.0925199259840592	11.108	1.462
0.0068799944960044	0.123659901072079	14.875	1.555
0.0116499906800075	0.208439833248133	22.78	1.935
0.0174599860320112	0.3130197495842	32.341	2.472
0.0279699776240179	0.50039959968032	52.205	3.224
0.0411899670480264	0.733139413488469	75.49	4.155
0.0513599589120329	0.908459273232581	90.511	5.688
0.0930399255680595	1.63403869276905	154.602	9.426
0.111029911176071	1.92509845992123	177.434	10.748
0.134059892752086	2.28257817393746	211.416	12.787
0.315899747280202	5.26967578425937	487.838	29.235
0.475489619608304	7.6528738777009	767.297	42.239
0.686339450928439	9.51785238571809	953.419	57.911
0.698179441456447	10.6667914665668	1031.992	87.677
1.59417872465702	20.1731238615009	1915.314	180.977
2.04658836272931	21.2612229910216	2305.585	154.092
2.11025831179335	18.1247255002196	2320.194	150.817
5.38896568882745	37.502609997912	6438.968	379.761
7.89835368131705	39.9385480491616	9217.377	525.027
11.6483206813435	42.225266219787	11563.587	727.984
18.1863654509076	54.1556566754747	16160.663	1129.6
27.2790381767695	63.1707694633844	21815.35	1695.921
37.1750202599838	71.5515627587498	28192.803	2304.377
44.3582845133724	67.8390657287474	31242.701	2596.064
57.1378842896926	90.8848072921542	39839.27	3453.629
65.9640272287782	92.6081259134993	40423.175	4447.357
75.4268896584883	98.6129211096631	49255.046	8347.1
83.5972431222055	99.9132400694079	51835.491	9130.181
90.560627551498	99.999820000144	53260.35	10662.799
