2.79709776232179	6.44273484581212	2801.891	175.022
0.197479842016126	2.32847813721749	1335.96	17.667
98.6637110690312	99.999820000144	37131.871	11495.308
0.102309918152065	1.46501882798494	903.78	10.268
84.1033627173098	87.7321098143122	32302.038	5099.658
39.095218723825	42.7447458042034	15782.955	2373.668
0.775689379448496	3.36275730979415	1521.807	51.44
1.30115895907283	4.88357609313913	2265.659	87.455
49.1034607172314	52.7340178127858	19858.76	2917.139
9.39943248045402	13.0197495842003	5161.259	556.309
79.0957567233946	82.7349538120369	30521.581	4835.192
24.0556507554794	27.1961782430574	10099.128	1393.342
6.30702495438004	9.94589204328637	4108.013	386.068
34.1010427191658	37.7456098035122	14190.911	2026.022
14.101318718945	17.7348458121233	6952.834	838.077
74.1026107179114	77.7331178135057	28983.536	4397.641
4.20060663951469	7.84259372592502	3355.899	253.056
29.0958767232986	32.7201938238449	12406.15	1741.935
69.0969447224442	72.7345218123826	27170.115	4146.552
0.595109523912381	3.89159688672249	1932.043	43.963
0.400399679680256	3.35807731353815	1679.765	31.409
94.0881147295082	97.4684820252144	35830.798	9575.687
1.89891848086522	5.52545557963554	2486.423	119.871
64.104298716561	67.7548257961394	25072.879	3905.645
54.0996967202426	57.738193809445	21192.757	3209.18
59.0724927420058	62.3492501205999	22806.069	3441.951
19.0995947203242	22.7282218174225	8720.072	1158.994
44.0989147208682	47.7314618148305	17588.967	2658.665
88.8349889320089	91.2277070178344	33416.26	5487.64
0.300429759656192	2.94515764387388	1569.965	25.78
34.0993627205098	37.7261698190641	14064.02	1984.172
94.0686947450442	97.2820021743983	35857.776	9603.669
64.099328720537	67.7411458070834	25064.968	3760.233
59.1013727189018	62.7492098006322	23350.139	3577.871
54.1057767153786	57.7340538127569	21358.941	3257.502
2.79577776337779	6.44021484782812	2809.676	174.106
1.89962848029722	5.54705556235555	2507.203	122.836
24.0982707213834	27.7471578022738	10520.974	1417.498
0.400859679312257	3.36941730446616	1712.108	31.563
9.39886248091002	13.0328895736883	5266.548	557.375
44.1013347189322	47.7397418082066	17698.648	2621.684
79.0985667211466	82.7255938195249	30991.027	4687.601
49.0955907235274	52.7226778218577	19731.184	2895.107
83.9340528527577	86.5262907789674	31985.654	4917.679
98.6512610789911	99.999280000576	36189.828	10069.101
1.30267895785683	4.90751607398714	2278.704	85.113
6.29919496064403	9.94679204256637	4098.511	390.634
13.7960889631288	16.1335670931463	6052.915	825.378
0.301919758464193	2.95613763508989	1556.792	25.205
89.101458718833	92.7310658151473	34210.547	5638.77
0.599409520472384	3.89861688110649	1896.294	43.757
4.19445664443468	7.84097372722102	3283.166	262.863
28.9538568369145	31.6270546983562	11729.046	1718.032
