1.90117847905722	2.27015818387345	325.945	58.748
94.1019247184602	94.4686044251165	7541.165	2528.293
44.1009047192762	44.4660844271325	3763.698	1193.563
89.099908720073	89.4655084275933	6791.125	2291.265
79.1001967198426	79.4654364276509	6031.601	1979.864
1.29905896075283	1.65653867476906	267.536	42.259
24.1018007185594	24.4618004305597	2185.034	680.519
19.1002047198362	19.4624844300125	1843.754	615.686
44.1001647198682	44.4646444282845	3574.599	1420.88
89.100298719761	89.4631684294653	7132.788	2727.142
19.1002647197882	19.4659044272765	1845.372	480.761
89.092048726361	89.3857684913852	6728.707	2126.154
74.0994707204234	74.4601804318556	5652.221	2001.872
69.1010847191322	69.4668044265565	5322.146	1781.94
0.900739279408576	1.26413898868881	232.176	31.392
49.1000407199674	49.4672004262397	3931.875	1347.865
29.1001867198506	29.4675964259229	2542.598	741.236
39.099568720345	39.4651484278813	3416.78	1267.099
0.898789280968575	1.25873899300881	227.83	29.965
94.0999747200202	94.4641044287165	7110.313	2240.545
0.898869280904575	1.26251898998481	230.001	30.766
84.0995427203658	84.4638524289181	6778.618	2272.748
69.1028647177082	69.4664444268445	5367.877	1894.926
14.100218719825	14.4640684287453	1513.389	394.889
19.1002247198202	19.4677044258365	1831.443	541.33
64.099708720233	64.4633484293213	5289.5	1572.316
29.0982067214346	29.4585964331229	2541.865	815.702
29.0990867207306	29.4639964288029	2658.612	813.183
64.098368721305	64.4655084275933	5247.267	2037.351
79.1003367197306	79.4627364298109	6037.776	1881.454
99.0982707213834	99.4654004276797	7403.047	2553.091
24.1010407191674	24.4641404286877	2269.434	778.447
54.0994467204426	54.4614764308189	4510.878	1475.764
84.0999227200618	84.4629524296381	6453.767	2166.828
99.0997007202394	99.4540604367516	7475.347	2399.745
59.0996127203098	59.4654724276221	4888.024	1463.845
0.900759279392576	1.26269898984081	228.806	29.972
1.29971896022483	1.66445866843307	264.457	42.333
74.1000407199674	74.4607204314237	5737.842	2006.264
79.0994267204586	79.4650764279389	6349.272	1913.37
39.101488718809	39.4667684265853	3357.331	997.182
99.1004407196474	99.4493804404956	6979.877	2572.285
39.097038722369	39.4570484343613	3188.568	1032.971
44.0987847209722	44.4608644313085	3742.932	1413.979
99.0997007202394	99.4540604367516	7407.563	2422.371
74.0991707206634	74.4594604324317	5999.472	2015.611
59.0997427202058	59.4642124286301	4845.668	1419.066
19.0988547209162	19.4675244259805	1803.875	539.644
34.0979627216298	34.4609724312221	2878.639	953.841
69.0991647206682	69.4617644305885	5320.395	1893.288
49.1004607196314	49.4697204242237	4109.45	1348.759
49.1011707190634	49.4632404294077	3938.091	1330.066
64.097238722209	64.4608284313372	5267.872	1741.287
1.89959848032122	2.26493818804945	324.655	59.437
79.0984767212186	79.4593164325469	6405.272	2046.11
54.0995567203546	54.4668764264989	4581.215	1510.621
34.1000027199978	34.4622324302141	2851.849	945.165
14.100878719297	14.4691084247133	1486.498	400.395
49.0999807200154	49.4654004276797	3919.744	1309.959
14.100088719929	14.4597484322013	1492.384	479.659
29.1014967188026	29.4616564306749	2644.801	806.305
94.0991147207082	94.4628444297245	7007.909	2255.332
39.100558719553	39.4588484329213	3370.862	1077.87
69.1003547197162	69.4648244281405	5620.065	1899.194
54.1003467197226	54.4593164325469	4270.665	1303.031
14.100758719393	14.4642484286013	1498.01	400.619
59.0990327207738	59.4600724319421	4887.882	1429.84
1.90142847885722	2.26997818401745	325.649	58.126
44.1008447193242	44.4671644262685	3847.459	1079.004
84.1001727198618	84.4643924284861	6788.22	2312.286
24.1005307195754	24.4691804246557	2316.676	683.201
34.0999327200538	34.4647524281981	2864.957	954.374
84.1008327193338	84.4645724283421	6373.871	1980.847
59.1006027195178	59.4597124322301	4657.302	1616.141
94.0918247265402	94.3879644896284	7470.097	2624.873
89.099908720073	89.4608284313372	6728.7	2423.576
54.0994367204506	54.4620164303869	4276.588	1477.211
34.0999627200298	34.4649324280541	2976.75	932.645
1.30080895935283	1.66931866454507	265.309	41.59
1.29849896120083	1.66409866872107	254.689	42.119
74.1013107189514	74.4673804260957	5954.181	2067.789
24.0991907206474	24.4646804282557	2185.115	674.026
64.098338721329	64.4552484358013	4987.601	2020.788
1.90100847919322	2.26367818905745	327.075	59.147
