49.0999607200314	49.4609004312797	1847.491	1241.093
0.0988699209040633	0.458639633088294	20.345	5.666
19.0998247201402	19.4641044287165	746.14	519.777
2.79841776126579	3.16601746718603	122.015	81.29
1.89817848145721	2.26079819136145	89.356	55.387
29.0985467211626	29.4625564299549	1077.771	763.467
79.1021067183146	79.4663364269309	2933.37	2204.831
54.0987367210106	54.4648964280829	2117.518	1351.222
64.099308720553	64.4653284277373	2443.529	1707.887
39.100378719697	39.4655084275933	1512.219	999.545
69.0992347206122	69.4635644291485	2638.601	1945.638
0.298859760912191	0.665639467488426	28.481	11.588
0.400229679816256	0.760139391888486	31.111	13.413
4.19867664105869	4.56353634917092	177.342	109.804
0.600769519384384	0.966599226720619	39.784	17.709
6.30051495958803	6.66305466955626	256.997	184.597
94.0991747206602	94.4644644284285	3499.843	2922.967
74.0981007215194	74.4616204307037	2749.637	2075.501
84.1002027198378	84.4638524289181	3230.096	2384.604
59.0988327209338	59.4633124293501	2320.019	1697.749
14.101608718713	14.4651484278813	593.689	401.551
0.198009841592127	0.565379547696362	24.858	8.264
34.0989927208058	34.4676324258941	1303.988	969.309
44.0993447205242	44.4626644298685	1666.929	1079.76
1.30059895952083	1.66733866612907	69.025	39.505
24.0996807202554	24.4663004269597	937.902	620.006
99.0908807272954	99.3860204911836	3873.629	3250.451
9.40094247924602	9.76679218656625	380.923	280.427
0.899629280296576	1.26107899113681	50.84	28.12
89.100688719449	89.4615484307613	3289.164	2429.965
