9.56394234884612	82.9127936697651	5301.8	1525.309
0.272439782048174	4.79735616211507	2339.388	41.021
60.5415015667987	100.0	6487.537	2313.093
55.5635055491956	99.999460000432	6903.953	2254.557
34.5658623473101	99.7708601833119	6625.775	1976.375
38.6092691125847	99.952120038304	6845.697	2094.035
40.633227493418	99.931780054576	6716.078	2072.035
2.79430776455379	39.7158882272894	5307.858	674.27
25.1029999176001	98.7747409802072	6194.492	1969.8
0.0686399450880439	1.22849901720079	787.067	12.752
28.2287174170261	99.2798205761435	6137.156	1937.238
0.563869548904361	9.64943228045418	2457.672	84.218
6.4094948724041	69.1750246599803	5359.546	1213.495
58.0599535520372	99.999640000288	6453.7	2295.253
4.25590659527472	53.9931168055066	6644.954	987.272
21.5518527585178	97.4634420292464	6368.099	1823.439
0.12479990016008	2.21921822462542	1414.436	21.071
12.1147603081918	88.0440495647603	5509.27	1548.76
0.405299675760259	7.04681436254851	2398.878	62.05
52.9558176353459	99.998560001152	6468.814	2237.419
44.0910347271722	99.978940016848	6873.652	2503.345
31.3336649330681	99.5717803425757	6738.254	2001.664
46.7987625609899	99.987220010224	6843.473	2194.121
0.856669314664548	14.3006285594972	2673.322	192.858
0.168579865136108	2.98691761046591	1802.909	26.864
1.8777884977692	28.8087969529624	4184.146	444.423
15.8997972801622	94.5265643787485	6245.697	1757.051
50.1851798518561	99.996940002448	6889.12	1931.538
17.7344558124353	94.5969443224445	6383.729	1762.643
1.28125897499282	20.6652434678052	3167.552	317.194
