0.613189509448392	10.4563716349027	6275.667	64.44
49.945920043264	99.996760002592	47313.212	6594.304
32.0074843940125	99.7328802136958	45719.647	4325.853
18.6191651046679	96.1201031039175	43896.901	2546.644
38.5345891723287	99.948520041184	46122.92	5111.829
0.138059889552088	2.45447803641757	1469.194	15.659
0.401919678464257	6.99029440776447	4169.457	44.211
47.2726221819023	99.99370000504	47723.996	6298.577
52.9019176784659	99.999280000576	47675.908	7150.573
40.7558773952981	99.940240047808	46791.56	5399.647
0.181759854592116	3.22217742225806	1958.286	20.171
9.54520236383811	82.818473745221	41037.376	885
33.4959432032454	99.5930203255837	45255.625	4263.261
47.3655221075823	99.994420004464	48042.367	6267.294
0.0542799565760347	0.973259221392623	593.002	6.634
6.36211491030807	68.8443649245081	37734.325	624.75
60.5436715650627	100.0	49222.101	8199.925
0.148379881296095	2.62763789788968	1572.425	16.626
37.3084501532399	99.8439401248479	46519.352	4900.315
26.1709290632568	99.3707205034236	44847.172	3697.175
58.0975935219252	100.0	48613.915	7828.621
41.6054567156346	99.977320018144	46865.195	5584.894
15.7024774380181	94.0173447861242	43157.883	2285.797
49.7889101688719	99.9955000036	47729.525	6601.818
12.3262801389759	88.8745689003449	41986.565	1419.902
49.99020000784	99.997120002304	47455.851	6755.892
4.17643665885067	53.12623749901	31294.581	521.871
43.4884352092518	99.961840030528	47378.977	5728.434
40.9471972422422	99.948340041328	47011.449	5261.949
0.269949784040173	4.74533620373104	2867.609	28.76
0.231549814760148	4.07825673739461	2421.547	25.966
55.5059955952035	99.999460000432	48341.248	9473.657
35.7015214387828	99.92170006264	45842.423	4856.004
6.05408515673187	66.3090669527464	36483.219	585.235
34.1512226790219	99.7089402328478	45530.77	4401.12
30.7767753785797	99.4153604677116	45389.65	3873.64
12.1656502674798	88.2739093808725	42336.005	1111.615
8.85356291714967	78.9540568367545	39796.218	831.454
34.8430521255583	99.8144201484639	46334.335	4548.649
12.2446202043038	88.5759491392407	42133.047	1097.26
55.4020056783955	99.999460000432	48697.978	7540.359
0.272229782216174	4.78331617334706	2874.217	29.883
24.4426304458956	98.2871213703029	43963.425	3144.7
52.9563376349299	99.998560001152	48109.543	7152.605
2.87009770392184	40.631007495194	24451.226	299.222
0.0650499479600416	1.16513906788875	704.195	7.969
19.6607642713886	97.6699018640785	43729.06	2638.678
0.236029811176151	4.16105667115466	2515.342	25.436
12.0850603319517	87.9351496518803	41713.819	1080.719
26.1381490894807	99.3570405143676	44805.543	3660.665
38.1900694479444	99.924040060768	45939.632	5009.858
55.4507656393875	99.999820000144	48376.795	7468.361
58.0518335585332	99.999640000288	48541.688	7814.488
22.6948818440945	98.5771011383191	43998.717	3096.591
28.146777482578	99.2441806046555	44492.574	3673.538
47.4742820205744	99.995140003888	47096.755	6358.594
47.0322323742141	99.989560008352	47278.013	6304.469
55.5741155407076	99.999640000288	48542.443	7682.323
41.5568867544906	99.976060019152	58033.28	5541.447
60.5436715650627	100.0	48688.651	8111.2
58.0982235214212	100.0	48560.374	7808.62
0.137509889992088	2.44385804491356	1477.194	15.644
16.2395670083464	95.246203803037	43474.887	2197.412
4.0657267474186	51.9006184795052	30404.247	413.747
0.614019508784393	10.4747316202147	6307.844	64.831
0.0673499461200431	1.20509903592077	724.047	8.044
3.99421680462656	51.1318390945287	30124.982	414.911
0.741169407064474	12.425570059544	7530.519	76.084
19.3502845197724	97.2467222026222	44611.157	2560.135
0.179949856040115	3.18401745278604	1938.565	19.857
0.304609756312195	5.3137757489794	3223.195	32.637
22.5369419704464	98.434361252511	43759.903	3003.848
21.1319630944295	97.0192023846381	43825.671	2672.995
37.8367997305602	99.8927200858239	47415.607	5666.885
29.4187164650268	99.6862602509918	45471.053	4012.815
4.01747678601857	51.4135388691689	29904.244	400.454
49.8487901209679	99.996220003024	53638.349	6626.549
0.114639908288073	2.04173836660931	1224.406	13.406
29.0024567980346	99.5627803497757	45137.46	3931.796
52.7564077948738	99.99820000144	48357.479	7252.667
44.4411244471004	99.987760009792	46993.44	5910.53
0.12535989971208	2.23127821497743	1347.763	14.547
6.06189515048388	66.3189669448264	36529.733	590.911
0.0644299484560412	1.15181907854474	696.81	7.439
19.6130043095966	97.6184219052625	44204.685	2542.653
22.3875720899423	98.2952213638229	44257.427	3967.579
43.4124252700598	99.958060033552	46718.55	5662.373
8.03100357519714	74.1738006609595	38658.101	745.541
52.8194677444258	99.999460000432	47968.4	7181.18
31.288034969572	99.5579203536637	45094.76	3954.455
23.7611209911032	97.7584617932306	44292.157	3028.489
5.54205556635555	61.8799904960076	34994.93	533.512
28.8324869340105	99.5113003909597	44611.81	3946.471
15.2547177962258	92.9341056527155	42698.944	1310.408
13.3468093225525	87.6142099086321	41623.518	1196.232
60.5436015651187	100.0	48913.893	8289.418
0.470299623760301	8.06453354837316	4869.202	49.326
30.7767753785797	99.4153604677116	45161.34	3973.999
0.176829858536113	3.13541749166601	1912.729	19.712
2.56754794596164	36.8105105515916	22214.805	265.454
58.0486035611172	100.0	48848.557	7843.04
43.9218448625241	99.974080020736	46591.45	5721.584
60.5430215655827	100.0	48830.051	7973.905
0.372529701976238	6.48107481514015	3920.72	39.885
0.394479684416252	6.85205451835639	4138.89	42.43
9.5361323710941	82.776173779061	41572.137	853.376
0.4689296248563	8.04725356219715	4888.29	49.068
