0.211999830400136	0.230039815968147	22.533	4.146
0.0289999768000186	0.0460799631360295	9.28	1.544
8.09299352560518	8.10989351208519	253.087	171.902
3.5979971216023	3.61601710718631	289.036	77.286
0.316999746400203	0.334079732736214	38.79	5.709
0.00399999680000256	0.0219599824320141	4.153	1.201
0.0099999920000064	0.028079977536018	7.184	1.343
8.09299352560518	8.10989351208519	261.392	140.665
0.0929999256000595	0.10997991201607	13.915	2.491
0.211999830400136	0.230039815968147	21.1	4.422
0.474999620000304	0.491939606448315	20.446	8.899
0.0289999768000186	0.0460799631360295	6.348	1.489
0.0289999768000186	0.0458999632800294	5.349	1.613
0.063999948800041	0.0820799343360525	6.914	2.182
0.0429999656000275	0.0601199519040385	5.878	1.777
5.39599568320345	5.41385566891547	181.416	95.276
0.00399999680000256	0.0221399822880142	4.246	1.251
0.474999620000304	0.491939606448315	45.46	8.186
0.00699999440000448	0.0239399808480153	4.18	1.238
3.5979971216023	3.61601710718631	122.924	63.91
0.00699999440000448	0.0239399808480153	6.884	1.173
0.00599999520000384	0.0239399808480153	4.2	1.198
0.316999746400203	0.334079732736214	16.912	5.615
0.141999886400091	0.158039873568101	9.576	3.217
0.473999620800303	0.489959608032314	39.836	8.663
0.0049999960000032	0.0219599824320141	4.169	1.085
0.0189999848000122	0.035999971200023	5.165	1.385
0.00699999440000448	0.0239399808480153	5.009	1.176
0.0939999248000602	0.111959910432072	8.061	2.484
0.013999988800009	0.0320399743680205	4.631	1.288
0.00299999760000192	0.0199799840160128	6.337	1.202
0.00899999280000576	0.0259199792640166	4.772	1.35
0.0629999496000403	0.0799199360640512	11.737	1.946
0.013999988800009	0.0320399743680205	7.726	1.378
0.316999746400203	0.334079732736214	28.227	5.909
0.0049999960000032	0.0221399822880142	10.345	1.284
0.0199999840000128	0.0379799696160243	5.133	1.445
0.00299999760000192	0.0199799840160128	4.217	1.279
0.0049999960000032	0.0219599824320141	4.691	1.264
5.39499568400345	5.41187567049946	419.952	119.348
3.5979971216023	3.61601710718631	117.123	74.122
0.0199999840000128	0.035999971200023	5.771	1.429
0.316999746400203	0.334079732736214	16.629	6.126
0.14099988720009	0.158039873568101	9.378	3.027
0.211999830400136	0.230039815968147	12.799	4.14
0.00399999680000256	0.0199799840160128	4.386	1.136
5.39599568320345	5.41403566877147	384.515	111.653
8.09299352560518	8.11007351194119	635.376	176.469
0.0429999656000275	0.0601199519040385	5.725	1.93
0.013999988800009	0.0320399743680205	5.016	1.482
0.0289999768000186	0.0460799631360295	5.574	1.65
0.0949999240000608	0.111959910432072	11.303	2.41
0.013999988800009	0.0320399743680205	4.618	1.426
0.0099999920000064	0.028079977536018	4.579	1.317
5.39599568320345	5.41385566891547	175.127	113.169
0.063999948800041	0.0799199360640512	9.258	2.149
0.0199999840000128	0.035999971200023	8.174	1.375
0.0099999920000064	0.0278999776800179	4.489	1.348
0.141999886400091	0.158039873568101	15.279	3.054
0.0629999496000403	0.0799199360640512	6.583	2.042
8.09299352560518	8.11007351194119	589.467	164.2
0.474999620000304	0.491939606448315	20.67	8.169
0.711999430400456	0.728099417520466	29.066	12.549
0.0429999656000275	0.0601199519040385	7.45	1.676
0.0429999656000275	0.0599399520480384	10.334	1.7
3.5969971224023	3.61385710891431	263.073	74.294
0.141999886400091	0.160019871984102	17.935	3.124
0.210999831200135	0.227879817696146	12.129	4.074
0.0949999240000608	0.112139910288072	7.99	2.57
