34.0972227222218	37.7452498038002	5522.495	1983.871
6.29470496423603	9.92519205984635	1187.117	342.011
54.1062367150106	57.738193809445	8517.086	3457.502
74.0985807211354	77.7412178070257	11314.869	4418.276
39.099158720673	42.7451058039154	6235.768	2275.582
9.39859248112601	13.0300095759923	1638.931	491.963
59.0988527209178	62.7425498059602	9273.199	3412.881
4.19997664001869	7.82423374061301	879.199	255.771
14.103248717401	17.7299858160113	2464.178	738.587
19.1037547169962	22.7334418132466	3257.818	1138.328
1.30357895713683	4.91309606952314	441.641	91.552
69.0942447246042	72.7365018107986	10543.34	4325.061
44.1000147199882	47.7210218231825	7039.721	2580.837
0.399689680248256	3.36239731008215	263.713	30.381
2.80144775884179	6.44219484624412	669.284	174.742
29.0977967217626	32.747193802245	4716.541	1450.85
0.598909520872383	3.9113968708825	306.759	42.2
0.18767984985612	2.13569829144137	165.298	19.491
0.0996699202640638	1.43153885476892	104.68	11.576
0.298539761168191	2.95541763566589	224.498	27.215
98.6298910960871	99.998380001296	14714.248	5736.871
49.1025507179594	52.7512977989618	7522.943	2998.982
1.90031847974522	5.53103557517154	532.57	127.548
84.0402127678298	87.1062503149997	13089.323	4860.723
24.1035007171994	27.7307778153777	3935.804	1400.864
64.093678725057	67.7382658093874	10063.046	3767.276
94.0767747385802	97.5066419946864	14285.076	5591.79
79.0920967263226	82.749353800517	12428.066	4540.454
89.096298722961	92.7298058161553	13864.267	5324.001
0.899819280144576	4.38821648942681	362.288	66.894
89.098648721081	92.7474458020434	13568.531	5223.406
69.1029947176042	72.7359618112306	10694.997	4259.953
84.0950727239418	87.7333698133042	13045.669	4909.8
49.1042507165994	52.7410378071698	7598.781	2891.155
34.1017027186378	37.7407498074002	5359.632	1958.005
9.40283247773402	13.0314495748403	1679.346	487.065
29.1001367198906	32.751513798789	4601.106	1721.893
19.0931147255082	22.7145418283665	3143.945	972.638
0.401099679120257	3.38219729424216	255.113	30.369
0.894749284200573	4.39883648093082	362.465	60.672
44.0993547205162	47.7332618133905	6915.578	2565.519
