0.00699999440000448	0.0241199807040154	17.38	1.398
37.3109701512239	37.3280101375919	3283.228	1320.942
12.1389902888078	12.1561102751118	1220.945	428.804
0.13999988800009	0.158039873568101	68.731	5.691
0.0099999920000064	0.0259199792640166	18.1	1.768
47.3109621512303	47.3279021376783	4414.813	1681.406
0.00399999680000256	0.0221399822880142	15.522	1.478
0.0289999768000186	0.0460799631360295	35.462	2.352
0.063999948800041	0.0820799343360525	46.735	3.581
0.00299999760000192	0.0199799840160128	13.938	1.22
0.013999988800009	0.0320399743680205	22.032	1.697
57.3109541512367	57.3279741376207	5060.481	2045.675
77.3109381512495	77.3279381376495	7100.159	2696.947
27.3099781520175	27.3259581392335	2587.431	1117.9
0.0949999240000608	0.112139910288072	63.058	4.587
3.5979971216023	3.61385710891431	392.346	128.611
0.0429999656000275	0.0601199519040385	43.497	2.598
87.3109301512559	87.3280101375919	8019.396	2989.772
97.3099221520623	97.3259221392623	9224.348	3244.389
8.09299352560518	8.11007351194119	842.038	285.547
1.59899872080102	1.61603870716903	213.064	56.91
0.710999431200455	0.728099417520466	121.454	25.797
0.473999620800303	0.491939606448315	103.411	15.583
0.211999830400136	0.230039815968147	76.835	8.682
0.0049999960000032	0.0219599824320141	15.704	1.327
0.00199999840000128	0.0199799840160128	13.806	1.298
0.316999746400203	0.333899732880214	89.389	12.5
18.2069854344117	18.2240854207317	1852.128	642.679
2.39899808080154	2.41613806708955	274.324	86.778
67.3099461520431	67.3278661377071	5837.888	2238.755
0.0189999848000122	0.035999971200023	24.515	2.073
1.06699914640068	1.08413913268869	158.78	38.567
5.39599568320345	5.41403566877147	582.426	193.217
