4.20785663371469	34.395092483926	5956.902	320.174
0.492539605968315	7.59185392651686	1580.793	44.453
49.0725407419674	84.8683121053503	12822.012	3286.53
19.0901247279002	55.4505756395395	8735.848	1312.488
53.0484675612259	80.9786952170438	11949.297	3418.04
29.1207267034186	65.5050075959939	10189.45	1999.325
0.192319846144123	3.28949736840211	679.54	18.423
6.12906509674792	37.1964302428558	6072.35	459.798
85.2903717677026	99.989920008064	15711.712	10455.059
91.5600567519546	99.999820000144	15875.543	11660.438
9.32649253880597	43.4741052207158	6940.172	686.583
56.9702844237725	81.8023745581004	12109.841	3583.682
71.5094027924778	94.9126640698687	15202.658	5662.469
0.0996999202400638	1.75103859916912	363.683	9.962
0.391699686640251	6.41645486683611	1320.958	36.815
21.3188029449576	44.9976240019008	6798.523	1443.669
1.19425904459276	15.7577273938181	3184.755	106.163
2.80086775930579	28.4752572197942	5219.92	228.922
66.2777469778024	89.7972481622015	13215.396	4368.184
0.299549760360192	5.01407598873921	1035.178	28.975
60.3113317509346	82.7041738366609	12203.034	3900.239
0.897379282096574	13.1677094658324	2707.561	80.054
38.7878389697288	71.2822829741736	11155.618	2552.03
1.8674385060492	22.1246823002542	4310.325	160.228
43.6402350878119	74.8495201203839	11770.241	2946.974
80.4545156363875	99.3496605202716	15865.738	9454.066
77.5674679460256	99.8187401450079	15383.473	9460.529
88.6711990630407	99.999460000432	15863.664	11155.464
34.0571727542618	69.7789241768607	10717.495	2352.185
14.103438717249	50.2264398188481	7997.292	982.133
33.1364434908452	61.5741707406634	9090.068	2089.536
0.398369681304255	6.53777476978018	1347.205	37.109
63.5837391330087	94.1694446644443	14567.265	5260.822
4.08994672804262	32.6487338810129	5540.212	320.864
0.604259516592387	9.47573241941407	1971.397	55.777
67.5989959208033	93.6370050903959	13772.151	5644.486
84.8870820903343	99.955360035712	15896.946	10289.997
