60.5176515858787	100.0	47841.489	7489.65
0.270669783464173	4.75523619581104	2850.239	25.612
0.0658499473200421	1.17827905737675	710.229	6.501
32.5647539481968	99.8468201225439	45288.657	4228.727
17.3619061104751	93.8828848936921	42890.275	2128.069
33.7706829834536	99.6387402890078	45123.001	4016.215
3.79903696077043	48.9855208115833	28332.92	341.926
46.94151244679	99.992440006048	46751.734	5742.395
52.8585177131858	99.99820000144	46929.728	6549.829
0.728779416976466	12.2441302046958	7304.106	67.104
20.6027735177812	96.3298029361576	43299.351	2415.699
40.2057078354337	99.9076600738719	45798.411	4699.326
58.0371935702451	99.999820000144	48036.04	7245.53
4.99126600698719	57.2262742189806	31511.098	421.139
14.1860786511371	90.0125279899776	41653.325	1115.401
1.08272913381669	17.5991259206993	10422.673	101.485
37.2762501789999	99.8412401270079	45075.493	4403.453
29.3568765144988	99.6805002555998	44685.123	4676.795
11.1591610726711	84.308152553478	40980.965	909.663
26.1117891105687	99.3550605159516	44108.881	3276.58
50.2061398350881	99.997840001728	46629.983	6133.423
0.455079635936291	7.82639373888501	4624.054	54.222
0.403659677072258	7.02305438155649	4248.868	38.695
55.3903956876835	99.99910000072	47481.628	6811.807
1.88876848898521	28.9486568410745	17244.072	173.837
9.0593127525498	80.1712158630273	40255.26	756.835
0.189669848264121	3.35429731656215	1997.57	18.53
2.3495881203295	33.9668728265017	20286.371	211.781
0.110539911568071	1.96703842636926	1188.108	10.894
44.6332642933886	99.992980005616	46434.637	5595.032
0.500909599272321	8.5904931276055	5162.45	47.768
47.4233320613343	99.996040003168	46739.616	5821.249
37.7918197665442	99.8909200872639	45579.253	4668.545
23.1157315074148	97.1799422560462	44117.602	2537.417
0.0678699457040434	1.21499902800078	719.54	6.76
60.5212615829907	100.0	48035.196	9864.932
