0.600999519200385	0.618119505504396	204.154	57.666
19.1009847192122	19.1179647056282	3870.134	2018.913
44.1009647192282	44.1179647056282	8828.765	4754.88
0.400999679200257	0.417959665632267	164.858	38.374
24.1009807192154	24.1180007055994	4759.551	2516.898
14.100988719209	14.118108705513	2785.199	1499.819
49.1009607192314	49.1180007055994	9654.932	4997.019
94.1009247192602	94.1179647056282	18764.773	9932.73
74.1009407192474	74.1180007055994	14646.419	7811.868
6.30099495920403	6.31799494560404	1316.825	643.591
1.90099847920122	1.91789846568123	476.891	210.278
89.100928719257	89.117928705657	17307.839	9107.66
69.1009447192442	69.1179647056282	14091.368	7411.668
4.20099663920269	4.2181166255067	924.578	458.976
79.1009367192506	79.1178567057146	15557.102	8279.993
39.100968719225	39.118108705513	7565.225	4078.928
9.40099247920602	9.41795246563803	1926.393	1002.893
0.200999839200129	0.21797982561614	123.662	19.822
2.80099775920179	2.8180777455378	646.497	299.505
54.1009567192346	54.1178567057146	10452.776	5560.694
99.1009207192634	99.1180007055994	19293.23	10106.395
34.1009727192218	34.1178927056858	6874.511	3651.643
1.30099895920083	1.31795894563284	353.931	141.672
0.900999279200577	0.917999265600588	260.304	90.715
0.300999759200193	0.318059745552204	148.87	28.685
59.1009527192378	59.1180727055418	11768.682	6101.17
64.100948719241	64.117928705657	12838.375	6741.081
84.1009327192538	84.1180727055418	16770.6	8720.996
29.1009767192186	29.1178567057146	5899.786	3264.374
0.100999919200065	0.118079905536076	93.794	10.633
