0.000919999264000589	0.0165599867520106	11.695	1.085
0.00204999836000131	0.0368999704800236	24.746	1.566
0.00245999803200157	0.0442799645760283	29.041	1.861
0.00322999741600207	0.0575999539200369	75.476	2.899
0.0063999948800041	0.114119908704073	153.916	5.457
0.00911999270400584	0.162359870112104	239.116	8.604
0.012469990024008	0.217799825760139	311.397	10.511
0.0193899844880124	0.332639733888213	439.222	20.166
0.0282199774240181	0.475019619984304	540.759	28.583
0.0425799659360273	0.691379446896442	671.931	40.994
0.0627899497680402	0.979559216352627	728.879	56.222
0.0943699245040604	1.37753889796888	797.645	55.922
0.143599885120092	1.88801848958521	855.093	83.638
0.210419831664135	2.42657805873755	798.614	95.307
0.3121797502562	2.99699760240192	829.362	107.02
0.473999620800303	3.5893771284983	854.808	123.292
0.710009431992454	4.12379670096264	978.617	121.917
1.06766914586468	4.62005630395496	994.51	179.225
1.59595872323302	5.21801582558734	1080.698	239.93
2.39729808216153	6.04529516376387	1312.707	332.387
3.6012671189863	7.25291419766864	1582.236	479.332
5.39141568686745	9.03005277595778	1992.845	729.485
8.09485352411718	11.7313106149515	2643.431	1142.37
12.1359302912558	15.7899473680421	3494.699	1748.924
18.2063254349397	21.841542526766	4835.49	2661.893
27.3098481521215	30.9675352259718	6916.473	3894.262
37.3146201483039	40.9571672342662	8988.694	5388.507
47.3103821516943	50.9449992440006	10978.438	6672.379
57.3099841520127	60.957851233719	13482.668	8613.199
67.3080361535711	70.9431632454694	15199.677	9500.159
77.3105381515695	80.9407152474278	17667.297	11433.829
87.3083201533439	90.9337672529862	19934.497	15475.109
97.2175722259422	99.8826400938879	22237.943	18181.919
