6.29835496131603	6.66323466941226	564.947	158.493
29.0989667208266	29.4611164311069	1641.966	844.064
59.0997427202058	59.4640324287741	2887.515	1458.699
24.0986107211114	24.4655804275357	1435.428	702.333
1.89972848021722	2.26727818617745	205.347	57.085
0.401039679168257	0.766439386848491	74.746	12.855
99.0985807211354	99.4654004276797	4147.045	3164.209
69.1003147197482	69.4641044287165	3264.28	1849.004
1.30015895987283	1.66535866771307	150.977	40.805
79.0978967216826	79.4611164311069	3705.167	2138.459
64.099848720121	64.4601084319133	3104.098	1746.121
94.1000847199322	94.4653644277085	4310.725	2843.737
74.0990407207674	74.4574804340157	4110.176	1828.961
89.101478718817	89.4710884231293	4089.527	2257.564
19.1009347192522	19.4673444261245	1230.739	554.855
0.600169519864384	0.964619228304617	95.135	20.314
9.39968248025402	9.76409218872625	802.512	263.699
0.200309839752128	0.570599543520365	58.828	9.01
14.099928720057	14.4604684316253	1027.007	415.715
0.900099279920576	1.2518989984808	118.811	27.139
0.0995999203200637	0.456119635104292	51.23	5.529
39.100748719401	39.4593884324893	2041.081	1133.317
49.1000907199274	49.4639604288317	2444.462	1296.309
44.0992147206282	44.4639244288605	2275.495	1251.168
4.19836664130669	4.56137635089892	380.099	127.442
2.79875776099379	3.16727746617803	272.155	85.885
84.0997727201818	84.4642124286301	3899.332	2335.634
0.298599761120191	0.666899466480427	67.748	11.568
54.0994867204106	54.4625564299549	3214.57	1381.398
34.0993627205098	34.4636724290621	1848.375	987.286
