32.5567939545648	99.8408801272959	14034.152	4633.617
0.128879896896082	2.29391816486547	3902.431	144.269
49.6634702692238	99.995320003744	15593.168	6310.045
0.237049810360152	4.18193665445068	6562.603	266.72
16.3398869280905	95.4285436571651	12580.533	2922.207
30.0724359420512	99.1961206431035	13830.139	4078.348
0.110299911760071	1.96613842708926	3352.111	127.947
4.16431666854667	52.8960176831859	17062.42	2173.163
58.0982235214212	100.0	17369.818	7444.595
0.887249290200568	14.8060681551455	14972.088	928.204
22.4362020510384	98.367041306367	12232.859	3370.588
38.4956092035126	99.942940045648	13917.715	4623.169
38.3664193068646	99.93070005544	14017.868	5218.329
60.5420315663747	100.0	18092.879	7638.924
0.404419676464259	7.02017438386049	9903.947	453.218
0.882449294040565	14.7101282318974	14538.557	976.268
1.28670897063282	20.7538033969573	16557.36	1017.307
0.0627999497600402	1.12319910144072	1970.232	70.381
2.71834782532174	38.7213890228888	17440.749	1761.403
3.70594703524237	47.9474616420307	15817.668	1886.831
2.08188833448933	30.5369755704195	15531.403	1778.38
60.5430215655827	100.0	17472.562	7522.22
12.427440058048	89.2147686281851	11625.776	2403.709
60.5434615652307	100.0	18448.8	7636.592
55.3664057068754	99.999460000432	18531.766	7702.876
1.80538855568916	27.7545377963698	16787.257	1523.151
33.9372428502057	99.6742002606398	13390.345	4237.336
1.7144186284651	26.4569188344649	16557.862	1413.765
0.196999842400126	3.48227721417823	5618.698	219.756
40.57533753973	99.927820057744	14330.849	5028.753
0.162249870200104	2.87459770032184	4747.714	182.98
55.4929856056115	100.0	16467.008	7191.85
0.586389530888375	10.0218519825184	12318.589	646.665
46.7182026254379	99.985780011376	16368.041	5861.363
58.0976935218452	100.0	17353.663	7402.932
0.0494899604080317	0.885779291376567	1554.944	55.48
1.88957848833721	28.9729568216345	17030.637	1590.19
43.5194651844279	99.961840030528	15955.942	5430.79
0.376429698856241	6.54821476142819	9265.444	415.455
26.1450290839767	99.3518205185436	13194.488	4073.473
52.7487178010258	99.99820000144	17440.513	7222.101
47.4871520102784	99.99640000288	15728.689	5868.392
0.204089836728131	3.60917711265831	5904.68	234.24
0.20280983775213	3.57659713872229	5788.133	224.744
0.123149901480079	2.1887982489614	3735.948	139.665
34.2855325715739	99.7368402105278	13491.859	4365.436
0.794539364368508	13.3244893404085	13924.82	891.193
41.6446666842667	99.978940016848	14724.459	5486.748
0.601469518824385	10.2742117806306	12549.36	669.133
19.6591842726526	97.6263418989265	12703.681	2899.502
5.37304570156344	60.5335915731267	11735.753	2018.017
22.0953623237101	98.0538415569268	12851.707	3172.627
44.3393945284844	99.984160012672	14941.656	5561.129
16.3401369278905	95.4355636515491	12951.749	2814.288
0.229339816528147	4.03721677022658	6314.589	253.378
21.876882498494	97.8117417506066	12631.656	3323.615
8.62347310122152	77.5936179251057	11386.932	2285.004
0.254949796040163	4.49207640633887	7104.287	280.712
58.0861235311012	100.0	16998.623	7193.474
38.5099991920006	99.94780004176	15159.409	4920.283
14.3475185219852	90.4594676324259	12070.6	2567.575
1.29657896273683	20.8891632886694	16530.294	1206.697
38.3581093135125	99.930160055872	14087.13	5161.664
30.3806256954994	99.2981805614556	13177.813	4501.137
0.451999638400289	7.77383378093297	10154.265	626.098
5.37304570156344	60.5335915731267	11758.451	1944.128
12.481680014656	89.4323884540892	11800.381	2546.814
58.0926735258612	100.0	17765.236	7442.795
3.19032744773804	42.3167061466351	15501.752	1770.73
27.3816880946495	98.8751808998553	12932.981	4170.794
12.3262801389759	88.8745689003449	12156.574	2553.3
27.9796676162659	99.1574206740635	13823.103	3732.859
31.3336649330681	99.5717803425757	13393.922	4660.42
6.27041498366801	68.0534455572435	11895.334	2127.214
34.4996024003181	99.7724801820159	13639.849	4410.768
12.8875896899282	90.8869672904262	12737.202	2393.657
28.9851168119066	99.5566603546717	13050.385	3951.907
44.5678643457085	99.990640007488	15702.287	6157.597
23.3493213205429	97.3975620819503	14121.029	3549.437
7.6625238699809	71.875202499838	12344.839	2434.033
40.5320575743539	99.924760060192	14278.742	5286.092
35.0872319302145	99.8531201175039	14737.732	4566.494
1.13546909162473	18.4161452670838	15331.626	1143.225
1.02519917984066	16.7450266039787	14687.487	998.581
0.480949615240308	8.26289338968529	10586.448	533.772
43.76522498782	99.967960025632	14740.738	6043.208
52.8670777063378	99.99910000072	17044.05	6516.485
28.118607505114	99.2288806168955	13024.732	4229.316
19.5850643319485	97.5721619422704	12367.533	3141.991
49.8160001471999	99.996220003024	16968.021	6133.752
50.2128698297041	99.997120002304	16405.412	6125.87
25.5160995871203	99.0197207842234	12596.258	3613.381
55.5602855517716	99.999820000144	16625.659	6966.511
8.41592326726139	76.3494589204329	11591.291	1882.374
0.176409858872113	3.122457502034	5070.071	196.064
0.404989676008259	7.0325943739245	10147.123	452.874
0.0555399555680355	0.994679204256637	1739.345	62.707
26.2094590324328	99.3872804901756	12941.418	3344.464
16.3378169297465	95.4296236563011	13128.323	2916.498
55.5713455429236	99.999640000288	17059.345	7070.229
60.5430215655827	100.0	17736.099	8032.991
47.4835820131344	99.996760002592	15491.055	6322.072
2.85346771722583	40.4151876678499	17401.684	1940.054
0.10966991226407	1.95083843932925	3309.934	123.548
0.660999471200423	11.1169711064231	12487.066	658.706
47.2940921647263	99.993880004896	16183.812	5659.08
49.6513502789198	99.995320003744	15416.142	6276.149
52.8809276952578	99.999640000288	16047.92	6552.496
0.399149680680255	6.94115444707644	9886.596	383.936
52.9604476316419	99.998740001008	16142.946	6718.001
2.85561771550583	40.4324676540259	17415.183	2096.266
7.79466376426899	72.7608017913586	13113.874	2230.889
18.3759752992198	95.7379634096293	12180.739	3313.909
6.29643496285203	68.2293054165557	16898.967	2581.039
18.8830748935401	96.5486827610538	12548.259	2965.536
21.9675924259261	97.9089416728467	12518.852	3262.577
40.3841176927058	99.9188200649439	14224.203	5663.094
0.0598599521120383	1.07315914147269	1865.364	69.152
1.82960853631317	28.085377531698	16654.967	1384.998
4.10697671441863	52.3725781019375	16641.234	1919.03
