0.100919919264065	1.45241883806493	692.3	13.276
1.29981896014483	4.90589607528314	821.643	67.571
34.1036527170778	37.7317498146001	3292.217	900.274
6.29293496565203	9.92429206056635	1174.169	213.238
39.084698732241	42.6282858973713	3504.987	1125.604
74.0990207207834	77.7572377942098	6365.592	1819.22
1.89782848173721	5.52131558294753	873.199	85.988
69.0953647237082	72.7230018215985	5715.125	1737.711
59.0928927256858	62.7283298173361	5054.677	1655.051
0.199749840200128	2.32793813764949	895.805	21.273
93.8708249033401	96.3229629416296	7684.96	4938.379
98.6703310637351	100.0	7155.657	5124.548
9.40363247709402	13.0424295660563	1398.877	334.14
24.0973707221034	27.7449978040018	2551.999	733.291
14.102898717681	17.7487058010354	1821.207	531.909
84.0977727217818	87.7429098056722	6722.316	2324.043
49.0988707209034	52.7307778153777	4452.779	1345.662
0.397969681624255	3.36311730950615	787.986	33.473
89.066938746449	92.3447861241711	6965.421	5223.769
64.102988717609	67.7533857972914	5356.466	1625.238
79.0997367202106	82.7425138059889	6764.821	2236.199
44.1021047183162	47.7474818020146	4004.373	1280.473
2.80399775680179	6.44543484365212	940.369	141.936
4.19970664023469	7.83179373456501	1034.587	152.167
0.902439278048578	4.42349646120283	781.241	54.494
0.299919760064192	2.94407764473788	813.899	29.194
0.596759522592382	3.89537688369849	758.064	41.806
19.1066247147002	22.7608017913586	2178.485	549.689
54.1007467194026	57.7225338219729	4605.776	1366.712
28.9010568791545	31.4405748475401	2634.35	822.546
