0.000839999328000538	0.0151199879040097	3.47	1.376
0.00201999838400129	0.0361799710560232	5.715	1.531
0.00305999755200196	0.0550799559360352	7.918	1.716
0.00322999741600207	0.0581399534880372	7.771	1.943
0.00340999727200218	0.0611999510400392	9.032	1.905
0.00845999323200541	0.151739878608097	18.093	2.964
0.0121599902720078	0.21869982504014	24.599	3.436
0.0147299882160094	0.264059788752169	28.163	3.831
0.0253799796960162	0.45359963712029	48.288	5.191
0.0404599676320259	0.720179423856461	72.262	7.528
0.0451399638880289	0.799919360064512	77.993	8.017
0.0645399483680413	1.13111909510472	109.409	10.402
0.136859890512088	2.38535809171353	206.702	19.702
0.167809865752107	2.79143776684979	253.119	23.301
0.207329834136133	3.54293716565027	311.625	28.378
0.474809620152304	7.6566538746769	624.773	57.893
0.643169485464412	8.94401284478972	676.143	68.642
0.697609441912446	10.5953315237348	866.737	84.279
1.07553913956869	13.1837294530164	966.609	159.904
1.69617864305709	17.5184859852112	1191.593	198.416
3.27154738276209	27.6323178941457	1936.699	385.02
5.39357568513945	37.6599298720561	2722.728	567.117
6.59742472206022	30.6231955014436	2142.945	426.796
11.2878709697032	39.6064483148414	2694.749	624.897
18.1063155149476	52.8578577137138	3613.137	720.225
27.3032681573855	63.6711690630648	4376.433	1049.658
37.2278902176878	72.4153820676944	5370.254	1243.689
46.6816326546939	76.7717385826091	5917.144	1162.633
57.1721242623006	91.3529869176105	6798.608	1414.596
66.8760764991388	97.3878420897263	7023.521	1571.925
74.8263301389359	97.5154619876304	6787.377	1628.253
83.7753429797256	99.942220046224	7520.162	1944.523
90.584417532466	99.999820000144	6565.754	1650.787
