19.0979247216602	19.4572644341885	2248.161	797.756
0.099999920000064	0.456839634528292	30.959	5.095
0.600609519512384	0.962639229888616	91.143	25.87
4.19954664036269	4.56497634801892	493.904	170.568
34.1022027182378	34.4624124300701	3819.158	1718.211
0.201059839152129	0.566459546832363	44.993	9.725
89.058998752801	89.2916285666971	10263.522	3771.77
29.1004767196186	29.4666964266429	3359.724	1220.992
74.0991707206634	74.4688204249437	8240.739	3008.967
6.29847496122003	6.66215467027626	740.426	329.866
54.0997167202266	54.4648964280829	6053.237	2248.308
79.0998167201466	79.4609364312509	8776.74	3249.33
94.0997047202362	94.4659044272765	10782.472	6971.718
49.1003007197594	49.4636004291197	5634.398	2029.185
24.0996107203114	24.4706204235037	2737.38	983.917
0.300609759512192	0.662039470368424	55.119	12.49
59.1007927193658	59.4622324302141	6557.965	2461.575
1.30218895824883	1.66553866756907	174.833	54.581
2.80038775968979	3.16691746646603	356.13	119.383
1.90048847960922	2.26169819064145	245.635	79.313
0.399109680712255	0.76625938699249	69.353	16.854
84.0999927200058	84.4584524332381	9345.213	3506.049
64.098748721001	64.4646084283133	7180.086	2722.39
39.099358720513	39.4604684316253	4420.61	1615.458
69.0993947204842	69.4646444282845	7810.588	2805.319
99.0910407271674	99.3784604972316	11285.239	10898.435
44.0996447202842	44.4614044308765	4994.552	1831.189
0.900419279664576	1.26629898696081	127.338	35.887
14.099828720137	14.4633484293213	1576.861	665.244
9.39944248044602	9.75995219203825	1074.123	385.885
0.401089679128257	0.768599385120492	68.915	17.755
89.099578720337	89.4651484278813	10168.743	3662.937
84.0991727206618	84.4696124243101	9607.384	3436.847
0.900459279632576	1.26521898782481	125.931	36.674
6.30014495988403	6.66539466768427	741.055	291.145
54.0996667202666	54.4596764322589	6177.787	2269.726
29.1001967198426	29.4638164289469	3276.607	1188.706
