66.5794167364666	95.5471635622691	5280.96	1589.093
0.114449908440073	1.98305841355327	5137.854	1425.434
0.561099551120359	8.40455327635738	5607.389	1460.942
3.49864720108224	22.6461418830865	5110.621	1034.512
74.5497703601837	97.0046223963021	5736.802	1350.244
3.5951071239143	32.0772343382125	5617.051	1478.747
0.00262999789600168	0.0473399621280303	5536.843	1448.253
0.0277899777680178	0.497879601696319	5186.056	1503.657
0.0165799867360106	0.29753976196819	5744.6	1245.499
0.410099671920262	6.55001475998819	5673.022	1136.58
0.00146999882400094	0.0264599788320169	5183.058	1437.121
12.1172903061678	47.5343619725104	5583.199	1465.538
57.2054742356206	91.7720265823787	5431.93	1603.476
0.00486999610400312	0.087479930016056	5565.496	1449.209
1.01428918856865	12.492530005976	5094.593	1467.308
0.0490099607920314	0.860939311248551	5546.477	1451.577
1.05555915555268	14.8850880919295	5154.398	1461.419
0.210519831584135	3.60431711654631	5616.719	2050.026
17.2791661766671	45.6900834479332	5269.651	1491.726
0.0377199698240241	0.670139463888429	5635.355	1066.908
47.2808121753503	83.1973734421013	5240.196	1563.318
34.9316220547024	59.2894325684539	5790.006	1362.177
2.39747808201753	25.9982792013766	5557.502	1459.676
90.557657553874	99.999820000144	5749.372	1611.481
0.00121999902400078	0.0217799825760139	5587.625	1033.736
0.0618699505040396	1.0970991223207	5706.827	1376.709
25.9541692366646	52.8225777419378	5702.122	1438.611
0.264789788168169	4.39289648568281	5185.433	1488.893
8.08645353083718	42.7721057823154	5175.802	1439.208
0.0126999898400081	0.227159818272145	5589.194	1482.211
84.1193827044938	99.992440006048	5299.678	1144.264
0.00907999273600581	0.163079869536104	5134.335	1412.705
0.0039099968720025	0.070379943696045	5144.209	1185.311
