9.40099247920602	9.41795246563803	1843.316	1027.745
0.200999839200129	0.21797982561614	110.882	20.348
59.1009527192378	59.1178927056858	11005.98	6408.818
19.1009847192122	19.1179647056282	3573.48	2075.087
0.300999759200193	0.318059745552204	140.04	27.924
69.1009447192442	69.1177847057722	12733.543	7148.336
44.1009647192282	44.1179647056282	8002.56	4451.289
94.1009247192602	94.1179647056282	16747.999	9282.404
4.20099663920269	4.2181166255067	867.165	455.198
84.1009327192538	84.1180727055418	15318.785	8716.704
74.1009407192474	74.1178207057434	13349.055	7351.233
54.1009567192346	54.1180367055706	10105.309	5811.67
79.1009367192506	79.1180367055706	14727.249	8138.268
1.90099847920122	1.91807846553723	440.028	202.396
49.1009607192314	49.1180007055994	9138.598	5348.138
0.100999919200065	0.117899905680075	85.235	10.59
34.1009727192218	34.1178927056858	6299.376	3660.732
29.1009767192186	29.1180367055706	5552.311	3065.28
14.100988719209	14.118108705513	2653.439	1493.269
6.30099495920403	6.31799494560404	1231.325	635.006
0.600999519200385	0.617939505648396	189.225	59.492
0.400999679200257	0.417959665632267	159.7	35.968
39.100968719225	39.117928705657	7425.249	4271.374
24.1009807192154	24.1180007055994	4464.202	2555.172
99.1009207192634	99.1178207057434	18019.354	10508.052
2.80099775920179	2.8180777455378	607.776	301.662
64.100948719241	64.117928705657	11947.632	6790.654
89.100928719257	89.117928705657	16806.427	9550.871
1.30099895920083	1.31795894563284	328.758	141.755
0.900999279200577	0.917999265600588	241.824	90.945
