3.09066752746598	39.2837085730331	3031.05	1952.89
0.570509543592365	9.55403235677412	3063.793	1944.884
6.33679493056406	55.6789954568036	3118.105	1970.618
0.0199599840320128	0.358559713152229	3044.349	1900.853
0.00616999506400395	0.111059911152071	3394.583	2064.456
0.00980999215200628	0.176579858736113	3073.374	1906.638
0.00118999904800076	0.0214199828640137	3099.315	1925.768
0.824179340656527	13.2893893684885	3119.526	1961.271
1.65738867408906	23.435621251503	3130.181	1955.707
0.104359916512067	1.84607852313718	3088.498	1951.916
1.28427897257682	19.6597642721886	3386.74	2065.743
0.155459875632099	2.73419781264175	3365.646	2022.641
0.0504799596160323	0.903599277120578	3038.002	1912.24
0.0104499916400067	0.18791984966412	3087.914	1905.562
0.00123999900800079	0.0223199821440143	3115.706	1952.756
0.00038999968800025	0.00701999438400449	2998.626	1929.182
0.150089879928096	2.64203788636969	3491.511	2043.178
0.118949904840076	2.11175831059335	3431.89	2040.495
0.0251799798560161	0.452339638128289	3020.624	1948.23
9.63199229440616	65.2229478216417	3177.762	1988.602
0.000619999504000397	0.0111599910720071	3052.75	1913.308
0.00246999802400158	0.0444599644320285	3383.776	2039.196
0.00248999800800159	0.0448199641440287	3399.398	2017.721
3.15379747696202	40.0969479224417	3078.639	1917.987
6.54861476110819	57.5329939736048	3485.986	2046.335
0.00641999486400411	0.115379907696074	3453.532	2006.498
1.35695891443287	20.7995233603813	3373.623	2062.581
7.39110408711673	66.1648870680904	3427.593	2071.026
0.0363699709040233	0.651779478576417	3400.642	2088.681
0.0389599688320249	0.698399441280447	3435.052	2055.724
0.00341999726400219	0.0615599507520394	3065.74	1930.882
4.2253066197547	45.6902634477892	3454.886	2052.269
0.379879696096243	6.39053488757209	3039.956	1924.654
0.00456999634400292	0.0822599341920526	3467.317	2014.939
0.0308599753120198	0.552779557776354	3099.094	1927.566
0.010969991224007	0.197099842320126	3069.634	1940.517
0.00418999664800268	0.0754199396640483	3397.366	2088.718
0.00060999951200039	0.010979991216007	3030.322	1934.169
0.0449099640720287	0.803519357184514	3163.282	1941.701
0.0688799448960441	1.22813901748879	3065.744	1911.537
0.00502999597600322	0.0905399275680579	3369.3	2041.388
0.00648999480800415	0.116819906544075	3038.171	1906.658
0.0104099916720067	0.18683985052812	3053.157	1922.263
0.413309669352265	7.08551433158854	3400.363	2038.422
2.16689826648139	30.8228153417477	3409.22	2094.595
0.111589910728071	1.98269841384127	3085.995	1920.075
0.000779999376000499	0.014039988768009	3376.68	2035.152
0.00107999913600069	0.0194399844480124	3468.821	2020.665
0.00313999748800201	0.0565199547840362	3059.092	1939.607
0.0145799883360093	0.262079790336168	3099.464	1957.189
0.000949999240000608	0.0170999863200109	3515.126	2056.74
0.0211899830480136	0.380699695440244	3420.818	2060.567
1.63890868887305	23.2210614231509	3044.302	1959.11
0.0506799594560324	0.90611927510458	3371.304	2043.94
0.00257999793600165	0.0464399628480297	3420.961	2024.193
1.89922848061722	26.8361785310572	3409.315	2052.871
0.17145986283211	2.99087760729791	3417.052	2130.99
4.72120622303502	51.500478799617	3135.428	1942.197
5.83637533089974	51.481758814593	3394.296	2044.12
0.0723499421200463	1.28915896867283	3368.435	2061.147
8.85273291781367	60.2812317750146	3434.532	2110.95
0.00238999808800153	0.0430199655840275	3072.088	1983.687
0.269309784552172	4.691876246499	3151.017	1943.601
0.115489907608074	2.05163835868931	3429.709	2105.504
0.170619863504109	2.9757576193939	3372.57	2039.647
2.64452788437769	33.4488332409334	3416.835	2086.097
0.0345099723920221	0.617579505936395	3410.727	2060.873
0.376779698576241	6.43751484998812	3131.051	1913.655
4.45693643445085	48.2702013838389	3424.026	2013.763
0.887269290184568	14.3081885534492	3093.572	1936.768
4.07598673921061	44.1264246988602	3432.15	2050.961
0.0270799783360173	0.485459611632311	3129.117	1975.559
0.0808799352960518	1.44143884684892	3087.927	1947.695
0.404459676432259	6.93773444981244	3086.9	1911.705
0.18775984979212	3.30785735371412	3019.912	1930.029
0.957879233696613	15.4940276047779	3036.434	1921.417
0.00466999626400299	0.0840599327520538	3498.016	2076.99
0.0146399882880094	0.263159789472168	3379.093	2082.364
0.317279746176203	5.44391564486748	3049.751	1935.257
0.0780199375840499	1.39319888544089	3058.775	1934.095
1.01745918603265	15.559727552218	3376.422	2035.834
0.954189236648611	15.4144676684259	3061.491	1914.772
0.0084399932480054	0.151559878752097	3383.302	2076.606
0.00306999754400196	0.0552599557920354	3398.562	2029.496
0.489559608352313	8.17793345765323	3086.89	1934.388
1.18417905265676	18.0601055519156	3056.681	1923.497
3.23997740801807	41.3387669289865	3384.695	2112.372
0.00210999831200135	0.0379799696160243	3215.897	1924.578
0.113839908928073	2.00537839569728	3113.584	1928.402
0.584129532696374	9.75491219607024	3100.176	1949.273
0.00689999448000442	0.124019900784079	3408.462	2049.647
0.00988999208800633	0.177839857728114	3017.25	1951.498
0.179869856104115	3.13793748965001	3410.08	2055.292
0.0227799817760146	0.409139672688262	3421.195	2044.883
