1.70194863844109	26.2598189921448	3700.962	2347.141
4.20650663479469	53.4698572241142	3392.623	2269.743
0.192009846392123	3.39803728157017	3370.806	2181.603
23.1358614913108	97.1887622489902	3479.676	2314.814
58.0948535241172	100.0	3489.913	2391.396
8.95509283592573	79.5624563500349	3812.038	2361.813
26.635158691873	98.491781206575	3817.346	2388.474
47.2796121763103	99.99370000504	3467.547	2374.426
44.6354042916766	99.990820007344	3814.888	2495.835
22.8416117267106	98.7268610185112	3405.733	2313.604
5.75988539209169	63.7582889933688	3427.791	2248.369
33.5518531585175	99.6032803173757	3534.419	2311.985
38.3671893062486	99.932860053712	3525.551	2361.311
52.8663177069458	99.999640000288	3897.339	2557.35
0.379449696440243	6.59717472226022	3413.913	2257.857
30.6382754893796	99.3818804944956	3811.956	2425.354
0.954119236704611	15.587807529754	3377.825	2201.46
55.5559155552676	99.999460000432	3507.286	2355.572
0.60946951242439	10.4137116690307	3782.291	2315.576
19.6680642655486	97.6771018583185	3791.584	2377.507
16.3143969484824	95.4200836639331	3707.729	2399.787
0.129719896224083	2.30903815276948	3379.436	2254.226
41.7087366330107	99.983620013104	3836.139	2477.187
60.5436715650627	100.0	3504.877	2380.275
2.6499578800337	37.8433497253202	3795.246	2317.865
0.272719781824175	4.79429616456307	3367.565	2260.92
0.881989294408564	14.6966282426974	3685.589	2340.328
10.4944116044707	81.4994348004522	3371.402	2257.421
49.937140050288	99.996940002448	3455.757	2381.108
0.0569699544240365	1.01987918409665	3701.578	2297.783
2.85444771644183	40.4517276386179	3377.845	2268.099
4.11149671080263	52.2856381714895	4138.152	2242.976
22.8370317303746	98.7211010231192	3819.31	2406.795
35.3740717007426	99.8887600889919	3450.581	2382.883
50.2538397969282	99.998020001584	3790.851	2440.736
30.2878057697554	99.2648805880955	3482.464	2352.113
58.0962735229812	100.0	3881.284	2503.046
8.19282344574124	75.0890999287201	3665.74	2399.932
0.0664999468000426	1.19105904715276	3401.018	2193.032
0.182699853840117	3.23189741448207	4412.325	2317.48
26.0150091879926	99.2967405626076	3782.054	2440.564
0.850019319984544	14.1964086428731	3370.702	2265.458
55.5732755413796	99.999640000288	3536.945	2421.174
11.5172607861914	85.7099914320069	3398.575	2272.404
52.8471177223058	99.998920000864	3824.842	2470.573
18.5078151937478	95.9636832290534	3494.606	2353.247
47.3032121574303	99.99370000504	3880.53	2562
0.407429674056261	7.07489434008453	3803.828	2315.684
60.5430215655827	100.0	3582.968	2360.252
16.0236071811143	94.7999841600127	3409.022	2269.583
