87.2846001723199	90.558467553226	31628.648	4215.407
67.3136261490991	70.9377632497894	25069.675	2987.537
0.0280099775920179	0.475199619840304	285.928	2.97
57.3105641515487	60.958211233431	21554.19	2637.826
0.00569999544000365	0.100979919216065	62.92	1.4
0.0949099240720607	1.36817890545688	822.325	7.778
0.00400999679200257	0.0721799422560462	46.387	1.257
0.209469832424134	2.42891805686555	1353.887	14.968
87.3110101511919	90.9483472413222	32229.066	4240.347
87.3062801549759	90.9224272620582	31782.993	4135.726
0.139579888336089	1.84607852313718	1072.731	11.52
12.1359802912158	15.7708673833061	5968.716	542.107
0.028149977480018	0.477359618112305	289.479	2.932
0.316919746464203	3.03281757374594	1559.709	21.308
0.0417199666240267	0.683279453376437	414.929	3.906
0.477389618088306	3.60935711251431	1753.489	29.693
0.0944499244400605	1.36709890632087	823.02	7.645
27.3085081531935	30.9453952436838	11288.32	1182.562
0.0128799896960082	0.225899819280145	139.894	1.726
27.3090581527535	30.9678952256838	11332.511	1211.041
0.00604999516000387	0.107999913600069	67.737	1.413
0.00901999278400577	0.159479872416102	97.56	1.716
47.3149921480063	50.9498592401126	18241.593	2125.366
57.3117941505647	60.961451230839	21402.668	2598.078
0.636249491000407	3.31919734464212	1490.773	33.291
0.474949620040304	3.5987371210103	1755.152	28.457
3.5949071240743	7.23473421221263	3004.949	167.959
0.0634599492320406	0.975599219520624	593.978	5.369
47.3099821520143	50.9543592365126	17994.374	2038.445
0.00399999680000256	0.0714599428320457	45.198	1.292
27.3182281454175	30.9495352403718	11200.638	1234.895
0.0417999665600268	0.684539452368438	418.095	3.888
0.0197299842160126	0.339839728128217	208.196	2.396
0.210089831928134	2.41145807083354	1360.509	15.401
5.39962568029946	9.03779276976578	3657.2	246.565
0.00616999506400395	0.10943991244807	68.356	1.363
3.5932471254023	7.24193420645264	3023.186	175.543
0.477529617976306	3.6016171187063	1762.381	28.339
0.00949999240000608	0.166319866944106	103.312	1.587
8.08237353410117	11.7100706319435	4610.924	377.899
0.0194099844720124	0.334079732736214	202.614	2.066
0.0185399851680119	0.323999740800207	194.562	2.176
97.2217322226142	99.8970400823679	34526.23	8271.894
57.3046141563087	60.929591256327	21512.043	2477.553
87.3125501499599	90.9496072403142	32364.199	4293.615
0.0128899896880083	0.224459820432144	136.705	1.769
3.5976971218423	7.21925422459662	3040.097	171.862
0.211979830416136	2.42045806363355	1352.689	15.208
0.00917999265600588	0.161099871120103	100.987	1.822
0.0136299890960087	0.238319809344153	147.192	2.012
12.1368902904878	15.7606073915141	5885.189	551.15
0.0633899492880406	0.977579217936626	598.404	5.59
0.0123399901280079	0.217619825904139	134.674	1.996
97.1741122607102	99.7532201974238	34390.203	8477.292
0.0420599663520269	0.682019454384436	414.073	4.026
0.028169977464018	0.472499622000302	286.254	3.091
18.2070254343797	21.847302522158	8068.385	832.343
0.470469623624301	3.5980171215863	1797.073	27.271
37.3171401462879	40.9537472370022	14612.246	1663.067
67.2746561802751	70.4809236152611	24692.721	3067.68
0.269269784584172	2.42243806204955	1233.189	17.059
8.09264352588518	11.7264506188395	4549.438	363.929
5.38972568821945	9.04085276731779	3625.62	246.916
0.0938899248880601	1.36133891092887	812.036	8.046
37.3097901521679	40.9483472413222	14702.897	1688.57
27.3092681525855	30.9480952415238	11175.514	1227.821
47.3087421530063	50.9581392334886	18331.576	2074.296
5.39832568133945	9.02645277883778	3638.487	254.009
77.3045481563615	80.8586353130918	28485.899	3448.047
0.14015988787209	1.84373852500918	1069.749	11.321
67.3137761489791	70.9501832398534	24829.667	2968.541
0.0631499494800404	0.979559216352627	587.906	5.8
77.3100681519455	80.9392752485798	28438.962	3544.389
0.319259744592204	3.02795757763394	1574.78	21.107
3.5949471240423	7.23977420818063	3001.045	166.559
18.2115354307717	21.84766252187	8192.508	797.35
5.39850568119545	9.03365277307778	3656.494	250.921
0.00948999240800607	0.167759865792107	102.684	1.615
0.00566999546400363	0.101159919072065	63.244	1.407
18.2032654373876	21.847482522014	8023.746	822.613
37.3147801481759	40.9501472398822	14674.983	1688.692
77.3119981504015	80.9428752456998	28421.264	3544.472
37.3100001519999	40.9586072331142	14726.537	1746.056
0.00391999686400251	0.0696599442720446	44.883	1.285
0.3122197502242	3.00401759678592	1554.22	20.663
0.14102988717609	1.85903851276919	1090.843	10.803
0.14087988729609	1.85219851824119	1087.896	10.339
67.3070761543391	70.9253432597254	24751.126	3000.913
18.2075454339637	21.86656250675	8092.78	789.859
47.3069821544143	50.9620992303206	18068.297	2207.384
8.09665352267718	11.7253706197035	4575.464	370.005
12.1332302934158	15.7436874050501	5989.632	551.769
8.08975352819718	11.7406706074635	4615.907	370.374
96.95751243399	99.2125006299995	34685.697	8462.064
97.2143122285502	99.8723801020959	35053.775	8327.738
0.042269966184027	0.688499449200441	417.487	4.236
0.06246995002404	0.978119217504626	585.392	5.819
0.208369833304133	2.41091807126554	1363.693	14.859
0.0275799779360177	0.467639625888299	292.857	2.98
57.3161241471007	60.948851240919	21561.796	2600.665
0.0189299848560121	0.327239738208209	203.009	2.2
0.0741699406640475	1.04849916120067	625.91	6.508
77.2190682247454	80.0776159379073	28239.126	3486.87
12.1383502893198	15.7744673804261	5912.613	563.063
0.00415999667200266	0.0743399405280476	46.779	1.248
