0.000769999384000493	0.0138599889120089	3.803	1.173
0.00104999916000067	0.0188999848800121	4.617	1.328
0.00162999869600104	0.0293399765280188	4.771	1.143
0.0028199977440018	0.0507599593920325	4.756	1.3
0.00512999589600328	0.092159926272059	8.54	1.447
0.00566999546400363	0.102059918352065	9.103	1.494
0.00964999228000618	0.173519861184111	12.638	1.86
0.0128999896800083	0.231659814672148	14.15	1.969
0.0236399810880151	0.424619660304272	23.699	2.676
0.0269599784320173	0.48401961278431	27.498	2.799
0.0527599577920338	0.944459244432604	46.682	6.43
0.0789099368720505	1.4057988753609	69.398	7.595
0.0919599264320589	1.62989869608104	80.514	8.762
0.148049881560095	2.60387791689767	126.254	13.869
0.251819798544161	4.38785648971481	210.363	23.672
0.283439773248181	4.86809610552312	235.083	27.41
0.502909597672322	8.39663328269337	407.683	45.827
0.767929385656491	12.3744501004399	614.238	76.011
0.974589220328624	14.9799480160416	778.14	89.156
2.17018826384939	30.8694353044518	1709.175	204.242
2.22989821608143	28.4856972114422	1697.569	200.627
3.65753707397034	39.8093081525535	2576.333	354.457
7.44790404167677	66.8400665279468	5127.605	705.854
8.51219319024545	58.2916933666453	6798.397	695.212
16.9613464309229	87.2693301845358	11991.036	1418.167
19.8594141124687	73.8980408815673	15093.458	1517.179
33.9148328681337	95.7489434008453	18723.406	3236.82
43.5197751841798	99.3944804844156	17397.131	4631.219
51.3872988901609	99.6214603028318	23481.733	6350.929
59.1033327173338	99.8948800840959	25977.605	7280.178
65.1755978595217	99.930880055296	21383.083	7089.997
72.8555517155586	99.99820000144	28366.309	8148.652
78.6650670679463	100.0	30172.438	10570.1
