84.1009327192538	84.1178927056858	8505.668	4034.782
39.100968719225	39.118108705513	4293.697	2168.115
74.1009407192474	74.1180007055994	7678.34	3602.672
69.1009447192442	69.1177847057722	7398.147	3312.804
1.90099847920122	1.91807846553723	261.857	97.144
49.1009607192314	49.1180007055994	5385.614	2395.808
4.20099663920269	4.2179366256507	530.184	208.496
44.1009647192282	44.1179647056282	4897.428	2125.831
0.600999519200385	0.618119505504396	122.913	30.414
0.400999679200257	0.418139665488268	105.917	20.359
9.40099247920602	9.41795246563803	1099.039	462.809
94.1009247192602	94.1179647056282	10605.246	4499.84
34.1009727192218	34.1178927056858	3550.39	1643.64
64.100948719241	64.117928705657	6723.419	3073.057
19.1009847192122	19.1179647056282	2053.025	934.879
54.1009567192346	54.1180367055706	6044.195	2603.412
14.100988719209	14.118108705513	1533.981	693.579
29.1009767192186	29.1180367055706	3094.524	1433.269
24.1009807192154	24.1180007055994	2674.9	1161.951
0.100999919200065	0.117899905680075	69.637	6.539
79.1009367192506	79.1180367055706	8892.087	3743.858
59.1009527192378	59.1178927056858	6390.311	2871.149
6.30099495920403	6.31799494560404	723.685	311.27
0.900999279200577	0.917999265600588	157.384	45.285
2.80099775920179	2.8180777455378	357.222	141.766
1.30099895920083	1.31795894563284	200.544	65.99
89.100928719257	89.117928705657	9936.259	4250.144
0.300999759200193	0.317879745696203	91.241	16.227
99.1009207192634	99.1180007055994	10433.674	5473.933
0.200999839200129	0.21797982561614	81.524	10.86
