0.00439999648000282	0.0779399376480499	9.663	1.571
0.00566999546400363	0.101159919072065	11.914	1.697
0.00911999270400584	0.161999870400104	19.799	1.931
0.0130799895360084	0.230039815968147	27.703	2.429
0.0184999852000118	0.3121197503042	39.346	2.711
0.018799984960012	0.325259739792208	39.052	2.724
0.0423099661520271	0.685619451504439	86.788	5.516
0.0637599489920408	0.986579210736631	117.123	7.64
0.0930599255520596	1.36403890876887	158.414	11.054
0.14074988740009	1.85183851852919	214.365	14.962
0.210349831720135	2.41325806939354	282.665	19.519
0.315249747800202	3.00689759448192	351.527	26.205
0.470649623480301	3.5992771205783	426.66	32.644
3.6009771192183	7.23941420846863	787.43	109.07
5.39619568304345	9.04607276314179	936.035	149.194
8.09373352501318	11.7221306222955	1186.354	203.879
