0.00192999845600124	0.0345599723520221	22.812	1.582
0.00932999253600597	0.164519868384105	105.38	2.93
0.211489830808135	2.42783805772955	1328.998	17.836
0.0954899236080611	1.37069890344088	826.16	9.829
0.000829999336000531	0.0149399880480096	11.079	1.183
0.00297999761600191	0.053099957520034	35.347	1.631
37.3096201523039	40.9359272512582	14682.667	1678.861
12.1416302866958	15.7897673681861	6022.892	569.998
0.0635299491760407	0.989459208432633	600.989	7.436
77.3109081512735	80.9353152517478	28450.469	3592.023
57.3109641512287	60.963251229399	21649.585	2739.794
0.474769620184304	3.60431711654631	1795.643	33.168
0.713169429464456	4.13369669304265	1953.946	43.639
5.39939568048346	9.04571276342979	3648.707	271.249
8.09052352758118	11.7147506281995	4534.238	391.615
3.60140711887431	7.22519421984462	3018.84	181.719
0.316319746944202	3.01427758857793	1573.594	23.199
18.2032254374197	21.830742535406	8163.432	877.715
47.3125821499343	50.9406792474566	18183.352	2229.603
27.3105581515535	30.9401752478598	11435.261	1301.545
97.2255422195662	99.918460065232	35151.609	4396.467
2.39643808284953	6.04475516419587	2610.515	123.954
0.0275299779760176	0.464399628480297	283.129	4.583
67.3105161515871	70.9433432453254	25030.07	3056.189
1.59697872241702	5.20631583494733	2334.179	82.559
0.00404999676000259	0.0719999424000461	47.178	2.034
0.042129966296027	0.68777944977644	415.905	6.007
87.3080101535919	90.9445672443462	31933.912	4005.011
0.142409886072091	1.86569850744119	1102.833	13.053
0.0133499893200085	0.232559813952149	144.073	3.252
0.00572999541600367	0.102419918064066	66.892	2.262
0.0183499853200117	0.313559749152201	195.673	3.55
1.06617914705668	4.63481629214697	2118.301	57.713
