0.00878999296800563	0.155159875872099	99.816	2.674
1.06550914759268	4.61357630913895	2127.819	61.792
12.1431402854878	15.7849073720741	6024.4	611.626
0.210149831880135	2.41505806795355	1367.358	18.36
5.39245568603545	9.04013276789379	3701.459	267.105
0.00295999763200189	0.0527399578080338	34.239	1.778
0.0190799847360122	0.32867973705621	202.305	3.854
27.3193381445295	30.9605152315878	11437.802	1387.051
0.0619799504160397	0.965699227440618	585.174	8.21
0.0283599773120181	0.480599615520308	297.469	4.866
0.00191999846400123	0.0341999726400219	22.87	1.537
0.711159431072455	4.11893670485064	1950.414	43.589
1.60127871897702	5.22341582126734	2349.109	90.002
37.2135002291998	40.0499679600256	14627.263	1758.678
77.3114381508495	80.9543952364838	28747.191	3761.267
18.2053454357237	21.838482529214	8103.06	925.563
47.1390222887822	49.7417002066398	18238.167	2300.62
0.00201999838400129	0.035999971200023	23.897	1.588
0.0902899277680578	1.30571895542484	791.872	9.853
0.472749621800303	3.5936971250423	1779.867	31.807
57.2454542036366	60.2270518183585	21446.734	2734.88
2.39331808534553	6.04187516649987	2588.126	129.091
0.012489990008008	0.21923982460814	134.968	3.08
97.0434723652221	99.3863804908956	35393.265	4752.963
67.3121161503071	70.9489232408614	25120	3304.714
8.09387352490118	11.7185306251755	4606.027	409.579
0.315039747968202	3.02975757619394	1605.063	23.853
87.3066701546639	90.9436672450662	32354.702	4198.447
0.0403999676800259	0.660779471376423	406.548	6.036
0.129629896296083	1.68119865504108	989.058	12.493
0.00100999919200065	0.0181799854560116	12.9	1.328
0.00603999516800387	0.106739914608068	67.628	2.187
3.5990471207623	7.23959420832463	3074.326	184.171
