19.1009847192122	19.1179647056282	1221.968	535.863
0.400999679200257	0.417959665632267	44.918	10.515
2.80099775920179	2.8180777455378	232.331	77.484
1.90099847920122	1.91807846553723	160.681	53.953
0.300999759200193	0.317879745696203	40.696	8.109
4.20099663920269	4.2179366256507	344.998	119.858
24.1009807192154	24.1180007055994	1396.664	637.397
79.1009367192506	79.1180367055706	3652.328	2176.374
39.100968719225	39.118108705513	1995.121	1082.328
49.1009607192314	49.1180007055994	2417.682	1356.367
14.100988719209	14.117928705657	1001.828	396.605
0.100999919200065	0.117899905680075	16.075	3.839
9.40099247920602	9.41813246549403	754.87	263.498
89.100928719257	89.117928705657	3999.089	2257.765
69.1009447192442	69.1179647056282	3176.549	1896.884
84.1009327192538	84.1178927056858	3806.062	2303.962
0.900999279200577	0.917999265600588	84.061	22.356
54.1009567192346	54.1180367055706	2599.933	1493.1
1.30099895920083	1.31795894563284	112.372	36.719
44.1009647192282	44.1179647056282	2188.942	1213.819
74.1009407192474	74.1180007055994	3414.297	1804.518
0.600999519200385	0.618119505504396	61.149	15.071
99.1009207192634	99.1180007055994	4145.059	2969.069
29.1009767192186	29.1180367055706	1614.491	818.391
64.100948719241	64.117928705657	3049.638	1772.623
59.1009527192378	59.1178927056858	2842.325	1430.692
0.200999839200129	0.21815982547214	22.264	5.38
6.30099495920403	6.31799494560404	497.041	178.662
94.1009247192602	94.1179647056282	4211.738	2886.978
34.1009727192218	34.1178927056858	1805.135	830.431
