34.0958227233418	37.7531697974642	8533.359	4828.872
69.1010547191562	72.7530617975506	16169.772	9704.798
0.200589839528128	2.35493811604951	890.174	93.441
0.0997099202320638	1.42523885980891	809.045	68.535
0.400989679208257	3.37355730115416	852.978	113.938
9.39869248104602	13.0273095781523	2981.097	1318.749
0.598399521280383	3.9140968687225	955.958	133.161
29.1012867189706	32.750433799653	7249.716	4095.03
2.80386775690579	6.42257486194011	1451.99	402.379
79.0968167225466	82.747733801813	18430.468	11235.063
94.0898947280842	97.6486618810705	21685.064	15856.417
0.300859759312193	2.95073763940989	877.565	101.835
44.0834447332442	47.6074419140465	10647.809	6268.254
4.20154663876269	7.83701373038902	1694.065	542.126
89.101578718737	92.7434858052113	20813.948	15247.328
0.901489278808577	4.40495647603482	971.126	164.149
64.093328725337	67.7339458128433	15470.738	9471.539
1.90266847786522	5.53013557589154	1223.563	267.701
59.0934727252218	62.7436298050962	14302.403	8585.398
74.0985407211674	77.7482378014098	17447.079	10527.935
19.0938747249002	22.7273218181425	5229.242	2781.722
49.1004507196394	52.7446378042898	12296.049	7403.222
14.096448722841	17.7343058125553	4007.728	1994.836
84.1004927196058	87.7245498203601	19955.818	12384.162
54.0970067223946	57.7324338140529	13002.436	7765.89
98.6712010630391	100.0	22081.398	16668.511
6.30102495918003	9.92861205711035	2243.364	899.805
24.0911107271114	27.7286178171057	6282.098	3416.042
39.099528720377	42.7420458063634	9866.922	5629.733
1.30043895964883	4.89995608003514	1087.577	200.181
