0.887349290120568	14.8053481557215	946.311	82.706
1.90178847856922	29.1137167090266	1966.666	185.148
1.8688185049452	28.6604770716183	1914.106	174.27
0.880009295992563	14.6795282563774	940.236	87.471
1.04076916738467	16.9574264340589	1407.474	96.589
0.986429210856631	16.1211471030823	3328.914	93.025
0.881539294768564	14.7058082353534	3039.806	81.644
1.03947916841667	16.9099064720748	1100.353	101.787
1.30083895932883	20.9584632332294	1352.886	123.528
1.37067890345688	21.4995428003658	1794.188	125.872
1.80857855313716	27.7883777692978	5729.262	176.557
1.68184865452108	25.9772192182246	1724.082	159.285
0.888449289240569	14.8215481427615	954.041	88.132
1.19729904216077	19.3508845192924	1651.752	110.617
1.73782860973711	26.7625585899531	2170.281	158.633
0.876529298776561	14.6267882985694	938.575	80.836
