94.1019247184602	94.4686044251165	7541.165	2528.293
79.1001967198426	79.4654364276509	6031.601	1979.864
44.1001647198682	44.4646444282845	3574.599	1420.88
89.092048726361	89.3857684913852	6728.707	2126.154
39.099568720345	39.4651484278813	3416.78	1267.099
0.898869280904575	1.26251898998481	230.001	30.766
64.099708720233	64.4633484293213	5289.5	1572.316
29.0982067214346	29.4585964331229	2541.865	815.702
59.0996127203098	59.4654724276221	4888.024	1463.845
74.1000407199674	74.4607204314237	5737.842	2006.264
0.399579680336256	0.761579390736487	175.572	16.766
99.0997007202394	99.4540604367516	7407.563	2422.371
0.0987099210320632	0.449459640432288	134.011	7.673
19.0988547209162	19.4675244259805	1803.875	539.644
69.0991647206682	69.4617644305885	5320.395	1893.288
49.1011707190634	49.4632404294077	3938.091	1330.066
1.89959848032122	2.26493818804945	324.655	59.437
34.1000027199978	34.4622324302141	2851.849	945.165
2.80059775952179	3.16349746920202	422.745	86.003
14.100878719297	14.4691084247133	1486.498	400.395
0.300939759248193	0.662039470368424	167.432	13.491
0.600229519816384	0.967499226000619	195.076	22.548
24.1005307195754	24.4691804246557	2316.676	683.201
84.1008327193338	84.4645724283421	6373.871	1980.847
9.40064247948602	9.76769218584625	1092.281	271.64
54.0994367204506	54.4620164303869	4276.588	1477.211
6.30029495976403	6.66557466754027	799.487	178.443
1.29849896120083	1.66409866872107	254.689	42.119
4.20050663959469	4.56263634989092	559.838	125.821
0.198829840936127	0.563399549280361	147.456	10.787
