4.18959664832268	34.1423726861019	17186.478	311.38
76.7757485794011	98.7527809977752	47768.088	8121.044
0.300069759944192	5.03423597261122	3017.288	27.839
58.9419728464217	92.8934256852595	44627.411	4404.998
68.0777755377796	95.5817235346212	45746.676	4852.885
0.0993099205520636	1.74491860406512	1060.836	9.851
0.301349758920193	5.04953596037123	3005.075	28.995
22.6922518461985	49.4310204551836	23096.49	1387.608
43.78232497414	76.2486590010728	36239.235	2673.757
24.0840907327274	60.0013319989344	29006.106	1560.92
63.6344090924727	94.5577043538365	45424.655	4493.915
14.109288712569	50.2537997969602	23911.7	944.971
0.600719519424385	9.38231249415001	5586.891	56.014
39.019178784657	73.8975008819993	35215.027	2403.911
49.0561907550474	84.6512322790142	40698.92	2999.228
53.8219069424744	86.5532907573674	41280.592	3291.035
91.5631867494506	99.999820000144	48932.478	10446.367
0.0997999201600639	1.75193859844912	1052.371	9.581
0.199819840144128	3.4343972524822	2025.94	19.515
6.29856496114803	39.7076082339134	19070.106	448.713
8.53866316906946	36.0305711755431	16802.295	550.851
19.0327547737962	54.4639964288029	26043.199	1210.808
29.1125567099546	65.4808876152899	31449.46	1868.267
0.361569710744231	5.89121528702777	3517.432	33.024
84.8034621572303	99.944560044352	47693.485	9077.812
33.9648628281097	68.2734053812757	32676.698	2118.23
4.15717667425866	33.6603330717335	16834.722	307.847
72.4465520427584	97.1570822743342	46520.374	5284.713
62.497290002168	88.5772091382327	42606.36	3770.482
91.5600567519546	99.999820000144	48526.192	10390.533
81.0320751743399	99.6913002469598	48278.101	8693.902
4.20925663259469	34.351892518486	17155.517	317.583
66.1950170439864	89.6006883194493	43408.619	4039.493
53.9576268338985	88.2746293802965	42178.512	3385.988
81.5252547797962	99.919540064368	48244.727	8794.024
73.0869815304148	99.0226007819194	47271.971	7139.355
0.386089691128247	6.28901496878802	3761.345	37.888
91.5619067504746	100.0	48780.917	10179.658
28.8287369370105	61.7961105631115	29221.788	1825.974
84.9114620708303	99.95860003312	47906.531	9097.618
19.1220847023322	55.4437356450115	26468.991	1574.174
33.1151335078932	61.3851708918633	29311.785	2093.169
72.5463819628944	97.4625420299664	46445.43	6076.092
0.0997999201600639	1.75193859844912	1054.922	9.798
58.8432329254137	91.7160466271627	44473.417	4203.405
29.1125567099546	65.4808876152899	31413.652	1827.026
53.4449572440342	83.3825932939254	39933.292	3247.813
49.0417307666154	84.39401248479	40387.246	2978.443
85.4100416719667	99.997480002016	48027.974	9807.667
5.57143554285157	31.6851946518443	14826.96	393.472
39.081598734721	75.04859996112	38373.909	2423.615
34.1010127191898	70.1985038411969	33807.374	2121.02
43.679855056116	75.1816198547041	35760.021	2738.133
76.9305484555612	98.9641008287193	47836.23	8241.74
0.292299766160187	4.88951608838713	2895.714	27.76
6.07354514116389	36.3659109072713	17353.079	418.259
66.1548870760903	89.5058283953373	43387.546	4048.227
3.97477682017854	31.0933551253159	15286.129	301.99
2.80388775688979	28.5085571931542	15091.819	224.61
28.8718569025145	62.2416102067118	29322.3	1790.751
88.5132191894246	99.998740001008	48550.485	10045.505
45.343183725453	67.7854257716594	32536.114	2771.251
84.7997021602383	99.941140047088	48128.829	9046.845
0.580759535392372	9.0664127468698	5452.135	52.666
88.5164191868647	99.998740001008	48582.046	10077.518
88.6517590785927	99.99910000072	48719.57	10299.648
2.80345775723379	28.4410572471542	14978.392	218.131
76.555428755657	98.447141242287	47174.812	7474.079
0.601759518592385	9.43847244922204	5700.22	54.744
80.4162656669875	99.3248205401436	48253.692	8552.066
49.0367407706074	84.332272534182	40317.269	3081.336
0.592979525616379	9.28493257205394	5561.738	54.771
0.401349678920257	6.57017474386021	3921.913	38.306
0.199959840032128	3.4340372527702	2051.034	19.328
9.40493247605402	44.6783042573566	21756.127	643.254
76.1200491039607	97.8077817537746	47225.614	6599.021
58.8669329064537	92.0290663767469	44277.895	4356.134
14.115478707617	50.3045597563522	23811.013	896.79
0.0938499249200601	1.64357868513705	984.133	9.152
0.399229680616256	6.54191476646819	3865.801	36.748
0.199669840264128	3.4342172526262	2077.783	18.999
0.20243983804813	3.47687721849823	2055.784	17.933
9.20657263474189	41.9889264088589	20087.447	791.669
0.302879757696194	5.07563593949125	3075.32	28.312
53.4704172236662	83.5627731497815	40160.06	3215.228
19.1086647130682	55.4912556069955	26468.649	1207.447
7.6501638798689	31.5287747769802	14720.871	505.067
14.106528714777	50.2379598096322	24066.394	910.592
39.096898722481	75.4336196531043	36136.024	2442.939
39.076708738633	74.974260020592	36017.247	2439.797
15.618767504986	38.1844494524404	18084.743	926.771
57.1313542949166	82.3105141515887	39614.668	3579.828
67.5716559426752	93.5797651361879	46002.442	5687.675
2.79882776093779	28.4752572197942	14972.231	230.703
44.0725647419482	79.9564760348192	38793.047	2759.304
63.8029989576008	95.9215632627494	46131.036	4669.166
34.0638027489578	69.9128440697247	33464.259	2125.944
88.6870890503288	99.999460000432	48545.03	10274.103
71.6128827096938	95.1396438882849	45416.983	4993.803
81.6720646623483	99.965980027216	48251.534	8898.473
91.5600567519546	99.999820000144	48564.39	10461.774
23.9139608688313	57.9135136691891	27653.993	1536.324
0.630039495968403	9.04049276760579	5324.056	55.286
6.31114495108404	39.7628681897055	19171.95	452.803
22.1248923000862	47.3423021261583	22401.467	1388.481
63.2248594201125	91.7882265694187	43956.209	4414.876
14.100798719361	50.2365198107842	24175.402	937.717
44.0573847540922	79.5691163447069	38236.16	2671.284
80.0111659910672	99.0321407742874	47522.449	7929.489
85.3359417312466	99.99280000576	48813.701	9821.888
63.6755490595608	94.9049240760607	45811.813	4411.134
2.79668776264979	28.3773372981302	15126.401	217.578
80.3619757104194	99.2837805729755	47690.972	8643.005
49.0630407495674	84.7808321753343	40842.845	3133.173
91.5581767534586	100.0	48456.81	10201.255
66.7581265934987	91.0275471779623	44146.24	4102.788
2.76011779190577	27.6526578778737	14539.331	223.816
24.0498107601514	59.5988523209181	28225.662	1506.677
24.1067507145994	60.3660117071906	29123.278	1558.743
9.40954247236602	44.7764041788767	21198.545	654.363
27.3185981451215	53.0040175967859	25179.061	1632.709
0.667839465728427	9.59975232019814	5677.891	58.168
9.17107266314187	41.3799868960105	19443.053	629.671
43.0696955442436	71.0787031370375	33800.895	3440.533
77.4595880323296	99.6787002570398	47412.056	8350.125
13.6973490421208	45.1799638560289	21009.927	871.156
80.5426955658435	99.4058204753436	47738.833	8588.056
0.198149841480127	3.40577727537818	2055.416	18.879
35.931001255199	59.1304926956058	28321.083	2167.869
0.239359808512153	3.9018568785145	2324.081	20.925
42.8425357259714	69.9954640036288	33759.238	2672.243
