44.1004547196362	44.4662644269885	3557.581	1063.42
79.0989667208266	79.4654364276509	6111.923	2137.818
69.0993847204922	69.4677044258365	5711.187	1857.11
2.79888776088979	3.15917747265802	252.058	81.507
9.39951248039002	9.76445218843825	932.389	268.708
0.198909840872127	0.565739547408362	54.591	8.595
59.1020927183258	59.4647524281981	4879.738	1679.692
94.1019247184602	94.4686044251165	7107.653	5076.988
24.1013707189034	24.4673804260957	2281.218	668.717
1.29897896081683	1.67057866353707	151.607	39.081
1.89961848030522	2.26583818732945	195.758	55.939
0.300869759304193	0.665639467488426	63.156	11.629
34.0985627211498	34.4634924292061	3053.151	937.855
99.0913007269594	99.3822404942076	7763.042	5188.348
19.0993947204842	19.4673444261245	1848.066	564.209
0.899879280096576	1.26413898868881	112.444	29.397
6.30034495972403	6.66215467027626	608.086	177.673
0.600999519200385	0.96821922542462	89.336	20.192
39.100268719785	39.4617284306173	3407.896	1075.488
4.20051663958669	4.56227635017892	385.669	117.673
84.0997927201658	84.4636724290621	6804.379	2004.928
64.099448720441	64.4642484286013	5356.048	1520.763
54.0971067223146	54.4600364319709	4509.139	1376.328
49.1000007199994	49.4643204285437	4170.986	1341.589
89.099518720385	89.4601084319133	6811.783	2400.638
29.0993567205146	29.4677764257789	2596.661	849.278
74.1012007190394	74.4686404250877	5678.539	1960.892
14.098518721185	14.4658684273053	1418.205	395.541
0.401919678464257	0.76607938713649	78.48	13.671
0.0992999205600636	0.455399635680291	47.573	5.857
34.0999327200538	34.4651124279101	3054.897	935.839
14.099548720361	14.4637084290333	1424.607	394.731
6.30029495976403	6.66089467128426	637.269	175.081
79.0989367208506	79.4614764308188	6609.934	2152.292
0.599989520008384	0.964259228592617	84.698	19.881
39.099678720257	39.4660484271613	3218.014	1071.033
1.89912848069722	2.26853818516945	200.811	54.878
94.1017747185802	94.4731044215165	7121.155	4919.419
4.19916664066669	4.56479634816292	384.507	119.015
0.099959920032064	0.455759635392292	48.02	5.943
0.200579839536128	0.563939548848361	56.373	8.497
69.1016147187082	69.4655444275645	5393.642	1828.22
84.1011027191178	84.4633124293501	6750.577	2267.005
49.0990807207354	49.4659404272477	3910.809	1332.093
2.79950776039379	3.16583746733003	254.206	80.481
74.0998207201434	74.4639604288317	6083.966	2018.015
0.300709759432192	0.666179467056426	67.148	11.096
54.1003067197546	54.4645364283709	4568.365	1460.976
9.40123247901402	9.76805218555825	963.444	267.747
89.100448719641	89.4685684251453	7116.009	2394.169
0.401799678560257	0.767339386128491	72.795	14.814
44.0993447205242	44.4626644298685	3724.888	1082.516
0.900429279656576	1.26539898768081	116.82	27.671
