23.5291111767111	97.5601019519184	4164.391	2521.21
0.24947980041616	4.39163648669081	4399.399	2392.978
21.2020330383736	97.0924623260301	3859.309	2407.061
6.17790505767595	67.3442461246031	4196.301	2314.243
1.22218902224878	19.7623641901086	4136.192	2469.333
3.17499746000203	42.165866267307	3728.356	2336.23
60.5434615652307	100.0	3883.951	2389.059
50.2543297965362	99.998020001584	3882.851	2376.773
47.3815620947503	99.994420004464	4206.836	2619.995
52.8757076994338	99.999640000288	3959.929	2510.684
0.137789889768088	2.45393803684957	4206.536	2405.222
16.3211069431144	95.4089236728611	4073.578	2300.317
58.0975935219252	100.0	4014.423	2472.477
19.6486742810606	97.6103219117425	3927.041	2418.786
41.3847568921945	99.967420026064	3896.734	2402.654
36.7445506043595	99.7858001713599	4420.973	2536.208
8.94889284088573	79.5001763998589	4144.618	2526.763
0.205919835264132	3.64535708371433	3744.122	2356.119
55.5527455578036	99.999460000432	3968.955	2363.59
44.6400042879966	99.991180007056	3859.132	2346.541
12.0554303556557	87.8145497483602	4174.731	2427.231
1.51397878881697	23.6221011023191	4180.742	2429.668
0.307369754104197	5.35985571211543	4911.014	2203.349
0.0664199468640425	1.18961904830476	3739.546	2320.43
0.441739646608283	7.60571391542887	3698.531	2247.385
27.9796676162659	99.1574206740635	3845.574	2361.517
2.57046794362565	36.8164505468396	3739.77	2349.978
34.8798120961503	99.8194601444319	3877.882	2335.835
31.0417751665799	99.5055403955677	4136.117	2470.731
0.67244946204043	11.3180309455752	4195.607	2274.74
