88.4228692617046	99.996580002736	50066.36	6317.132
2.80000775999379	28.4367372506102	15420.78	266.397
58.9402728477817	93.0012455990035	46533.358	4338.696
0.902179278256577	13.2105494315605	7973.879	94.121
73.0708315433348	98.9819208144634	49009.432	5367.388
5.90885527291578	34.6130723095422	16776.137	505.66
28.2108274313381	56.9240544607564	27864.642	2094.335
1.30270895783283	17.5312659749872	10522.229	129.912
1.90375847699322	22.7642217886226	12907.43	188.398
0.400689679448256	6.5624347500522	3986.25	45.772
91.5579867536106	100.0	50329.355	6617.926
76.1411190871047	97.8423417261266	48533.435	5688.239
62.1418902864878	87.3506901194479	43143.836	4521.12
68.5214051828759	97.8371217303026	48396.89	5022.433
39.044358764513	74.3291405366876	36640.873	2960.002
0.275619779504176	4.59917632065894	2790.862	30.315
8.38716329026937	35.0834119332705	16917.584	657.886
48.453311237351	78.3487173210261	39092.292	3594.834
17.0922963261629	42.0803663357069	20670.568	1265.175
33.9163028669577	67.8763256989394	33251.846	2561.721
0.603969516824386	9.43829244936604	5791.961	64.942
24.0892607285914	60.4140716687427	29359.411	1835.102
85.1325618939505	99.974980020016	49901.979	6199.699
53.7718469825224	86.1729510616392	42477.844	3949.85
4.18416665266668	33.9168328665337	17561.106	384.904
14.097988721609	50.2240998207201	24357.291	1129.016
0.200809839352129	3.45329723736221	2123.657	24.713
41.1902970477624	64.7002282398174	31868.402	3079.5
0.0967199226240619	1.70153863876909	1037.53	13.74
81.6734646612283	99.961660030672	49370.689	5859.783
