0.200999839200129	0.21797982561614	29.624	7.702
39.100968719225	39.117928705657	3740.559	1471.248
0.300999759200193	0.318059745552204	41.218	9.804
34.1009727192218	34.1180727055418	3321.013	1291.442
54.1009567192346	54.1178567057146	5020.957	2031.787
69.1009447192442	69.1177847057722	6686.109	2698.055
1.30099895920083	1.31795894563284	140.231	47.819
29.1009767192186	29.1178567057146	2844.092	1126.484
2.80099775920179	2.8180777455378	282.797	106.638
79.1009367192506	79.1178567057146	7506.807	2983.496
14.100988719209	14.117928705657	1380.714	527.603
59.1009527192378	59.1178927056858	5714.574	2222.739
0.600999519200385	0.617939505648396	69.063	19.828
0.400999679200257	0.418139665488268	54.124	14.522
94.1009247192602	94.1179647056282	9061.768	8358.215
6.30099495920403	6.31799494560404	621.139	236.718
89.100928719257	89.117928705657	8403.783	3485.001
74.1009407192474	74.1180007055994	6991.148	2765.003
0.900999279200577	0.917999265600588	97.621	34.017
49.1009607192314	49.1178207057434	4727.065	1898.625
24.1009807192154	24.1180007055994	2284.496	944.589
9.40099247920602	9.41795246563803	948.052	360.547
84.1009327192538	84.1180727055418	8041.887	3256.283
44.1009647192282	44.1179647056282	4254.03	1745.521
64.100948719241	64.117928705657	6262.728	2463.981
19.1009847192122	19.1179647056282	1869.181	859.892
99.1009207192634	99.1178207057434	9544.845	8896.474
0.100999919200065	0.118079905536076	20.477	4.227
1.90099847920122	1.91807846553723	196.644	76.137
4.20099663920269	4.2181166255067	431.535	157.693
69.1009447192442	69.1179647056282	6565.634	2547.915
0.600999519200385	0.618119505504396	67.69	20.977
74.1009407192474	74.1180007055994	7123.258	2779.033
0.900999279200577	0.917999265600588	97.789	30.679
79.1009367192506	79.1178567057146	7399.239	2975.812
2.80099775920179	2.8180777455378	292.396	114.282
