0.119039904768076	2.12111830310536	245.876	20.079
46.6448926840859	99.984520012384	3693.164	3398.576
31.7032046374363	99.6677202658238	3615.626	3235.741
44.3344845324124	99.984880012096	3836.245	3469.599
1.57652873877701	24.4436204451036	2293.109	453.506
0.185009851992118	3.27005738395409	401.341	30.422
41.6762266590187	99.981280014976	3670.207	3332.414
17.9126356698915	94.9211240631007	3532.746	3165.493
0.269379784496172	4.74029620776303	598.29	42.872
0.606669514664388	10.3678117057506	1252.952	101.174
22.2725821819343	98.2041414366869	3496.247	3158.984
0.0661099471120423	1.18349905320076	103.63	11.22
4.85314611748311	55.9731152215078	3313.248	984.173
0.29731976214419	5.18867584905932	651.626	45.276
24.8779600976319	98.6044611164311	3606.411	3158.171
58.0926735258612	100.0	3941.658	3512.954
1.14059908752073	18.4780652175478	2074.76	284.468
37.1645102683918	99.8351201319039	3594.479	3261.649
52.9429676456259	99.998380001296	3928.515	3442.887
12.8707497034002	90.8761672990662	3472.344	1497.666
29.4178964656828	99.6864402508478	3675.106	3231.618
0.865719307424554	14.4136684690652	1841.445	195.28
3.49552720357824	45.6614634708292	2882.092	756.26
55.5432455654035	99.999460000432	3977.974	3476.494
35.3314017348786	99.8830000935999	3663.158	3239.746
2.86052771157783	40.5388475689219	2749.865	644.54
16.1905770475384	95.1682638653889	3459.181	3159.589
9.14319268544585	80.6732354614116	3672.07	1289.632
50.2471698022642	99.99820000144	3950.695	3394.007
60.5434615652307	100.0	3954.297	3697.016
