0.00381999694400244	0.0685799451360439	16.966	1.482
0.0039099968720025	0.0692999445600443	7.805	1.382
0.00575999539200369	0.102239918208065	11.781	1.582
0.00587999529600376	0.104039916768067	26.315	1.544
0.00605999515200388	0.107639913888069	13.91	1.637
0.0060899951280039	0.107819913744069	13.013	1.529
0.00872999301600559	0.154979876016099	16.69	1.849
0.00900999279200577	0.159839872128102	21.175	1.857
0.00913999268800585	0.159659872272102	40.3	2.048
0.00943999244800604	0.167579865936107	21.282	2.05
0.0128099897520082	0.225179819856144	57.514	2.19
0.0130399895680083	0.226979818416145	26.737	2.226
0.0132499894000085	0.232739813808149	29.016	2.342
0.0190899847280122	0.331559734752212	37.51	2.645
0.0191999846400123	0.331559734752212	39.773	3.028
0.0193899844880124	0.332279734176213	83.011	2.773
0.0195299843760125	0.335699731440215	42.073	2.829
0.0275299779760176	0.465119627904298	54.15	3.49
0.028189977448018	0.473759620992303	54.344	3.895
0.0283099773520181	0.476999618400305	116.88	3.554
0.0284299772560182	0.478079617536306	53.997	4.148
0.0410599671520263	0.673199461440431	79.69	5.254
0.042139966288027	0.686339450928439	164.205	5
0.0425499659600272	0.690299447760442	75.04	5.336
0.0426599658720273	0.695159443872445	78.682	5.334
0.0618799504960396	0.960119231904614	215.909	7.083
0.0632399494080405	0.987299210160632	103.849	7.873
0.0636999490400408	0.98405921275263	106.109	7.061
0.0638699489040409	0.986579210736631	100.961	7.669
0.0932699253840597	1.34135892691286	128.811	10.723
0.0933499253200597	1.35449891640087	280.104	10.192
0.0939899248080601	1.37879889696088	128.116	10.145
0.0948099241520607	1.39013888788889	125.131	9.981
0.141779886576091	1.86605850715319	148.98	14.264
0.141859886512091	1.85741851406519	151.918	13.875
0.141859886512091	1.8680385055692	158.477	13.77
0.143459885232092	1.8782984973612	336.237	13.625
0.181659854672116	2.01401838878529	305.477	15.777
0.202079838336129	1.82195854243317	247.273	14.628
0.210809831352135	2.42225806219355	179.843	18.808
0.211319830944135	2.42171806262555	167.633	19.342
0.211759830592136	2.43197805441756	166.611	20.93
0.307569753944197	2.86523770780983	202.615	23.512
0.315479747616202	3.02327758137793	180.083	25.272
0.316499746800203	3.02993757604994	175.548	24.74
0.317059746352203	2.23091821526543	266.347	19.441
0.474739620208304	3.61385710891431	179.85	32.436
0.475179619856304	3.57587713929829	183.189	33.948
0.475309619752304	3.60917711265831	234.288	31.469
0.716079427136458	4.12757669793864	194.718	40.385
2.39915808067354	6.04205516635587	568.814	83.017
3.45781723374621	6.14105508715593	550.153	103.245
3.58476713218629	7.09649432280454	270.492	110.694
3.5889071288743	7.14293428565257	551.738	104.47
3.5958871232903	7.23959420832463	284.445	96.731
5.36629570696343	8.63387309290153	320.378	147.037
5.38690569047545	8.9009928792057	739.488	142.356
5.38973568821145	9.01961278430977	692.802	148.931
5.39569568344345	9.02519277984578	349.579	131.805
8.08323353341317	11.7055706355435	934.51	201.694
8.08413353269317	11.7156506274795	433.251	215.129
8.08492353206117	11.7129506296395	798.323	215.549
8.09492352406118	11.7460706031435	465.801	175.29
