49.1043407165274	52.7349178120658	5504.184	1705.962
2.8050977559218	6.44831484134813	5410.52	1639.412
1.89650848279321	5.51897558481953	5766.747	1228.243
14.090708727433	17.7202658237873	5463.175	1641.384
89.086438730849	92.6801258558993	6008.788	1361.017
74.1019707184234	77.7368978104818	6065.946	1772.923
94.1005447195642	97.6789018568785	6403.653	1558.241
4.19963664029069	7.83233373413301	5867.188	1338.473
9.40631247495002	13.0453095637523	5768.597	1638.175
64.100038719969	67.7244058204753	5953.487	1755.57
44.0978547217162	47.7293018165585	5544.315	1433.55
0.301969758424193	2.3468381225295	5843.589	1582.251
0.100549919560064	1.44989884008093	5898.469	1612.617
34.0952427238058	37.7285098171921	5455.144	1266.427
24.0971007223194	27.7415778067378	5523.924	1644.902
54.0975367219706	57.7315338147729	5482.573	1282.659
84.1001627198698	87.7517297986162	5624.096	1564.203
69.0955947235242	72.7213818228945	5522.407	1759.877
29.0959167232666	32.737113810309	5445.241	1465.566
39.100928719257	42.7501457998834	6009.83	1687.366
0.899239280608575	4.41503646797083	5732.861	1593.757
0.199139840688127	2.33207813433749	5815.135	1259.702
98.6290810967351	99.998380001296	5787.168	1638.889
1.29947896041683	4.89779608176313	5414.615	1556.065
19.1008447193242	22.7330818135346	5332.631	1442.336
0.298649761080191	2.92337766129787	5906.979	2168.367
0.600009519992384	3.92471686022651	5877.254	1600.285
6.29908496073203	9.92177206258235	5874.585	1186.597
59.0982527213978	62.7506497994802	5983.52	1437.247
79.1061567150746	82.7410738071409	6016.336	1762.586
