0.210109831912134	3.65489707608234	2167.859	22.085
78.6578370737303	100.0	47714.77	5038.954
0.00537999569600344	0.096839922528062	63.207	1.986
1.69361864510508	23.9462808429753	14181.241	153.884
66.4463768428985	99.989920008064	46654.351	4291.834
0.387219690224248	6.61283470973223	3936.366	35.249
0.000719999424000461	0.0129599896320083	9.317	1.105
0.0228199817440146	0.409859672112262	249.871	4.438
0.00792999365600507	0.142739885808091	92.676	2.403
2.46260802991358	31.24167500666	18091.43	208.487
0.110799911360071	1.96613842708926	1185.078	12.539
0.00898999280800575	0.161639870688103	101.411	2.667
0.00204999836000131	0.0368999704800236	24.57	1.571
0.0809699352240518	1.44305884555292	858.582	10.4
0.053109957512034	0.949679240256608	570.45	7.772
0.542239566208347	9.0572327542138	5379.222	51.512
32.4896840082528	91.9867664105869	43116.792	2198.911
4.49348640521088	48.7142610285912	26486.638	385.488
24.958170033464	91.6510666791467	41995.786	1764.989
57.2665641867487	99.4646804282557	46408.284	3868.356
0.00216999826400139	0.039059968752025	26.783	1.64
0.770389383688493	12.4203500637199	7366.919	72.802
0.00188999848800121	0.0340199727840218	22.664	1.342
38.3310593351525	91.5110267911786	42924.939	2484.976
51.1362590909927	99.5041003967197	45762.61	3399.403
10.972111222311	75.5884195292644	36525.637	796.857
73.0566315546948	99.999640000288	47983.392	4683.214
0.10957991233607	1.93355845315324	1162.532	12.515
0.0128699897040082	0.231299814960148	146.428	3.239
15.4412776469779	77.5052379958096	36485.106	1126.054
1.17405906075275	17.9490456407635	10666.781	106.404
6.81781454574836	60.2236318210945	30603.33	499.346
0.0216799826560139	0.389339688528249	241.23	4.219
