94.1001147199082	94.4666244267005	4257.25	2510.174
4.19865664107469	4.56263634989092	395.641	126.969
6.29875496099603	6.66683466653227	565.724	188.812
34.1009227192618	34.4649324280541	1852.248	1004.134
99.0613507509194	99.2981805614556	4085.363	2464.674
9.39874248100602	9.76373218901425	807.821	243.68
0.399989680008256	0.761399390880487	76.605	14.751
49.1014407188474	49.4632404294077	2466.513	1292.275
0.200229839816128	0.563759548992361	56.185	10.056
84.0991827206538	84.4658324273341	3935.202	2086.048
54.0999167200666	54.4650764279389	2680.893	1362.8
14.097458722033	14.4561484350813	1034.253	425.191
2.79939776048179	3.15917747265802	273.448	89.72
69.0996847202522	69.4635644291485	3908.664	1957.542
1.30037895969683	1.66265866987306	152.524	43.699
59.0994427204458	59.4676324258941	2872.742	1639.875
39.098568721145	39.4608284313373	2060.891	1115.305
24.0990707207434	24.4663004269597	1446	610.689
29.0994267204586	29.4654364276509	1639.377	722.153
79.0994467204426	79.4684964252029	3692.333	2160.816
44.0999147200682	44.4659044272765	2266.622	1260.811
0.900479279616576	1.26467898825681	120.959	30.374
0.599539520368384	0.970559223552621	96.711	21.324
1.89884848092122	2.25917819265745	194.357	60.844
89.100948719241	89.4658684273053	4144.581	2547.782
0.0985499211600631	0.450179639856288	52.18	7.482
64.098408721273	64.4691084247133	3097.675	1696.36
74.0985107211914	74.4702604237917	3517.838	2081.124
19.1012647189882	19.4615844307325	1227.939	569.373
0.301049759160193	0.666179467056426	68.094	12.829
