69.1009447192442	69.1179647056282	13474.97	7192.991
39.100968719225	39.117928705657	7647.981	4099.645
24.1009807192154	24.1180007055994	4768.591	2498.521
0.100999919200065	0.118079905536076	92.375	9.088
0.300999759200193	0.317879745696203	143.941	26.641
34.1009727192218	34.1178927056858	6970.288	3609.902
29.1009767192186	29.1178567057146	5848.889	3130.977
1.90099847920122	1.91789846568123	454.352	196.38
6.30099495920403	6.31799494560404	1327.169	694.641
49.1009607192314	49.1180007055994	9751.877	5130.364
0.400999679200257	0.418139665488268	169.855	34.603
74.1009407192474	74.1178207057434	14394.703	7519.127
1.30099895920083	1.31813894548884	340.209	134.094
0.900999279200577	0.917999265600588	261.05	87.255
84.1009327192538	84.1178927056858	16652.529	8545.325
0.200999839200129	0.21797982561614	132.899	17.282
44.1009647192282	44.1179647056282	8894.387	4726.642
4.20099663920269	4.2179366256507	904.121	446.91
19.1009847192122	19.1181447054842	3872.008	2061.411
79.1009367192506	79.1178567057146	15793.686	8375.654
89.100928719257	89.117928705657	17784.101	9193.229
0.600999519200385	0.618119505504396	202.542	51.316
99.1009207192634	99.1178207057434	19265.402	12097.308
64.100948719241	64.118108705513	12799.841	6716.56
59.1009527192378	59.1178927056858	11767.251	6263.6
2.80099775920179	2.8180777455378	645.58	293.524
9.40099247920602	9.41795246563803	1927.631	962.58
54.1009567192346	54.1180367055706	10836.99	5698.828
94.1009247192602	94.1179647056282	18773.169	12327.803
14.100988719209	14.118108705513	2825.383	1500.317
