6.31145495083604	39.7446882042494	1552.407	730.433
88.7181990254408	99.999280000576	3491.218	2908.598
63.7800889759288	95.8063633549093	3374.074	2620.788
0.881199295040564	12.8573897140882	831.634	182.52
0.598699521040383	9.40229247816602	747.043	78.162
80.9632652293878	99.6592602725918	3370.893	2817.174
0.167479866016107	2.8070977543218	235.629	23.318
24.1101607118714	60.4700516239587	2207.811	1281.384
67.8756856994514	94.7303242157406	3315.099	2697.217
91.5579867536106	100.0	3573.138	2965.741
18.2164754268197	46.861882510494	1690.248	968.175
25.5102495918003	48.1485214811828	1782.417	1068.075
51.588518729185	75.6944394444484	2705.269	1750.423
58.9023028781577	92.4979660016272	3208.197	2481.902
0.397329682136254	6.49421480462816	564.504	55.084
43.8508049193561	76.8734385012492	2700.502	1756.462
12.427340058128	37.8827696937842	1383.808	766.782
1.90732847413722	18.3650253079798	760.826	306.106
49.0467007626394	84.5786923370461	3033	1654.582
4.2120266303787	34.395092483926	1398.367	593.349
9.40388247689402	44.7537241970206	1697.951	847.356
70.1936638450689	92.208526233179	3264.93	2763.898
77.3676781058575	99.5426203659037	3272.494	2753.531
35.892441286047	59.0120527903578	2093.819	1304.617
84.5192523845981	99.8999200800639	3396.903	2963.51
34.1039427168458	70.384443692445	2519.166	1382.119
0.112999909600072	1.93463845228924	175.133	16.034
1.90258847792922	22.7572017942386	1137.049	318.716
0.09368992504806	1.64231868614505	149.089	13.43
1.16883906492875	15.3856676914658	812.08	185.795
