52.7207478234017	99.999460000432	3358.148	2643.584
46.6448926840859	99.984520012384	3693.164	3398.576
58.0955735235412	100.0	3647.399	2607.387
31.7032046374363	99.6677202658238	3615.626	3235.741
0.81208935032852	13.5829691336247	1664.084	185.055
1.85478851616919	28.4750772199382	2478.384	439.192
20.5185735851411	96.2288230169416	6761.425	4462.053
44.3344845324124	99.984880012096	3836.245	3469.599
1.57652873877701	24.4436204451036	2293.109	453.506
49.6743302605358	99.994780004176	6568.592	4676.968
32.4041140767087	99.8057801553759	3353.764	2431.13
14.7000582399534	91.4804268156585	3187.538	1606.003
29.3300065359948	99.6565602747518	3162.414	2574.29
1.12502909997672	18.2496454002837	2003.798	293.762
41.6762266590187	99.981280014976	3670.207	3332.414
17.9126356698915	94.9211240631007	3532.746	3165.493
2.45385803691357	35.3103917516866	3056.289	558.576
16.9043364765308	92.9242056606355	3205.522	1541.982
35.6844814524148	99.919540064368	3357.015	2479.046
1.29555896355283	20.8803432957254	2340.734	316.265
0.988389209288633	16.1400470879623	2421.189	215.013
22.2725821819343	98.2041414366869	3496.247	3158.984
44.6446942842446	99.991180007056	3227.068	2483.247
55.4317156546275	99.999820000144	3288.873	2821.844
24.8779600976319	98.6044611164311	3606.411	3158.171
0.885569291544567	14.7380282095774	2317.256	204.246
58.0926735258612	100.0	3941.658	3512.954
37.9729196216643	99.9060400751679	3466.62	2468.428
50.2394398084482	99.998020001584	3288.314	2632.22
1.14059908752073	18.4780652175478	2074.76	284.468
58.0794235364612	100.0	6436.293	4639.254
60.5438715649028	100.0	3477.11	2744.554
37.1645102683918	99.8351201319039	3594.479	3261.649
50.1707498634001	99.996760002592	3579.281	2709.076
26.2072690341848	99.3885404891676	3151.064	2364.709
52.9019176784659	99.999280000576	3544.458	2612.602
24.964920028064	98.6764610588312	3241.362	2362.899
15.4696876242499	93.4487252410198	3330.299	1815.603
55.5025855979315	99.999460000432	6526.166	4751.31
35.7050114359908	99.9235000611999	3184.904	2484.387
41.2727269818184	99.960220031824	3098.337	2538.05
29.3867464906028	99.6758202593438	3333.611	2386.03
55.5640055487956	99.999460000432	3570.726	2640.873
1.85427851657719	28.4606772314582	2467.278	459.799
52.9429676456259	99.998380001296	3928.515	3442.887
44.6379042896766	99.9910000072	6549.915	4668.394
12.1118203105438	88.0431495654803	5919.045	1593.284
12.8707497034002	90.8761672990662	3472.344	1497.666
60.5430215655827	100.0	3693.895	2564.073
29.4178964656828	99.6864402508478	3675.106	3231.618
60.5417315666148	100.0	6931.081	4659.393
47.4781920174464	99.99640000288	3350.632	2521.189
40.2128378297297	99.9127000698399	3478.072	2485.822
1.89638848288921	29.0496367602906	2815.817	448.477
24.3042405566076	98.1881214495028	7372.082	4518.925
29.0937167250266	99.5827603337917	7062.841	4533.009
11.3056809554552	84.8402321278143	3257.28	1622.284
22.9304216556627	98.7745609803512	3314.575	2333.777
0.865719307424554	14.4136684690652	1841.445	195.28
38.0452195638243	99.9132400694079	7193.726	4595.819
17.8336757330594	94.7609241912606	6847.56	4468.76
35.6597514721988	99.91810006552	7716.684	4629.337
47.3131321494943	99.992620005904	6559.154	4623.417
40.9762872189702	99.947980041616	6798.028	4510.137
58.0807335354132	100.0	3374.188	2801.642
31.3984548812361	99.5899603280317	3173.033	2287.097
55.5432455654035	99.999460000432	3977.974	3476.494
32.5880539295569	99.8452001238399	7000.024	4516.703
19.5440943647245	97.4683020253584	3328.875	2188.273
35.3314017348786	99.8830000935999	3663.158	3239.746
44.5038943968845	99.987940009648	3438.603	2427.698
22.9183716653027	98.7893209685432	3136.353	2262.692
46.5434327652538	99.983080013536	3459.307	2537.59
14.7353582117134	91.5632267494186	6559.748	1715.311
11.1474310820551	84.2800725759419	3294.667	1408.906
52.9563376349299	99.998560001152	6902.486	4637.359
16.1905770475384	95.1682638653889	3459.181	3159.589
50.2471698022642	99.99820000144	3950.695	3394.007
60.5434615652307	100.0	3954.297	3697.016
38.6738390609287	99.95770003384	3167.943	2575.894
0.806519354784516	13.5037691969846	1693.005	191.375
