0.00392999685600252	0.0696599442720446	44.172	1.865
0.0060999951200039	0.10907991273607	67.677	2.24
0.0129699896240083	0.226619818704145	136.553	3
0.018809984952012	0.323819740944207	193.213	3.747
0.0275699779440176	0.467819625744299	279.232	4.632
0.0419599664320269	0.682019454384436	402.789	5.574
0.0636499490800407	0.994139204688636	579.292	7.783
0.0949999240000608	1.37213890228888	798.209	10.127
0.141559886752091	1.8718185025452	1056.55	13.782
0.210619831504135	2.42801805758555	1304.152	16.944
0.317709745832203	3.04433756452995	1538.597	22.655
0.473849620920303	3.60611711510631	1704.149	31.685
0.709859432112454	4.11875670499464	1842.543	42.065
3.60171711862631	7.25345419723664	2926.191	172.192
5.39375568499545	9.04733276213379	3465.347	254.082
8.09571352342918	11.7466106027115	4450.27	377.81
12.1347502921998	15.7928273657381	5918.552	574.671
18.2088654329077	21.842442526046	7713.315	819.342
27.3127181498255	30.9565552347558	10790.992	1240.229
37.3103001517599	40.9359272512582	14109.278	1685.543
47.3082521533983	50.9473392421286	17617.456	2214.278
57.3057441554047	60.946691242647	20758.464	2533.623
67.3056961554431	70.9573832340934	24236.131	3058.771
77.2478882016894	80.2570757943394	26843.108	3448.364
87.3086801530559	90.9636472290822	30584.773	3864.189
97.2095222323822	99.8385401291679	33644.06	4208.987
