98.6703310637351	100.0	24984.605	16528.466
0.900169279864576	4.42349646120283	1092.881	165.425
94.0939647248282	97.7314618148306	24325.53	15917.387
6.30030495975603	9.92519205984635	2541.765	866.802
59.0978527217178	62.7324698140241	15907.312	8483.794
89.103188717449	92.7458258033394	23484.412	15211.791
29.1020067183946	32.731353814917	8233.082	4048.859
4.19845664123469	7.83449373240501	2000.192	569.453
74.0974107220714	77.7296978162418	19445.697	10388.766
0.596349522920382	3.9025768779385	1055.363	130.519
34.1062527149978	37.7718897824882	9719.197	4918.625
1.89660848271321	5.54075556739555	1359.557	261.089
54.0989167208666	57.749713800229	14660.191	7705.254
1.30146895882483	4.91057607153914	1201.265	203.17
49.1021507182794	52.7322178142257	13590.969	7244.14
69.0960347231722	72.7352418118065	18556.078	10152.599
0.398179681456255	3.35645731483415	952.458	111.856
44.1059347152522	47.7368618105106	12174.223	6340.691
0.199379840496128	2.32595813923349	962.339	88.782
79.0982367214106	82.7410738071409	20882.87	11312.842
19.0967547225962	22.7419018064786	5806.925	2701.814
24.1029507176394	27.7304178156657	7179.693	3543.833
0.299419760464192	2.94659764272189	967.258	101.954
64.095228723817	67.7316058147154	17064.646	9237.488
9.16798266561387	11.6177307058154	2894.372	1296.244
39.114998708001	42.7508657993074	10927.764	5633.369
84.1027427178058	87.7355298115762	21654.084	11693.541
14.096438722849	17.7373658101074	4617.371	2054.914
0.100539919568064	1.44431884454492	948.924	61.761
2.80020775983379	6.43121485502812	1612.303	402.168
