2.80103775916979	3.16655746675403	267.366	83.375
69.1009647192282	69.4664444268445	6177.847	1718.787
74.1006007195194	74.4639604288317	6932.838	1991.058
1.30096895922483	1.66841866526507	137.257	42.043
0.200059839952128	0.567359546112363	48.602	10.052
0.600129519896384	0.962819229744616	84.76	20.587
39.100548719561	39.4671284262973	3353.145	1062.873
0.400509679592256	0.760679391456487	61.487	15.766
64.097118722305	64.4588484329213	5833.397	1546.717
14.099078720737	14.4649684280253	1152.788	399.938
99.0997007202394	99.4540604367516	8222.307	2647.422
54.1025067179946	54.4706564234749	4708.672	1448.758
94.0994947204042	94.4648244281405	8261.868	2526.66
1.90077847937722	2.26511818790545	180.607	55.246
0.900919279264577	1.26413898868881	100.391	30.972
19.0992147206282	19.4641044287165	1622.127	540.406
6.29927496058003	6.66269466984426	527.207	180.615
49.1016107187114	49.4641404286877	4137.658	1342.075
9.40100247919802	9.76247219002225	834.638	269.035
34.0995627203498	34.4580924335261	2713.079	946.524
89.101178719057	89.4590284327773	7531.148	2801.403
0.0995199203840637	0.459539632368294	41.063	7.64
59.0996427202858	59.4658324273341	5112.885	1617.258
84.0997427202058	84.4672724261821	7121.511	2296.613
79.1006067195146	79.4632764293789	7132.206	2155.234
4.20092663925869	4.56299634960292	362.432	123.181
29.0986467210826	29.4641764286589	2418.579	810.92
44.1004547196362	44.4671644262685	3677.508	1211.922
0.299719760224192	0.664379468496425	57.132	12.902
24.0990307207754	24.4686404250877	2029.508	689.107
