0.000989999208000634	0.0178199857440114	12.405	1.058
0.00195999843200125	0.0350999719200225	24.369	1.465
0.00268999784800172	0.0480599615520308	34.752	1.742
0.00382999693600245	0.0676799458560433	93.512	3.264
0.00612999509600392	0.108359913312069	179.657	5.342
0.00862999309600552	0.152999877600098	252.146	7.904
0.0130099895920083	0.228959816832147	375.604	10.876
0.018719985024012	0.322559741952206	471.943	17.958
0.0282199774240181	0.472679621856303	595.712	28.221
0.042249966200027	0.683819452944438	729.065	38.213
0.06249995000004	0.969839224128621	841.639	54.341
0.0928999256800595	1.35863891308887	962.092	66.992
0.143219885424092	1.88567849145721	1019.463	81.04
0.211889830488136	2.42171806262555	986.337	93.27
0.318969744824204	3.03497757201794	948.137	105.91
0.476149619080305	3.60719711424231	973.253	120.069
0.709189432648454	4.12487670009864	1042.5	144.047
1.06327914937668	4.61303630957095	1166.09	177.425
1.59882872093702	5.22737581809935	1310.875	235.829
2.39733808212953	6.02387518089986	1499.065	330.32
3.5943571245143	7.22879421696463	1859.537	445.822
5.38937568849945	9.02915277667778	2319.496	709.915
8.09766352186918	11.7242906205675	3011.319	1140.37
12.1384502892398	15.7705073835941	4157.38	1732.02
18.2062654349877	21.844782524174	5677.155	2545.282
27.3006281594975	30.7729553816357	7887.164	3949.097
37.3094801524159	40.9307072554342	10408.241	5253.421
47.3091421526863	50.9019792784166	12763.774	6887.294
57.3170041463967	60.955511235591	15354.124	8003.809
67.3179161456671	70.9557632353894	17877.051	9411.768
77.3110181511855	80.9417952465638	20345.125	10976.143
87.3093401525279	90.9337672529862	23216.367	15040.23
97.2244522204382	99.9074800740159	24823.107	16217.267
