0.00117999905600076	0.0212399830080136	2441.277	1099.503
0.00194999844000125	0.0350999719200225	2414.506	1106.927
0.00321999742400206	0.0570599543520365	2412.885	1065.999
0.00334999732000214	0.0595799523360381	2382.121	1076.421
0.0057799953760037	0.101879918496065	2366.196	1038.496
0.00945999243200605	0.166139867088106	2390.88	1080.947
0.0132899893680085	0.231839814528148	2426.758	1090.429
0.0197299842160126	0.339839728128217	2395.636	1057.08
0.0282999773600181	0.478619617104306	2359.558	1050.885
0.0409399672480262	0.67193946244843	2392.42	1121.139
0.0621699502640398	0.962099230320616	2403.51	1190.88
0.0938799248960601	1.36907890473688	2395.164	1062.805
0.14083988732809	1.85255851795319	2410.572	1107.117
0.210529831576135	2.39939808048154	2413.845	1072.451
0.316859746512203	3.04199756640195	2385.522	1089.47
0.475889619288305	3.57875713699429	2398.308	1114.523
0.708959432832454	4.12775669779464	2424.743	1136.627
1.06627914697668	4.60871631302695	2406.951	1050.046
1.60119871904102	5.21315582947534	2435.623	1064.685
2.39064808748153	6.00803519357185	2384.938	1070.706
3.5988271209383	7.23113421509263	2416.558	1045.73
5.39390568487545	9.02537277970178	2400.866	1057.979
8.08634353092518	11.7284306172555	2393.674	1063.701
12.0021903982477	14.7115682307454	2443.908	1104.981
18.2076654338677	21.852882517694	2450.142	1162.616
27.3167581465935	30.9549352360518	2439.657	1087.081
37.3142301486159	40.9526672378662	2444.169	1098.703
47.2920321663743	50.6823794540964	2505.358	1306.871
57.3117041506367	60.951911238471	2488.521	1287.245
67.3062161550271	70.9629632296294	2601.313	1297.79
77.3148581481135	80.9489952408038	2596.286	1177.925
87.3065001547999	90.9218872624902	2482.008	1188.648
97.1531422774862	99.6713202629438	2510.108	1198.333
