34.1024527180378	37.7526297978962	14227.539	2044.977
2.79732776213779	6.46073483141214	2845.696	174.339
89.102838717729	92.7287258170194	34301.325	5538.789
24.1029407176474	27.7390578087538	10579.393	1454.216
0.598429521256383	3.89393688485049	1879.723	43.874
1.89997848001722	5.53463557229154	2428.05	122.3
0.20282983773613	1.88999848800121	1017.316	15.912
79.0961267230986	82.6332538933969	30365.148	4762.069
84.0904927276058	87.6381498894801	32348.832	5042.084
69.0990747207402	72.7478418017266	26675.942	4113.404
93.9830848135321	96.7236426210859	35939.878	9714.72
0.199669840264128	2.3392781285775	1327.246	18.286
74.1001107199114	77.7446378042898	28904.567	4446.887
0.0988899208880633	1.42559885952091	872.737	9.93
1.30316895746483	4.90895607283514	2235.993	88.499
44.0260647791482	47.0112823909741	17597.192	3017.102
19.1055447155642	22.7437018050386	8781.258	1130.183
4.19853664117069	7.82207374234101	3268.176	264.575
49.0974307220554	52.7386978090418	19830.947	2988.009
39.098298721361	42.7469058024754	16019.766	2291.677
59.1013627189098	62.7396698082642	23366.397	3497.018
6.29444496444403	9.93509205192636	4104.86	381.43
0.902609277912578	4.40495647603482	2086.767	62.891
54.0987567209946	57.739093808725	21555.407	3283.279
64.103458717233	67.7353858116913	25232.081	3850.659
29.0906667274666	32.737473810021	12368.845	1747.078
0.397689681848255	3.36941730446616	1764.836	31.6
14.094258724593	17.7463658029074	6928.579	835.869
9.39869248104602	13.0271295782963	5233.27	581.131
98.6637110690312	99.999820000144	36632.777	9973.399
