2.39309808552153	6.01541518766785	5551.578	1480.128
0.211059831152135	2.40857807313754	5523.398	1448.023
1.06330914935268	4.62941629646696	5110.232	1264.762
0.00321999742400206	0.0575999539200369	5657.853	1459.109
0.00303999756800195	0.0541799566560347	5051.868	1980.953
1.59992872005702	5.22431582054734	5576.067	1481.28
0.210969831224135	2.42261806190555	5550.164	1444.018
3.5974771220183	7.22015422387662	5104.599	1474.589
0.0618299505360396	0.966419226864619	5723.168	1098.368
0.471949622440302	3.5902771277783	5569.441	1474.332
0.0100599919520064	0.17261986190411	5693.529	1357.668
0.0125999899200081	0.220499823600141	5036.319	1448.47
0.00929999256000595	0.162539869968104	5195.709	1471.971
0.00395999683200253	0.0696599442720446	5223.16	1456.665
0.474999620000304	3.5996371202903	5520.714	1284.871
0.000929999256000595	0.0167399866080107	5170.706	1062.648
0.315569747544202	3.02309758152193	5081.597	1236.855
5.39824568140345	9.03149277480578	5548.444	1056.855
0.00631999494400404	0.112679909856072	5118.466	1467.236
0.393099685520252	2.72627781897774	5530.694	1230.666
3.5939571248343	7.22699421840463	5522.806	1354.442
0.028079977536018	0.471779622576302	5172.079	1352.88
0.00175999859200113	0.03131997494402	5608.671	1460.537
0.0630599495520404	0.988019209584632	5133.083	1033.154
0.603659517072386	3.127677497858	5563.089	1492.58
5.26759578592337	7.98173361461311	5549.446	996.996
2.39636808290553	6.03557517153986	5168.427	1403.349
0.0277599777920178	0.465119627904298	5100.469	1463.829
0.0621299502960398	0.965159227872618	5067.683	984.841
0.00915999267200586	0.161999870400104	5151.245	1377.477
0.0194299844560124	0.332639733888213	5672.09	1501.997
0.0190399847680122	0.32777973777621	5193.297	1435.423
1.06612914709668	4.62707629833896	5548.84	1473.152
0.0407499674000261	0.659879472096422	5698.047	1444.765
0.0410599671520263	0.67121946302443	5592.769	1025.198
0.028099977520018	0.474659620272304	5154.633	1467.638
0.000909999272000582	0.0163799868960105	5104.502	1113.94
0.00299999760000192	0.053099957520034	5532.606	1033.257
0.142009886392091	1.8682185054252	5162.254	1110.62
0.259189792648166	2.32469814024149	5535.387	1503.308
0.00586999530400376	0.104579916336067	5215.378	1327.869
1.07075914339269	4.63751628998697	5110.219	1472.859
8.09257352594118	11.7331106135115	5202.385	1484.741
0.0136299890960087	0.23507981193615	5164.4	1480.721
0.00616999506400395	0.10907991273607	5557.517	1430.588
0.0938499249200601	1.36205891035287	5581.7	1469.91
0.0645499483600413	0.998099201520639	5120.129	1463.499
0.00881999294400564	0.155159875872099	5550.555	1441.386
8.09094352724518	11.7253706197035	5123.294	1254.471
2.40050807959354	6.03143517485186	5078.024	1441.653
8.08735353011718	11.7178106257515	5179.722	1480.405
0.139659888272089	1.84103852716918	5531.71	1399.211
0.00417999665600267	0.0743399405280476	5528.978	1460.918
1.06674914660068	4.63589629128297	5094.085	1473.999
0.313929748856201	3.03425757259394	5652.902	1214.986
0.0123299901360079	0.215099827920138	5558.432	1111.147
0.0930999255200596	1.33883892892886	5139.509	1306.572
0.142389886088091	1.8683985052812	5096.923	1055.05
0.474769620184304	3.60179711856231	5085.09	1458.384
0.00294999764000189	0.0523799580960335	5587.344	1336.502
1.59537872369702	5.22917581665935	5515.35	1443.136
0.042149966280027	0.680399455680435	5703.224	1453.856
0.00551999558400353	0.0977399218080626	5890.48	1151.715
5.39157568673945	9.02321278142978	5713.217	1490.814
0.00362999709600232	0.0646199483040414	5123.198	1385.946
0.0165399867680106	0.278819776944178	5146.734	1458.832
0.0010899991280007	0.0196199843040126	5518.585	1143.252
3.5911371270903	7.22879421696463	5485.366	1454.586
0.0129499896400083	0.225539819568144	5594.923	1469.818
0.00194999844000125	0.0349199720640224	5110.658	1474.341
1.59599872320102	5.21369582904334	5205.78	1242.204
3.5971171223063	7.23599421120463	5125.162	2037.834
0.00100999919200065	0.0181799854560116	5569.412	1507.829
0.710879431296455	4.12901669678664	5011.832	1476.178
0.208459833232133	2.37743809804952	5549.736	1277.374
5.39977568017946	9.03653277077378	5090.69	1479.313
0.0413299669360265	0.678419457264434	5510.642	1164.663
0.710709431432455	4.13027669577864	5132.793	1481.039
2.39378808496953	6.01631518694785	5622.078	1122.231
0.141499886800091	1.85309851752119	5594.071	1167.538
0.00623999500800399	0.110339911728071	5663.075	1472.508
8.09559352352518	11.7257306194155	5592.055	1470.592
0.00182999853600117	0.0329399736480211	5088.68	1194.3
0.00206999834400132	0.0368999704800236	5102.213	1015.294
0.210269831784135	2.41523806780955	5149.716	1319.202
0.712499430000456	4.10741671406663	5207.998	1103.596
1.59606872314502	5.22359582112334	5690.637	1066.399
0.0944799244160605	1.38275889379288	5103.334	1431.631
0.316069747144202	3.02435758051394	5110.036	1450.479
0.00365999707200234	0.0653399477280418	5127.118	1485.753
0.0944699244240605	1.36529890776087	5166.696	1373.03
0.0189599848320121	0.32885973691221	5046.223	1460.886
