99.1004407196474	99.4493804404956	2600.54	1591.639
0.600269519784384	0.965159227872618	2506.342	1719.794
34.0983627213098	34.4597124322301	2570.001	1774.566
79.0990867207306	79.4596764322589	2573.461	1845.334
24.1005407195674	24.4598204321437	2514.594	1682.802
1.89911848070522	2.26025819179345	2552.915	1695.804
59.1022427182058	59.4679924256061	2605.008	1853.43
9.40066247947002	9.76103219117425	2577.744	1742.329
74.0992907205674	74.4600004319997	2680.742	1538.977
54.1008967192826	54.4657964273629	2617.502	1474.004
0.199459840432128	0.559079552736358	2491.083	1183.709
39.100078719937	39.4658684273053	2597.405	1318.089
0.398319681344255	0.759599392320486	2620.264	1784.77
69.1011447190842	69.4660844271325	2657.275	1312.657
0.898889280888575	1.26125899099281	2603.378	1461.179
94.1004847196122	94.4635644291485	2665.934	1961.909
49.0993007205594	49.4654004276797	2608.23	1840.067
0.100569919544064	0.460439631648295	2578.962	1724.807
4.20010663991469	4.56821634542692	2618.982	1639.474
1.30000895999283	1.66409866872107	2614.284	1240.737
6.29917496066003	6.66467466826027	2570.45	1305.645
89.100688719449	89.4615484307613	2696.828	1643.782
29.0994567204346	29.4584164332669	2603.96	1455.715
64.100368719705	64.4660484271613	2623.952	1890.415
0.299499760400192	0.669419464464428	2530.694	1658.621
2.79755776195379	3.16151747078602	2610.692	1672.638
84.1013227189418	84.4620524303581	2633.634	1572.701
19.0995247203802	19.4601444318845	2600.156	1450.127
14.100748719401	14.4719884224093	2647.642	1695.268
44.0998647201082	44.4671644262685	2700.432	1898.454
