1.29782896173683	17.5240659807472	3719.95	2290.664
0.199239840608128	3.42539725968219	3839.834	2284.306
6.30704495436404	39.7520681983454	3708.038	2210.429
13.8090089527928	46.2759829792136	3768.298	2368.718
56.9095144723884	81.6097747121802	4267.695	2556.975
34.0864727308218	70.1002239198209	3836.398	2320.038
91.5579867536106	100.0	4383.622	2699.448
2.1907182474254	20.8875432899654	4062.778	2349.922
38.9186888650489	72.7937417650066	4189.665	2382.464
0.295969763224189	4.96187603049918	4118.443	2481.261
4.20307663753869	34.37871249703	4148.156	2643.509
85.4102816717747	99.994960004032	4312.809	2612.875
8.81370294903764	37.9436096451123	4095.195	2413.553
0.0949599240320608	1.66787866569707	3701.063	2383.818
19.0405647675482	54.608536313171	4132.87	2448.857
72.7307818153745	97.9895816083347	4244.36	2662.551
0.587569529944376	9.16397266882186	4341.333	2435.37
54.0136467890826	89.1965886427291	4262.279	2567.613
76.3156989474408	98.1177415058068	4242.127	2584.282
29.0210967831226	64.4118684705052	3939.982	2475.205
0.29736976210419	4.81319614944308	3685.51	2227.758
1.89354848516121	22.6256218995025	3704.919	2246.646
79.9607660313872	98.9903808076954	3912.032	2499.064
24.0865607307514	60.3361317310946	4121.185	2426.677
88.6443690845047	99.998560001152	3942.195	2513.791
44.0331847734522	79.4094564724348	4330.285	2392.176
48.355531315575	77.7259178192657	3839.509	2395.214
62.452380038096	88.4279892576086	4173.157	2443.234
0.895089283928573	13.1642894685684	4030.089	2298.934
66.6422966861627	90.7278474177221	3899.088	2424.072
