49.1016007187194	49.4618004305597	4262.169	2143.525
29.1004967196026	29.4731764214589	2534.15	1275.975
79.1010867191306	79.4690364247709	6671.891	3471.184
44.0984447212442	44.4581644334685	3761.979	1862.316
54.0990067207946	54.4582364334109	4644.93	2330.769
34.0989427208458	34.4584524332381	2944.624	1410.5
14.101828718537	14.4647884281693	1286.772	614.471
0.100299919760064	0.454679636256291	80.526	5.385
1.89914848068122	2.26079819136145	248.693	84.534
64.099758720193	64.4685684251453	5381.236	2748.207
1.30041895966483	1.66859866512107	190.162	58.879
2.80123775900979	3.16997746401803	323.855	120.176
0.299799760160192	0.670139463888429	101	12.339
4.20098663921069	4.56245635003492	446.69	188.817
24.0998007201594	24.4670204263837	2099.676	1055.116
99.0905507275594	99.3817004946396	8370.68	9148.257
94.1000247199802	94.4619444304445	8205.224	7734.807
39.101668718665	39.4644284284573	3334.299	1690.964
6.30098495921203	6.66701466638827	608.518	270.765
0.600749519400384	0.964619228304617	136.946	25.052
74.0988707209034	74.4648604281117	6402.261	3073.036
9.39949248040602	9.76265218987825	890.08	422.712
89.099668720265	89.4626284298973	7353.904	4003.384
0.901089279128577	1.25909899272081	154.793	39.301
0.400569679544256	0.76553938756849	108.772	16.533
19.0992747205802	19.4597844321725	1704.819	803.579
84.0989527208378	84.4651124279101	7145.726	3644.914
0.199909840072128	0.567719545824363	90.241	8.671
59.0994627204298	59.4658324273341	4920.241	2567.399
69.0997347202122	69.4626644298685	5893.716	3035.111
0.900789279368577	1.25891899286481	152.954	39.143
39.098658721073	39.4664084268733	3380.71	1728.735
99.0976607218714	99.4457804433756	8457.143	8436.184
79.0979667216266	79.4589564328349	6596.07	3520.814
1.29951896038483	1.66085867131306	190.161	57.793
69.0987747209802	69.4659044272765	5920.721	2874.647
84.1010927191258	84.4672724261821	7262.627	3553.564
1.90122847901722	2.26871818502545	245.084	85.205
19.1006447194842	19.4691444246845	1665.374	773.169
