29.0916367266906	32.7059738352209	4123.419	2297.402
0.400969679224257	3.38939728848217	3243.863	2195.868
0.301659758672193	2.95325763739389	3706.358	2367.674
74.0983007213594	77.7390578087538	3839.605	2451.309
79.0989967208026	82.7320738143409	3562.751	2423.565
2.80401775678579	6.44813484149213	3739.43	2279.245
0.0931299254960596	1.31723894620884	3243.5	2189.84
6.29413496469203	9.93653205077436	3302.787	2196.969
24.0928907256874	27.7487778009778	3359.087	2252.445
34.1028127177498	37.7664897868082	3406.189	2285.839
1.30210895831283	4.91039607168314	3669.993	2292.044
0.600889519288385	3.89663688269049	3315.72	2208.975
1.89847848121722	5.52491558006754	3634.525	2319.764
54.1000867199306	57.741253806997	3827.961	2460.919
98.6029111176711	99.99730000216	3530.207	2418.546
94.0898947280842	97.6486618810705	3513.851	2436.251
9.39641248287001	13.0328895736883	4132.19	2194.124
39.107678713857	42.7386258090994	3732.659	2442.713
0.896219283024574	4.41899646480283	3393.665	2242.229
59.0947227242218	62.7322898141681	3527.907	2311.754
64.100658719473	67.7344858124114	3413.509	2383.427
49.1018507185194	52.7395978083218	3381.587	2301.234
44.1053747157002	47.7239018208785	3744.637	2487.811
68.9814748148201	71.7187826249739	3462.771	2372.795
88.7915889667288	91.1161071071143	3548.653	2409.154
4.20259663792269	7.84727372218102	3704.755	2361.377
84.0995827203338	87.7319298144562	3926.806	2563.466
14.100498719601	17.7384458092434	3784.618	2324.545
0.199279840576128	2.3425181259855	3344.451	2235.516
19.0968247225402	22.7456818034546	3373.161	2272.298
