17.0615863507309	88.0669095464724	14192.687	2821.529
78.6577070738343	100.0	22816.484	11631.943
0.0063999948800041	0.114839908128074	151.141	5.874
1.2429890056088	19.0132047894362	12223.523	1056.345
1.69357864513708	23.9466408426873	9999.945	1241.957
57.6840238527809	99.5635003491997	21443.076	8395.536
0.0128099897520082	0.230039815968147	395.917	15.52
33.9498628401097	95.8528033177573	17154.104	4821.054
38.7013490389208	92.1075463139629	19106.663	5737.818
2.39005808795353	30.3560757151394	9864.506	1292.062
0.512269590184328	8.57375314099749	9177.294	545.25
0.110629911496071	1.95965843227325	3284.626	124.954
0.00379999696000243	0.0683999452800438	46.342	2.8
0.000869999304000557	0.01565998747201	11.205	1.282
0.0257699793840165	0.462779629776296	769.945	27.368
0.0778099377520498	1.38671889062489	2372.623	89.131
50.5666795466564	99.1192607045914	19360.34	7424.882
7.46471402822878	67.0659663472269	13275.956	1747.226
72.6659218672625	99.998380001296	21191.368	10844.772
0.163409869272105	2.85569771544183	4218.893	183.411
0.0344799724160221	0.617939505648396	1051.282	39.284
0.00224999820000144	0.0404999676000259	28.253	1.928
0.425299659760272	7.30493415605268	9466.228	381.019
3.2846173723061	36.2121910302472	10003.898	1316.797
0.170299863760109	3.00563759548992	4792.023	190.184
0.00283999772800182	0.0511199591040327	35.193	2.233
0.966149227080618	15.598067521546	13358.251	924.458
19.2455546035563	72.2326822138542	15712.467	3193.439
0.0342899725680219	0.614879508096393	1077.594	39.625
0.00846999322400542	0.152279878176097	224.091	8.21
66.6264566988346	99.993880004896	20473.782	10010.942
0.00126999898400081	0.0228599817120146	16.1	1.374
11.0785611371511	76.556998754401	13815.361	2032.316
