7.22187422250062	34.0766727386618	15951.739	446.612
1.30049895960083	15.9181072655142	9093.846	99.775
0.00412999669600264	0.0741599406720475	46.879	1.277
1.04692916245667	14.8123681501055	8750.633	85.251
0.138319889344089	2.40479807616154	1444.284	12.559
0.00102999917600066	0.0185399851680119	12.785	1.1
0.0332099734320213	0.587699529840376	354.855	3.4
0.00610999511200391	0.10997991201607	69.653	1.333
74.6865002507998	97.2593221925422	46610.207	4951.22
64.9224480620416	89.2030686375451	42671.044	4754.701
5.34554572356342	36.9231904614476	17903.547	357.75
0.306199755040196	5.11001591198727	3054.737	25.017
0.153509877192098	2.62673789860968	1572.497	13.53
17.5467759625792	47.3669621064303	22073.697	1014.02
0.0183299853360117	0.32867973705621	200.624	2.421
83.9858828112937	99.976420018864	48407.574	8657.222
37.2435002051998	72.6972618421905	34547.856	2083.704
90.549547560362	99.999820000144	48001.164	9756.67
0.0064099948720041	0.114659908272073	71.772	1.4
25.5837895329684	51.3548589161129	24303.014	1405.813
44.2074946340043	67.4821260142992	32079.281	2468.814
11.9984404012477	45.8420033263973	21475.515	754.861
0.00286999770400184	0.0516599586720331	33.204	1.245
0.402359678112258	6.41789486568411	3852.768	34.207
0.0592399526080379	1.04219916624067	624.049	5.536
0.0276999778400177	0.494459604432316	303.047	2.945
0.0356599714720228	0.636299490960407	384.781	3.82
0.518269585384332	7.813433749253	4664.115	42.109
3.5981371214903	32.0583343533325	16418.148	253.062
0.0128799896960082	0.231479814816148	144.152	1.906
1.38623889100889	14.7092282326174	7931.254	99.56
57.0908543273165	90.2902677677858	43274.583	3234.42
0.00203999836800131	0.0367199706240235	23.911	1.225
