67.3136261490991	70.9377632497894	25069.675	2987.537
0.00204999836000131	0.0365399707680234	23.449	1.17
0.00400999679200257	0.0721799422560462	46.387	1.257
0.209469832424134	2.42891805686555	1353.887	14.968
87.3062801549759	90.9224272620582	31782.993	4135.726
0.477389618088306	3.60935711251431	1753.489	29.693
1.06347914921668	4.65209627832298	2126.17	55.7
1.60075871939302	5.22665581867535	2300.802	79.898
0.00616999506400395	0.10943991244807	68.356	1.363
0.0185399851680119	0.323999740800207	194.562	2.176
97.2217322226142	99.8970400823679	34526.23	8271.894
57.3046141563087	60.929591256327	21512.043	2477.553
0.0128899896880083	0.224459820432144	136.705	1.769
3.5976971218423	7.21925422459662	3040.097	171.862
0.00917999265600588	0.161099871120103	100.987	1.822
0.000879999296000563	0.0158399873280101	11.131	1.101
0.028169977464018	0.472499622000302	286.254	3.091
0.269269784584172	2.42243806204955	1233.189	17.059
8.09264352588518	11.7264506188395	4549.438	363.929
5.38972568821945	9.04085276731779	3625.62	246.916
0.0938899248880601	1.36133891092887	812.036	8.046
27.3092681525855	30.9480952415238	11175.514	1227.821
77.3045481563615	80.8586353130918	28485.899	3448.047
18.2032654373876	21.847482522014	8023.746	822.613
37.3147801481759	40.9501472398822	14674.983	1688.692
0.14102988717609	1.85903851276919	1090.843	10.803
47.3069821544143	50.9620992303206	18068.297	2207.384
2.40052807957754	6.03323517341186	2618.85	114.083
0.711869430504456	4.12667669865864	1936.822	40.499
12.1332302934158	15.7436874050501	5989.632	551.769
0.00287999769600184	0.0516599586720331	32.593	1.246
0.042269966184027	0.688499449200441	417.487	4.236
0.06246995002404	0.978119217504626	585.392	5.819
