1.90099847920122	1.91789846568123	283.566	53.756
0.100999919200065	0.117899905680075	37.932	4.477
49.1009607192314	49.1178207057434	3887.468	1422.643
0.200999839200129	0.21797982561614	60.635	7.074
79.1009367192506	79.1178567057146	6045.467	1847.405
0.600999519200385	0.618119505504396	154.502	17.325
59.1009527192378	59.1178927056858	4582.279	1350.575
94.1009247192602	94.1177847057722	7412.996	2229.852
24.1009807192154	24.1180007055994	2156.065	662.175
19.1009847192122	19.1179647056282	1788.696	513.344
2.80099775920179	2.8180777455378	369.31	79.213
54.1009567192346	54.1180367055706	4310.762	1449.38
0.400999679200257	0.418139665488268	120.832	12.489
39.100968719225	39.118108705513	3170.386	1046.265
69.1009447192442	69.1179647056282	5241.307	1827.113
1.30099895920083	1.31795894563284	216.129	38.602
99.1009207192634	99.1178207057434	7290.347	2587.251
74.1009407192474	74.1180007055994	5711.815	1970.475
4.20099663920269	4.2179366256507	507.192	114.855
64.100948719241	64.117928705657	5095.09	1588.094
14.100988719209	14.117928705657	1439.152	378.289
44.1009647192282	44.1179647056282	3669.293	1114.121
29.1009767192186	29.1180367055706	2585.295	716.825
34.1009727192218	34.1178927056858	2836.77	909.759
84.1009327192538	84.1178927056858	6323.074	2192.941
9.40099247920602	9.41795246563803	1043.79	249.615
0.900999279200577	0.917999265600588	185.158	26.374
0.300999759200193	0.318059745552204	90.205	9.148
89.100928719257	89.117928705657	6589.642	2171.249
6.30099495920403	6.31799494560404	726.342	171.764
