12.1344902924078	15.7908473673221	6003.82	601.193
0.00380999695200244	0.0682199454240437	44.438	1.948
0.0416199667040266	0.682559453952437	422.664	5.865
0.0626899498480401	0.977039218368625	593.932	8.162
8.08842352926118	11.7248306201355	4573.716	414.838
5.39530568375545	9.02951277638978	3684.581	277.224
0.470629623496301	3.5974771220183	1788.712	33.478
0.141809886552091	1.85885851291319	1081.898	14.194
77.3127581497935	80.9439552448358	29006.124	3656.821
87.3092501525999	90.9492472406022	32402.025	4083.113
3.5978171217463	7.23383421293263	3014.295	185.748
0.317789745768203	3.03083757532994	1588.268	25.173
1.07048914360869	4.63463629229097	2114.984	60.916
57.3148541481167	60.947951241639	21813.393	2788.712
0.00201999838400129	0.0363599709120233	23.584	1.403
0.711359430912455	4.12793669765064	1948.904	46.226
97.2251522198782	99.9083800732959	35042.354	4688.188
0.00288999768800185	0.0518399585280332	33.528	1.67
47.3110621511503	50.9363592509126	18262.456	2373.794
37.3101201519039	40.9476272418982	14836.937	1843.518
67.3078561537151	70.9325432539654	25441.606	3362.582
2.39996808002554	6.04673516261187	2616	127.593
1.59977872017702	5.23061581550735	2330.041	86.54
27.3105981515215	30.9529552376358	11280.342	1389.948
0.00103999916800067	0.018719985024012	13.302	1.263
18.2083854332917	21.867102506318	8259.254	891.702
0.00578999536800371	0.103319917344066	65.501	2.314
0.0288599769120185	0.480419615664307	296.582	4.706
0.00871999302400558	0.153539877168098	98.248	2.618
0.0126499898800081	0.220319823744141	138.137	3.067
0.0190599847520122	0.32831973734421	204.775	3.629
0.0930599255520596	1.35467891625687	815.972	11.136
0.212749829800136	2.45159803872157	1378.138	18.137
