0.0191999846400123	0.344519724384221	2720.374	1048.209
5.37941569646744	37.3872300902159	2681.366	1145.758
37.3028401577279	73.460821231343	2722.716	1218.788
90.597867521706	99.999820000144	2783.901	1322.416
56.7015846387323	86.8816104947116	2723.36	1113.031
75.3130697495442	98.398181281455	2728.007	1274.922
0.476559618752305	7.68257385394092	2655.689	1120.853
0.0129999896000083	0.233279813376149	2668.786	1167.04
0.028059977552018	0.502019598384321	2792.105	1151.752
0.00162999869600104	0.0293399765280188	2712.488	1022.439
65.57298754161	91.1740670607464	2722.784	1209.269
18.1876754498596	54.4443764444988	2726.124	1115.057
0.00564999548000362	0.101339918928065	2784.672	1075.329
0.210089831928134	3.5996371202903	2757.279	1149.046
0.00253999796800163	0.0457199634240293	2715.897	1194.609
0.00294999764000189	0.0529199576640339	2726.167	1173.631
0.134029892776086	2.32721813822549	2658.234	1056.227
0.0629099496720403	1.11545910763271	2672.307	1137.077
26.9547884361693	59.0037727969818	2796.169	1207.963
3.5995971203223	32.1042343166125	2668.617	1131.133
7.69744384204493	37.7403898076882	2661.324	1170.259
84.1078427137258	99.989020008784	2720.633	1329.985
0.313399749280201	5.24357580513936	2674.57	1126.133
1.20468903624877	14.7308282153374	2770.273	1007.217
0.00063999948800041	0.0115199907840074	2723.627	1405.989
0.00924999260000592	0.166499866800107	2658.445	1185.719
0.368809704952236	5.6197755041796	2674.295	1128.476
46.9990424007661	79.4456364434908	2658.936	1230.656
0.0417999665600268	0.746639402688478	2661.246	1128.671
11.3623509101193	40.1219679024257	2708.994	1170.655
1.83953852836918	19.0000647999482	2602.975	1159.199
1.06697914641668	15.0956879234497	2624.004	1124.766
0.09370992503206	1.64681868254505	2832.58	1400.049
