0.00152999877600098	0.0271799782560174	18.05	1.193
1.06249915000068	4.62941629646696	2145.108	56.298
87.3084401532479	90.9418672465062	31894.701	4393.09
67.3106961514431	70.9476632418694	25820.78	3173.741
0.142849885720091	1.8732585013932	1089.003	11.685
12.1389302888558	15.7625873899301	6082.571	573.522
0.315089747928202	3.02057758353793	1574.007	20.957
1.59939872048102	5.22233582213134	2347.58	81.382
0.0280099775920179	0.476099619120305	287.885	2.877
0.00289999768000186	0.0520199583840333	33.13	1.271
0.00254999796000163	0.0449999640000288	28.998	1.277
37.3126601498719	40.9343072525542	15019.293	1804.063
0.039089968728025	0.597059522352382	365.953	3.605
0.0192099846320123	0.329939736048211	199.274	2.203
3.5992071206343	7.23761420990863	3010.484	180.211
97.0406423674861	99.3797204962236	35455.892	8687.664
27.3104881516095	30.9561952350438	11253.617	1302.61
0.711449430840455	4.10885671291463	1957.952	39.845
47.3117421506063	50.9399592480326	18270.979	2247.313
0.0430999655200276	0.698219441424447	422.592	4.188
8.08952352838118	11.7097106322315	4630.633	399.685
77.1531082775134	79.7773761780991	28111.301	3739.278
0.211169831064135	2.43215805427356	1335.126	16.308
0.00919999264000589	0.161639870688103	99.622	1.659
0.0947499242000606	1.37915889667288	829.084	8.247
0.000969999224000621	0.0174599860320112	12.103	1.075
5.39439568448345	9.04049276760579	3644.941	262.609
57.3127941497647	60.946511242791	21694.178	2673.834
18.2146254282997	21.844422524462	8195.566	853.828
0.00578999536800371	0.102059918352065	64.233	1.38
2.3387481290015	5.34779572176342	2255.29	118.766
0.475519619584304	3.6014371188503	1781.863	30.273
0.0129499896400083	0.225359819712144	136.736	1.974
