0.000659999472000422	0.0118799904960076	8.974	1.194
0.000719999424000461	0.0129599896320083	9.582	1.317
0.000939999248000602	0.0169199864640108	12.189	1.266
0.000969999224000621	0.0174599860320112	12.548	1.239
0.00130999895200084	0.0235799811360151	16.182	1.426
0.0018699985040012	0.0334799732160214	22.407	1.442
0.0018799984960012	0.0338399729280217	23.088	1.634
0.00191999846400123	0.0345599723520221	23.364	1.62
0.00200999839200129	0.0361799710560232	24.017	1.469
0.00211999830400136	0.0381599694720244	25.029	1.699
0.00229999816000147	0.0413999668800265	27.03	1.511
0.00274999780000176	0.0494999604000317	32.485	1.754
0.00289999768000186	0.0521999582400334	34.643	1.918
0.0034299972560022	0.0617399506080395	39.869	1.754
0.00403999676800259	0.0727199418240465	47.548	1.975
0.689669448264441	10.4444916444067	2165.676	81.504
0.762619389904488	10.5190115847907	2368.512	82.192
1.04549916360067	12.8654897076082	2616.369	154.451
1.06209915032068	14.9961480030816	2579.775	167.142
1.06722914621668	15.0753479397216	2546.88	175.578
1.31621894702484	16.1238471009223	2973.081	181.908
1.57752873797701	19.9155440675647	3074.097	266.983
1.59000872799302	20.0840239327809	3115.115	270.46
1.69563864348909	17.5082259934192	2408.54	196.157
2.08483833212933	21.6804426556459	2992.578	283.675
2.35319811744151	25.4690796247363	3227.16	359.853
2.39807808153753	26.0438191649447	3229.206	367.701
2.5057379954096	20.8636033091174	2182.856	283.755
11.2348710121032	39.2898285681371	3210.491	548.269
11.4215008627993	40.5262475790019	3120.083	634.408
12.1278802976958	47.8468417225266	4194.605	768.948
12.1298202961438	47.9483616413107	4321.472	702.068
17.210556231555	45.338543729165	3571.627	735.533
17.4999560000352	47.0145223883821	3765.661	668.683
18.0424255660595	51.8993584805132	4283.044	836.851
18.1885654491476	54.0381167695066	4567.708	810.055
27.0231783814573	59.7756121795103	4533.197	1018.028
27.2495582003534	62.8118497505202	5174.542	1033.332
27.2547581961934	62.9119296704563	5165.35	920.088
27.3016781586575	63.6186091051127	5141.6	1061.753
33.9404328476537	56.8371145303084	4123.898	952.628
36.9342904525676	68.9358048513561	5409.227	1117.258
37.2442102046318	72.7015818387345	6174.1	1240.039
37.3019301584559	73.6104011116791	5929.495	1211.43
43.4599352320518	65.8542073166341	5005.658	1180.05
45.246283802973	70.258083793533	4962.923	1267.581
47.2427622057902	82.5178739857008	5607.3	1397.66
47.2815221747823	83.1676734658612	5518.079	1458.273
56.5816547346762	86.0827711337831	6021.009	1759.49
56.6436246851002	86.5325907739274	6127.282	1321.599
56.8540245167804	88.0899495280404	6120.436	1882.401
57.0607843513725	90.0175679859456	5919.806	1819.065
64.5861883310493	88.3189093448725	6034.245	1542.289
65.3911276870978	90.58708753033	5764.542	1675.448
65.68313745349	91.5542267566186	6216.974	1780.561
66.1997770401784	93.5885851291319	5819.965	1915.032
75.2410998071202	98.2673213861429	5856.783	1781.044
75.3369197304642	98.443361245311	5864.449	1803.141
75.9603292317366	99.5680003455997	6328.485	1570.107
75.9767192186246	99.5849203320637	6314.146	1807.071
83.2243934204853	99.8192801445759	6528.145	1845.424
83.5615731507415	99.9058600753119	5967.252	1849.002
84.0429927656058	99.982720013824	6033.617	1575.465
84.1203727037018	99.992440006048	5983.07	1611.036
90.5358875712899	99.999820000144	6573.911	1748.504
90.583217533426	99.999820000144	6052.278	1923.485
90.591747526602	99.999820000144	6019.399	1929.282
90.598717521026	99.999820000144	6134.029	1926.411
