0.00101999918400065	0.0181799854560116	2172.474	1051.435
0.00205999835200132	0.0368999704800236	2151.93	1146.329
0.00316999746400203	0.0561599550720359	2198.442	1041.324
0.00411999670400264	0.0725399419680464	2107.911	1290.211
0.00580999535200372	0.102959917632066	2241.058	1138.444
0.00971999222400622	0.169199864640108	2130.323	1316.818
0.0132199894240085	0.229859816112147	2255.672	1033.877
0.0185299851760119	0.321119743104205	2109.646	1098.905
0.0273399781280175	0.459359632512294	2265.667	1128.614
0.0427399658080274	0.699659440272448	2313.232	1073.017
0.0627599497920402	0.981719214624628	2216.753	1198.921
0.09370992503206	1.36457890833687	2076.705	1016.047
0.142249886200091	1.85183851852919	2087.882	1089.891
0.211409830872135	2.42855805715355	2213.134	1295.409
0.317939745648203	3.02237758209793	2201.323	1107.268
0.473779620976303	3.5884771292183	2164.876	1238.423
0.711269430984455	4.12307670153864	2213.477	1133.913
1.06963914428868	4.62707629833896	2211.798	1019.808
1.59735872211302	5.22629581896334	2166.575	1125.209
2.40358807712954	6.05195515843587	2117.963	1043.015
3.5937871249703	7.24193420645264	2170.987	1084.689
5.38886568890745	9.02987277610178	2168.284	1046.713
8.09616352306918	11.7437306050155	2119.348	1090.281
12.1379502896398	15.7652873877701	2165.07	1057.042
18.2084954332037	21.85576251539	2252.113	1189.562
27.3072781541775	30.9614152308678	2232.787	1087.458
37.3089401528479	40.9359272512582	2276.876	1270.975
47.3134621492303	50.9435592451526	2279.858	1124.48
57.2767541785967	60.4869716104227	2215.815	1367.804
67.3132361494111	70.9494632404294	2219.191	1126.489
77.3078081537535	80.8390153287877	2398.637	1234.107
87.3083601533119	90.9427672457862	2345.033	1225.185
97.0173823860941	99.3424605260316	2272.986	1186.885
