0.0193199845440124	0.346679722656222	79.379	2.931
0.473879620896303	7.63631389094889	972.815	53.864
57.1045743163405	90.5219275824579	3213.097	1638.193
90.595457523634	99.999820000144	3500.074	2155.69
0.974519220384624	13.6009691192247	1232.967	167.091
6.03086517530786	28.2248774200981	1572.555	434.571
0.00178999856800115	0.0322199742240206	8.834	1.255
0.114789908168073	1.99169840664127	494.094	14.572
73.6860910511272	95.5070235943811	3380.924	2002.262
34.436172451062	57.9808336153331	2571.516	992.537
0.711049431160455	10.8548913160869	1090.684	83.049
64.087948729641	87.1269502984398	3332.909	1694.563
0.00316999746400203	0.0570599543520365	14.139	1.336
0.00563999548800361	0.101519918784065	24.411	1.555
0.0786999370400504	1.38329889336089	366.93	10.14
5.39447568441945	37.6217699025841	1831.008	591.062
0.0237199810240152	0.423899660880271	102.362	3.208
0.317669745864203	5.3166557466754	869.826	39.344
0.118769904984076	2.0287783769773	484.391	15.051
0.00293999764800188	0.0529199576640339	13.282	1.511
1.48149881480095	18.3992252806198	1418.994	256.561
18.1992054406356	54.5417563665949	2305.673	816.871
0.00099999920000064	0.0179999856000115	5.89	1.114
3.5903271277383	31.9128944696844	1738.157	480.804
12.1304602956318	48.0824615340308	2111.31	815.336
0.0272099782320174	0.48419961264031	118.034	3.741
27.2414482068414	62.7252698197841	2714.636	1012.602
84.0956527234778	99.986860010512	3477.852	2159.084
0.0597999521600383	1.06073915140868	274.131	7.187
2.40131807894554	26.1273390981287	1561.487	380.99
46.6945826443339	76.8669585064332	3284.385	1226.643
0.00658999472800422	0.117899905680075	27.738	1.787
0.0060899951280039	0.10925991259207	25.638	1.526
