2.26075819139345	23.9984808012154	2435.42	182.841
0.0181999854400116	0.326339738928209	33.697	3.963
0.0018699985040012	0.0336599730720215	5.541	1.635
0.00862999309600552	0.154979876016099	19.03	2.6
37.3097701521839	73.6984210412632	27980.431	2401.353
84.0852627317898	99.985780011376	51139.195	5040.503
53.7379670096264	76.3724989020009	36913.306	3291.639
0.00492999605600316	0.0887399290080568	12.39	2.307
3.29653736277011	27.9185176651859	3751.123	249.735
0.0627899497680402	1.11185911051271	111.844	8.211
17.260826191339	45.5961235231012	14882.563	1130.119
1.22043902364878	14.9102880717695	1374.692	102.935
0.0132499894000085	0.237779809776152	26.713	3.19
0.314059748752201	5.25509579592336	456.653	31.864
0.169309864552108	2.88647769081785	269.464	19.243
0.000899999280000576	0.0161999870400104	3.391	1.469
0.14025988779209	2.44457804433756	214.434	15.984
0.0038999968800025	0.0700199439840448	9.419	1.936
65.0899179280657	89.6858282513374	39007.446	4093.896
0.662109470312424	10.0378719697024	952.269	61.429
74.0450907639274	96.1537630769895	43054.684	4514.643
8.08180353455717	42.6333258933393	9437.228	594.575
27.2926381658895	63.4103492717206	21782.694	1743.944
0.0365899707280234	0.650879479296417	67.475	5.609
1.06116915106468	14.9997480002016	1365.603	96.294
4.89715608227513	31.5719747424202	5787.523	355.331
90.602517517986	99.999820000144	52222.596	5368.445
0.470769623384301	7.56467394826084	649.997	45.029
0.092139926288059	1.62089870328104	149.47	11.732
0.0185999851200119	0.332099734320213	36.012	4.15
0.00262999789600168	0.0473399621280303	6.633	1.6
47.2812221750223	83.0760535391572	33867.388	3061.294
11.9586804330557	45.280583775533	12072.001	798.406
