60.5436715650627	100.0	2814.141	1325.31
50.02229998216	99.996220003024	2757.843	1291.936
25.5064495948403	99.0139607888314	2748.938	1267.786
55.5630355495716	99.999820000144	2840.872	1325.705
44.5848043321565	99.989380008496	2904.167	1407.652
6.07327514137989	66.3983468813225	2679.148	1207.536
20.309523752381	95.9239032608774	2649.275	1245.799
18.2339254128597	95.5028835976931	2799.835	1277.041
38.1312694949844	99.9145000683999	2756.057	1551.994
0.0642199486240411	1.14803908156873	2595.944	1166.539
8.94037284770172	79.4846964122429	2722.331	1252.959
15.7176674258661	94.0564047548762	2782.901	1260.207
0.502829597736322	8.62487310010152	2539.802	1179.895
1.22890901687279	19.8394041284767	2713.945	1218.047
2.51061799150561	36.0365111707911	2626.803	1484.3
0.866679306656555	14.4710884231293	2758.813	1203.418
12.7115998307201	90.2521077983138	2680.406	1273.521
4.04454676436259	51.6885786491371	2557.986	1201.753
27.4423780460976	98.9209008632793	2626.605	1271.044
0.397789681768255	6.91073447141242	2675.834	1262.468
0.270209783832173	4.75253619797104	2608.139	1182.002
46.5434327652538	99.983080013536	2870.889	1360.941
0.200529839576128	3.55175715859427	2553.629	1176.396
34.7715421827663	99.8093801524959	2675.198	1266.141
52.7207478234017	99.999460000432	2662.917	1317.84
29.9727160218272	99.1594006724795	2730.706	1307.518
41.7173066261547	99.983440013248	2674.492	1298.012
1.60613871508903	24.9170200663839	2613.913	1196.543
0.133079893536085	2.36987810409752	2446.293	1177.17
58.0839935328052	100.0	2882.627	1370.788
