64.101368718905	64.4671284262973	7341.514	3440.587
84.1005127195898	84.4672724261821	9364.342	4490.576
29.0989267208586	29.4670564263549	3461.157	1508.909
59.0997427202058	59.4624124300701	6905.963	3087.757
19.1000847199322	19.4659044272765	2347.385	1018.544
0.102199918240065	0.460619631504295	223.633	7.113
6.29958496033203	6.66323466941226	945.495	339.519
4.20226663818669	4.56587634729892	740.265	222.941
0.200449839640128	0.566099547120362	240.859	11.801
79.0977767217786	79.4638164289469	8869.969	4730.49
19.1002247198202	19.4626644298685	2419.831	1029.276
79.1013467189226	79.4639964288029	8970.716	4240.446
64.100318719745	64.4617284306173	7308.858	3381.476
0.299879760096192	0.658799472960422	255.19	16.139
74.0987507209994	74.4684604252317	8479.892	4016.413
44.1011747190602	44.4642844285725	5114.329	2361.648
14.099188720649	14.4525484379612	1827.467	739.269
0.600139519888384	0.959939232048614	291.012	30.163
99.0613507509194	99.2981805614556	10682.213	8564.137
69.0986147211082	69.4686044251165	7953.525	4109.047
9.40174247860602	9.76787218570225	1294.081	503.229
54.1005467195626	54.4648964280829	6103.313	2903.359
9.39854248116601	9.75653219477424	1313.761	490.29
89.100948719241	89.4575884339292	10042.044	4712.444
49.1026907178474	49.4612604309917	5490.026	2555.688
94.1001147199082	94.4666244267005	10487.639	8177.191
39.100398719681	39.4683884252893	4614.821	2036.525
49.0987507209994	49.4643204285437	5561.498	2576.139
54.1005167195866	54.4656164275069	6433.324	3231.285
19.1011047191162	19.4677044258365	2421.39	985.288
54.0989567208346	54.4674164260669	6333.398	2750.51
74.0997307202154	74.4646804282557	8216.362	3798.446
9.40198247841402	9.76283218973425	1326.246	496.752
39.100548719561	39.4608284313373	4567.703	2109.958
4.19903664077069	4.56083635133092	715.971	229.184
6.29941496046803	6.66197467042026	938.115	337.193
2.79923776060979	3.16259746992202	575.735	152.107
94.0996647202682	94.4632044294365	10531.238	8123.992
14.098258721393	14.4622684301853	1783.953	746.966
29.0995867203306	29.4656164275069	3622.479	1496.77
44.0991747206602	44.4621244303005	5004.628	2313.259
29.0986467210826	29.4674164260669	3435.098	1543.862
44.1003847196922	44.4635644291485	5124.419	2269.316
39.100168719865	39.4682084254333	4621.344	2004.044
64.097938721649	64.4635284291773	7535.158	3364.87
59.0990427207658	59.4636724290621	6748.165	3021.974
0.100459919632064	0.456839634528292	225.791	6.691
2.79822776141779	3.15917747265802	580.079	150.332
49.0988807208954	49.4664804268157	5637.633	2639.088
79.1000867199306	79.4674164260669	8964.784	4107.561
94.0993847204922	94.4614044308765	10562.657	8106.341
0.599429520456384	0.959039232768614	289.798	30.353
0.100219919824064	0.456659634672292	221.028	6.469
84.1002027198378	84.4634924292061	9322.353	4323.831
0.398349681320255	0.760859391312487	272.678	21.573
24.0998207201434	24.4636004291197	2992.137	1314.24
59.0990427207658	59.4586324330941	6588.502	3129.647
79.0998667201066	79.4607564313949	8954.798	4226.817
2.79800776159379	3.16781746574603	574.914	152.822
49.0988507209194	49.4596404322877	5573.067	2577.425
34.0999927200058	34.4584524332381	3945.977	1840.242
0.301869758504193	0.665279467776426	258.827	16.047
4.19874664100269	4.56101635118692	733.035	224.452
94.1015847187322	94.4671644262685	10332.208	8180.887
0.201169839064129	0.569339544528364	252.213	11.649
24.1001107199114	24.4670204263837	2878.038	1506.642
14.100888719289	14.4628084297533	1811.095	740.295
64.101018719185	64.4660484271613	7177.346	3359.783
24.0994907204074	24.4664804268157	2949.471	1282.171
0.600099519920384	0.966419226864619	297.625	30.405
0.398349681320255	0.760679391456487	267.915	21.542
14.099518720385	14.4691084247133	1793.624	719.473
0.397949681640255	0.763559389152489	270.765	21.888
69.0984747212202	69.4599644320285	7807.995	3677.315
89.100738719409	89.4671284262973	9878.847	4730.577
69.0989247208602	69.4642844285725	7863.673	3629.684
19.0999047200762	19.4628444297245	2450.598	1000.272
0.300589759528192	0.663479469216425	260.523	16.174
34.0986127211098	34.4678124257501	4053.526	1861.629
89.099938720049	89.4646084283133	9768.283	4702.168
39.099568720345	39.4674884260093	4589.998	2409.073
29.0991367206906	29.4629164296669	3562.13	1524.887
24.1006007195194	24.4627004298397	2954.398	1288.077
89.092048726361	89.3857684913852	10073.158	4648.365
84.0992227206218	84.4616924306461	9580.009	4374.264
74.1012407190074	74.4672004262397	8248.764	3951.763
0.200819839344129	0.56285954971236	245.606	11.674
6.29979496016403	6.65909467272426	981.498	335.557
2.79879776096179	3.16007747193802	592.952	146.725
0.100859919312065	0.457379634096293	227.986	6.947
0.400859679312257	0.76625938699249	264.619	22.004
84.0983827212938	84.4681724254621	9481.344	4387.158
0.200709839432128	0.56249955000036	240.591	11.805
74.1009307192554	74.4699004240797	8284.728	3938.227
4.20272663781869	4.57037634369892	740.247	227.463
99.0613507509194	99.2981805614556	11038.105	8559.696
99.0979507216394	99.4627004298397	10910.586	8641.03
34.0993627205098	34.4636724290621	3981.574	1763.811
99.0982707213834	99.4654004276797	11182.663	8537.463
0.300429759656192	0.664919468064426	253.218	15.919
6.29944496044403	6.66665466667627	957.561	338.754
54.1006567194746	54.4605764315389	6187.684	2749.678
0.599409520472384	0.965339227728618	295.741	32.394
44.1014447188442	44.4590644327485	4999.595	2423.014
9.40019247984602	9.76877218498225	1315.068	504.613
69.0992947205642	69.4605044315964	8181.135	3626.143
59.0986427210858	59.4631324294941	7002.619	3234.528
34.1013327189338	34.4672724261821	4035.282	2088.007
