0.000929999256000595	0.0167399866080107	3.388	1.274
0.00207999833600133	0.037439970048024	5.277	1.479
0.00263999788800169	0.0475199619840304	6.696	1.687
0.00290999767200186	0.0523799580960335	7.082	1.738
0.00573999540800367	0.103139917488066	12.278	2.405
0.00918999264800588	0.165239867808106	17.717	3.122
0.0104499916400067	0.18773984980812	18.737	3.141
0.0181799854560116	0.325979739216209	33.004	4.303
0.0222699821840143	0.398699681040255	46.678	4.969
0.0416799666560267	0.740339407728474	87.072	7.738
0.0636099491120407	1.12679909856072	128.559	11.047
0.09380992495206	1.64897868081706	192.711	15.072
0.12443990044808	2.15999827200138	258.549	18.137
0.208669833064134	3.56255714995428	431.072	30.235
0.305029755976195	5.09255592595526	582.602	43.027
0.476399618880305	7.66385386891691	749.396	59.916
0.709649432280454	10.8392313286149	951.058	89.059
1.03008917592866	14.4151084679132	1182.41	173.671
1.11400910879271	13.6072691141847	1212.419	207.836
2.25428819656944	23.8721209023033	1984.795	364.503
3.34380732495414	28.4500572399542	2366.463	408.257
5.27892577685938	35.6657114674308	3049.777	567.647
7.20142423886061	33.8910928871257	2820.923	523.556
11.5863807308954	41.5862667309866	3433.402	678.228
15.664777468178	39.5718883424893	3285.257	660.195
23.7515809987352	46.3769628984297	4119.148	798.59
35.7034314372548	61.8292305366156	5295.256	1090.14
46.2980429615656	74.4146404682876	6435.156	1330.849
57.0563943548845	89.9790480167616	7147.613	1578.517
66.7787665769867	96.7292226166219	7461.941	1670.472
74.7019202384638	97.2708421833263	8420.26	1584.954
84.1148327081338	99.990280007776	8501.701	1892.297
90.57073754341	100.0	7959.653	1908.25
