24.1008607193114	27.7426578058738	2189.634	715.834
4.19448664441068	7.82423374061301	646.522	152.275
49.0974007220794	52.7354578116338	3962.974	1403.662
89.092058726353	92.5580859535312	6815.91	4870.212
38.7529489976408	41.0351071719143	3443.049	1082.479
0.199899840080128	2.35439811648151	190.197	20.603
54.0868767304986	57.5180539855568	4520.727	1497.311
98.6703310637351	100.0	7255.784	5339.692
0.903289277368578	4.41377646897883	295.322	53.874
0.0999099200720639	1.42811885750491	136.481	13.194
18.750964999228	21.0306431754855	1825.956	556.261
0.600789519368385	3.9072568741945	269.712	43.904
59.1002127198298	62.7400298079762	4945.682	1674.593
9.40618247505402	13.0523295581364	1061.213	308.68
0.301079759136193	2.9618976304819	231.246	28.139
1.89448848440921	5.51645558683553	390.985	85.172
74.0983307213354	77.7437378050098	5987.922	2088.417
93.8696849042521	96.3411429270857	7140.189	5006.497
84.0975627219498	87.7292298166161	6359.132	2011.832
2.79807776153779	6.43481485214812	521.83	113.356
69.1028147177482	72.7471218023026	5325.375	1708.784
79.0973267221386	82.735133811893	6074.625	2104.254
6.29391496486803	9.97091202327038	874.74	213.289
1.30318895744883	4.91039607168314	337.306	69.033
44.1029847176122	47.7406418074866	3760.69	1119.022
63.8678589057129	66.3171669462664	5063.556	1779.313
29.0981667214666	32.740713807429	2519.157	810.266
14.100658719473	17.7384458092434	1432.716	448.232
34.0994027204778	37.7436298050962	2857.902	1000.375
0.399239680608255	3.37121730302616	252.545	34.056
