0.00060999951200039	0.0107999913600069	2.971	1.275
0.0021899982480014	0.0392399686080251	5.727	1.634
0.00299999760000192	0.0532799573760341	6.126	1.94
0.00369999704000237	0.0664199468640425	7.365	1.93
0.00603999516800387	0.107279914176069	10.538	2.455
0.00924999260000592	0.162179870256104	14.202	2.76
0.0130399895680083	0.228059817552146	19.342	3.216
0.0165599867520106	0.286379770896183	22.732	3.351
0.0277099778320177	0.4681796254563	35.046	4.432
0.0418399665280268	0.679859456112435	49.254	5.752
0.0603299517360386	0.926639258688593	67.085	7.485
0.0944899244080605	1.36871890502488	101.027	10.019
0.13989988808009	1.84463852428918	141.017	14.05
0.211039831168135	2.43287805369756	192.878	19.23
0.23399981280015	2.09933832052934	192.239	17.557
0.476999618400305	3.61025711179431	399.984	33.566
0.715749427400458	4.12307670153864	631.36	45.114
1.06705914635268	4.61879630496296	826.695	63.258
1.59574872340102	5.22899581680335	1087.218	94.342
2.38983808812953	5.89805528155577	1368.773	127.405
3.5969471224423	7.23527421178063	1897.969	191.803
5.39448568441145	9.02519277984578	2690.011	274.459
8.08650353079718	11.6576906738475	3852.221	408.182
12.1367702905838	15.7746473802821	5541.914	599.888
18.2072054342357	21.826602538718	8028.227	878.797
27.3131081495135	30.9502552397958	11858.057	1330.513
37.3104401516479	40.9350272519782	16355.852	1865.877
47.3114521508383	50.9541792366566	20426.479	2322.818
57.3051241559007	60.945431243655	24843.215	2740.163
67.3129461496431	70.9541432366854	28782.762	3365.382
77.3104081516735	80.9381952494438	32905.52	3704.222
87.3154201476639	90.9350272519782	36777.296	4344.683
97.2177322258142	99.8822800941759	41046.539	4747.7
