0.000699999440000448	0.0125999899200081	9.522	1.146
1.4017088786329	14.8422481262015	4028.096	526.364
0.00415999667200266	0.0746999402400478	50.64	2.883
1.59188872648902	16.5733067413546	4141.867	575.682
0.00316999746400203	0.0570599543520365	39.061	2.422
47.2555321955742	82.769333784533	19655.135	7354.768
37.2941201647039	73.5650411479671	17155.992	5639.378
0.182609853912117	3.117597505922	3846.045	201.5
37.3029701576239	73.6624210700631	17884.344	5498.396
90.601347518922	99.999820000144	23851.111	13172.852
0.705999435200452	10.7762313790149	7229.61	582.146
37.3063101549519	73.6555810755351	17509.839	5561.999
27.2926281658975	63.4684892252086	14445.373	4146.054
65.1809678552257	89.9371080503136	23076.523	9982.525
0.0278099777520178	0.496979602416318	848.43	31.184
0.0636199491040407	1.12913909668872	1847.163	73.323
0.14120988703209	2.45843803324957	3577.44	158.668
0.0183399853280117	0.329039736768211	538.361	20.657
11.8637305090156	44.2038246369403	8946.089	1988.412
84.0200227839818	99.979660016272	23656.789	12035.351
0.231279814976148	3.83831692934646	3872.651	241.568
0.011009991192007	0.197099842320126	323.179	10.896
0.477919617664306	7.70219383824493	6589.073	456.021
0.00615999507200394	0.110699911440071	173.337	7.249
90.586307530954	99.999820000144	24006.447	13227.835
0.943269245384604	11.7007106394315	3843.871	482.78
75.4786396170883	98.7047210362232	23275.213	10854.157
57.1690842647326	91.2912469670024	21085.605	8701.151
1.50016879986496	18.683805052956	5493.438	651.119
16.8062765549788	43.4643852284918	9624.501	2631.868
0.3121297502962	5.22593581925134	5684.558	331.042
63.7395690083448	86.4042508765993	23387.079	10338.681
0.0940199247840602	1.65563867548906	2619.355	107.601
3.6016171187063	32.1234943012046	7850.11	1096.576
5.14434588452329	34.0604727516218	6671.883	1112.751
0.17157986273611	2.92643765884987	3601.116	192.15
17.7040958367233	48.5202211838231	10292.968	2676.032
0.00183999852800118	0.0331199735040212	22.451	1.775
0.0122599901920078	0.220139823888141	348.114	14.32
0.0216799826560139	0.385919691264247	655.944	25.68
0.0389499688400249	0.693539445168444	1187.622	46.279
56.8432345254124	88.0046295962963	21103.802	8542.386
0.00309999752000198	0.0556199555040356	75.625	3.624
0.210099831920134	3.5872171302263	4614.205	230.896
0.0029699976240019	0.0534599572320342	36.065	2.272
90.56228755017	99.999820000144	23928.427	13167.678
0.00817999345600524	0.147239882208094	96.996	4.813
66.2733169813464	93.9365248507801	20553.948	10124.991
0.0400099679920256	0.710279431776455	1216.815	45.871
0.00736999410400472	0.132299894160085	169.969	6.632
0.0048399961280031	0.0871199303040558	59.667	3.361
0.136639890688087	2.37833809732952	3466.325	153.037
84.0905927275258	99.98830000936	23140.316	12213.528
0.00183999852800118	0.0331199735040212	22.516	1.811
2.38197809441752	25.8476193219045	6927.215	938.856
0.298729761016191	4.97195602243518	5134.517	312.124
1.03969916824067	14.5862883309693	6828.047	693.26
45.7090534327573	71.850902519278	18233.291	6854.697
8.01597358722113	41.5243467805226	8420.811	1346.387
56.3903648877081	84.9498520401184	21089.915	8286.917
25.2532697973842	50.2356198115042	12095.812	3694.142
0.00195999843200125	0.0352799717760226	23.836	1.808
3.5877571297943	31.9577144338285	7737.474	1082.725
0.00330999735200212	0.0595799523360381	40.054	2.449
0.0525799579360336	0.929519256384595	1521.3	58.898
0.00226999818400145	0.0408599673120262	27.269	2.122
0.000569999544000365	0.0102599917920066	8.004	1.143
27.2909881672095	63.5071891942486	14361.526	4097.074
0.00304999756000195	0.0548999560800351	37.822	2.376
2.89932768053786	23.9860608111514	4943.334	787.927
8.07698353841317	42.4670060263952	8998.584	1477.159
0.00628999496800403	0.113039909568072	77.614	4.106
1.01201919038465	14.1802086558331	6714.444	522.731
0.107419914064069	1.86227851017719	2640.589	109.703
15.671367462906	39.5853883316893	9047.497	2365.956
0.0279899776080179	0.501119599104321	860.093	30.892
0.00350999719200225	0.0629999496000403	42.714	2.752
65.3906676874659	90.585827531338	20349.177	9774.435
0.216609826712139	3.5900971279223	3628.919	222.954
5.3155057475954	36.5180107855914	7584.093	1049.001
0.00898999280800575	0.161279870976103	254.031	10.266
36.2309710152232	64.1766086587131	15466.403	5380.606
3.5963671229063	32.0901943278445	7878.206	1086.855
0.441009647192282	7.07813433749253	5822.761	413.896
1.03570917143266	14.4881884094493	7108.435	572.424
8.01102359118113	41.4332668533865	8481.842	1547.507
0.0923699261040591	1.62575869939304	2525.483	104.742
90.570897543282	99.999820000144	24216.075	12985.519
1.59717872225702	20.1749238600609	6738.774	868.823
0.0170599863520109	0.303659757072194	502.702	19.571
75.9599392320486	99.5597203522237	22779.861	11146.717
2.40090807927354	26.1291390966887	7535.525	930.702
0.00102999917600066	0.0185399851680119	12.912	1.307
0.00207999833600133	0.0372599701920238	25.565	1.952
12.1264902988078	47.8947216842227	10955.049	2122.899
0.354289716568227	5.64929548056362	4499.188	334.004
15.3088877528898	38.5997091202327	8874.533	2319.372
0.0534199572640342	0.939239248608601	1472.165	61.867
0.0628899496880403	1.11401910878471	1838.469	70.987
0.000969999224000621	0.0174599860320112	12.349	1.261
0.0185399851680119	0.332639733888213	533.841	18.713
0.207689833848133	3.55247715801827	4575.202	226.403
10.7276614178709	36.7120506303595	7584.845	1769.846
1.06916914466468	15.1262878989697	7817.621	728.937
1.53257877393698	19.1428046857562	5705.224	777.12
7.51718398625281	36.1076111139111	7131.408	1361.257
0.00929999256000595	0.166679866656107	248.367	10.063
0.138319889344089	2.40335807731354	3454.674	155.941
0.0612999509600392	1.0859391312487	1788.452	70.242
47.2568421945262	82.6897738481809	19268.702	7237.636
0.682409454072437	10.3471117223106	6606.437	555.293
0.0126399898880081	0.226979818416145	387.939	13.062
47.2264822188142	82.3396741282607	19236.212	7130.455
5.38464569228345	37.451310038952	8577.375	1274.12
0.00868999304800556	0.1562398750081	165.195	6.678
84.0982927213658	99.988660009072	22871.085	12189.532
0.0705999435200452	1.23839900928079	1907.495	78.879
53.8835668931465	76.6919986464011	20024.186	7783.29
75.1130199095841	98.0434015652787	23629.039	11201.489
0.696189443048446	10.5829115336708	6946.223	577.229
0.0130799895360084	0.23417981265615	382.618	12.986
75.7410494071605	99.1664206668635	22046.504	10750.298
0.251969798424161	4.04891676086659	3564.753	237.391
0.0192299846160123	0.34397972481622	595.842	20.669
0.0232799813760149	0.415439667648266	665.188	26.195
83.7926829658536	99.950860039312	24487.956	12612.651
0.0313799748960201	0.558179553456357	938.424	36.468
12.1203903036878	47.6506418794865	10445.055	1978.31
0.00294999764000189	0.0529199576640339	35.994	2.433
0.711789430568456	10.866051307159	7331.587	612.214
4.62935629651496	29.3635565091548	6038.864	949.278
25.7371194103045	51.9511984390412	12300.06	3868.984
