0.0398999680800255	0.711179431056455	34.817	7.165
5.3181157455074	36.5977507217994	1290.264	564.669
0.0404599676320259	0.720179423856461	72.262	7.528
0.314129748696201	5.24519580384336	851.793	42.368
0.00845999323200541	0.151739878608097	18.093	2.964
5.25998579201137	35.5584315532548	1071.923	483.935
0.0137499890000088	0.246239803008158	15.104	4.215
0.00666999466400427	0.119339904528076	10.363	2.419
0.643169485464412	8.94401284478972	676.143	68.642
0.00644999484000413	0.115919907264074	9.59	2.568
3.47811721750623	30.1127159098273	1754.945	474.097
0.443259645392284	6.69041464766828	317.672	54.717
0.084379932496054	1.48589881128095	386.789	13.273
0.0407599673920261	0.721439422848462	182.587	6.889
0.136759890592088	2.38373809300953	585.733	18.732
0.00837999329600536	0.150839879328097	11.813	2.97
0.0645399483680413	1.13111909510472	109.409	10.402
0.0197499842000126	0.353699717040226	25.449	4.459
0.0131499894800084	0.235619811504151	17.041	3.352
3.16990746407403	26.503178797457	812.053	348.39
3.58279713376229	31.7904945676043	1206.522	496.855
0.136859890512088	2.38535809171353	206.702	19.702
9.41817246546203	32.1225943019246	1118.751	532.726
3.27154738276209	27.6323178941457	1936.699	385.02
0.0451399638880289	0.799919360064512	77.993	8.017
0.373009701592239	5.92991525606779	883.942	45.553
6.59742472206022	30.6231955014436	2142.945	426.796
0.45237963809629	7.27667417866066	608.589	55.862
0.0926799258560593	1.63115869507304	146.286	13.543
0.00444999644000285	0.079739936208051	7.863	2.133
0.474809620152304	7.6566538746769	624.773	57.893
0.0287399770080184	0.513899588880329	121.7	5.631
8.08610353111717	42.6326058939153	1466.329	697.007
0.136799890560088	2.38229809416152	115.168	19.165
0.199149840680127	3.30983735213012	172.127	27.041
0.0887699289840568	1.559698752241	72.653	13.416
0.285779771376183	4.73651621078703	423.728	36.375
0.139509888392089	2.43161805470556	214.137	19.845
5.39357568513945	37.6599298720561	2722.728	567.117
0.0170699863440109	0.305819755344196	69.275	4.158
0.0147299882160094	0.264059788752169	28.163	3.831
0.0633799492960406	1.12229910216072	98.055	10.156
0.196069843144125	3.33737733009814	682.225	25.629
0.0131399894880084	0.236339810928151	52.561	3.668
8.08209353432517	42.6680658655473	1977.856	662.162
0.0161999870400104	0.288719769024185	18.221	4.622
0.0279599776320179	0.50057959953632	39.707	5.506
0.207329834136133	3.54293716565027	311.625	28.378
0.00660999471200423	0.118979904816076	27.949	2.802
5.1630058695953	34.2651325878939	1800.943	520.217
0.0614499508400393	1.0875591299527	52.071	10.146
0.00884999292000566	0.159119872704102	36.388	3.16
0.0253799796960162	0.45359963712029	48.288	5.191
0.167809865752107	2.79143776684979	253.119	23.301
0.18716985026412	3.18581745134604	156.973	27.617
0.00596999522400382	0.107279914176069	9.448	2.54
8.04602356318115	42.0521063583149	1270.306	596.39
0.0356999714400228	0.634859492112406	163.021	6.43
0.284919772064182	4.54715636227491	225.166	35.184
0.0121599902720078	0.21869982504014	24.599	3.436
0.582469534024373	8.77823297741362	612.56	67.487
0.0125999899200081	0.226259818992145	15.706	3.803
0.0314099748720201	0.557999553600357	48.808	6.027
0.198489841208127	3.38615729107417	302.889	27.041
