54.0975867219306	57.736753810597	4244.88	2432.649
34.1011727190618	37.7434498052402	4086.288	2364.348
0.900139279888576	4.41719646624283	4688.614	2236.586
1.89737848209721	5.53697557041954	3764.173	2209.213
43.746535002772	46.0239831808135	3766.313	2322.931
0.600459519632384	3.9083368733305	4070.849	2323.424
89.092818725745	92.7168458265233	4233.378	2487.671
14.103718717025	17.7263858188913	4123.792	2541.259
59.1114827108138	62.7452498038002	3830.11	2360.139
0.403319677344258	3.36509730792215	4068.936	2267.208
4.20000663999469	7.83935372851702	3691.358	2155.275
74.0969007224794	77.7383378093297	4388.294	2417.722
39.096808722553	42.7299858160114	4183.671	2431.079
64.099528720377	67.7424058060754	4158.289	2470.632
6.30070495943603	9.94427204458236	3743.011	2234.608
9.39981248015002	13.0591695526644	4028.828	2258.015
69.1005347195722	72.7557617953906	4775.783	2466.005
94.0825947339242	97.4114220708623	4218.653	2510.632
84.1039027168778	87.6930498455601	3995.049	2364.902
1.29650896279283	4.89275608579513	3701.125	2183.358
79.0173667861066	81.9046144763084	3875.222	2431.393
0.300049759960192	2.95613763508989	3703.675	2107.267
0.100699919440064	1.45043883964893	4015.029	2254.672
24.1044407164474	27.7509377992498	4123.375	2320.162
19.1026547178762	22.7397418082066	3760.983	2280.489
0.200899839280129	2.3443181245455	3711.961	2228.384
49.0942807245754	52.7458978032818	4227.029	2425.244
29.1032167174266	32.752053798357	4123.185	2333.293
2.79896776082579	6.45479483616413	4107.07	2366.082
98.6512610789911	99.999280000576	4027.668	2415.751
