0.401169679064257	0.763019389584488	184.829	15.072
34.0998727201018	34.4669124264701	3018.518	946.977
24.1015107187914	24.4700804239357	2194.576	674.864
14.100158719873	14.4651484278813	1489.85	401.822
9.40105247915802	9.76517218786225	1123.934	267.619
0.600509519592384	0.964799228160617	206.759	20.463
0.298299761360191	0.664379468496425	182.497	11.147
49.0616007507194	49.2908005673595	3930.917	1174.209
79.0977767217786	79.4638164289469	6347.888	1977.88
64.099698720241	64.4674884260093	5048.497	1596.457
0.0995299203760637	0.456119635104292	148.887	6.258
2.80048775960979	3.16259746992202	443.777	80.86
54.1000467199626	54.4659764272189	4697.457	1432.115
59.0996327202938	59.4656524274781	4872.971	1584.562
44.0999647200282	44.4524044380764	3851.938	1070.068
29.1004867196106	29.4607564313949	2553.059	804.555
19.1014847188122	19.4677044258365	1832.271	534.816
94.1001047199162	94.4641044287165	7107.487	4782.608
6.30035495971603	6.66737466610027	812.957	176.742
1.30015895987283	1.66175867059306	280.509	39.307
89.100308719753	89.4736084211133	7267.5	2422.033
99.0997007202394	99.4540604367516	6875.132	5027.568
0.901129279096577	1.25963899228881	240.319	28.195
4.20086663930669	4.56461634830692	575.235	120.211
74.0994707204234	74.4690004247997	5984.065	1931.839
84.0992827205738	84.4642124286301	6713.622	1981.557
1.90088847928922	2.25719819424144	339.41	56.53
0.201269838984129	0.565379547696362	166.875	8.073
39.101558718753	39.4676684258653	3450.634	1063.431
69.1013947188842	69.4635644291485	5690.898	1864.777
1.30068895944883	1.66319866944106	281.251	39.232
59.0995727203418	59.4618724305021	4672.768	1511.357
14.101328718937	14.4640684287453	1600.055	476.83
94.0998447201242	94.4642844285725	7444.28	4934.987
9.39888248089401	9.76499218800625	1129.596	265.317
0.600309519752384	0.962099230320616	213.017	18.689
39.099508720393	39.4574084340733	3387.241	1062.757
54.0994667204266	54.4627364298109	4289.036	1486.795
64.098138721489	64.4658684273053	5328.484	1622.281
24.1013007189594	24.4612604309917	2283.831	667.814
89.100918719265	89.4646084283133	7118.834	2428.609
69.0997747201802	69.4660844271325	5319.376	1618.072
0.900199279840576	1.26647898681681	244.34	28.025
49.0992007206394	49.4594604324317	3925.54	1236.566
29.1001267198986	29.4670564263549	2693.913	804.612
0.402849677720258	0.764819388144489	183.098	13.891
34.1013527189178	34.4658324273341	3046.607	947.7
0.199699840240128	0.564479548416361	156.082	8.865
