0.00189999848000122	0.0340199727840218	22.562	1.481
67.155656275475	69.7845041723967	15621.689	9542.882
2.39818808144953	6.04835516131587	1360.875	322.657
1.59747872201702	5.20649583480333	1148.699	228.41
18.2024054380757	21.848922520862	5061.155	2561.356
0.00283999772800182	0.0509399592480326	60.475	2.255
37.3109501512399	40.9523072381542	9368.683	5457.325
0.0927699257840594	1.34585892331286	825.848	67.245
0.0387499690000248	0.626039499168401	567.822	35.363
47.3120621503503	50.9446392442886	11703.943	6901.435
0.00588999528800377	0.105119915904067	147.044	4.522
8.08692353046118	11.6472506821995	2626.761	1107.785
5.39626568298745	9.02843277725378	2154.085	777.856
0.00371999702400238	0.0665999467200426	78.621	2.827
0.475859619312305	3.5859571312343	891.634	120.792
3.5920171263863	7.23221421422863	1635.442	463.421
0.018809984952012	0.324719740224208	426.63	17.61
0.000949999240000608	0.0170999863200109	11.873	1.124
0.00944999244000605	0.167399866080107	254.527	7.86
0.210779831376135	2.42963805628955	824.418	92.893
77.3079381536495	80.9412552469958	18332.131	11025.876
0.0130899895280084	0.228419817264146	343.119	11.658
0.064019948784041	0.996119203104638	747.413	48.487
1.06457914833668	4.55741635406692	966.012	174.847
87.3056901554479	90.8165873467301	20349.368	14892.055
0.705009435992451	4.10543671565063	989.155	142.35
0.315419747664202	3.01967758425793	859.092	105.807
27.3137881489695	30.9527752377798	7181.498	3992.103
57.3131641494687	60.956771234583	13787.094	8181.582
97.2192322246142	99.8862400910079	21796.22	15822.772
0.141749886600091	1.85075851939318	868.61	78.532
0.0277199778240177	0.464759628192297	547.928	28.244
12.1424202860638	15.7863473709221	3672.048	1724.445
