0.000839999328000538	0.0151199879040097	10.515	1.189
0.00114999908000074	0.0206999834400132	13.819	1.32
0.0021899982480014	0.0394199684640252	25.316	1.477
0.00235999811200151	0.0424799660160272	27.023	1.599
0.00646999482400414	0.116279906976074	72.706	2.419
0.00927999257600594	0.166859866512107	102.226	2.882
0.0129699896240083	0.232739813808149	140.437	3.494
0.0182699853840117	0.326879738496209	200.091	4.532
0.0273199781440175	0.487799609760312	302.006	5.536
0.0415499667600266	0.740519407584474	464.3	7.346
0.0603399517280386	1.06847914521668	626.597	10.067
0.0692199446240443	1.21985902411278	695.469	10.41
0.0924499260400592	1.60577871537703	838.557	13.721
0.136119891104087	2.32181814254549	1029.485	19.076
0.3122797501762	5.20181583854733	1411.325	40.104
0.37536969970424	5.97689521848383	1546.436	45.498
0.712549429960456	10.874331300535	1789.3	80.257
0.911079271136583	12.5994499204401	1764.365	150.881
1.59272872581702	20.2264038188769	2345.497	262.6
2.39730808215353	26.0596591522727	2523.706	358.809
2.62486790010568	21.7195026243979	2000.798	288.69
4.76675618659505	30.4352756517795	2551.844	416.086
5.6304054956756	26.6567186746251	2233.858	397.729
12.0587203530237	46.6500226799819	3592.655	626.992
18.1214355028516	53.07223754221	3734.561	749.964
27.1055183155853	60.6095515123588	4407.504	1225.042
36.5959107232714	66.1414870868103	4666.755	1077.495
47.1419622864302	81.0220751823398	5680.593	1359.894
57.1733142613486	91.6123667101066	5604.127	1579.292
63.5356991714407	85.924191260647	5426.961	1314.676
73.3348013321589	94.9202240638208	5828.894	1461.728
84.0880927295258	99.989020008784	5692.42	1777.099
90.5421475662819	100.0	6181.696	1588.879
