58.9438928448857	93.0206855834515	6508.938	4529.288
5.99856520114784	35.5343115725507	3649.509	657.535
88.6219391024487	99.998920000864	7529.296	4881.412
2.77362778109778	28.056397554882	3295.524	448.063
0.261189791048167	4.35383651693079	1347.044	35.602
1.29635896291283	17.4304660556272	2797.616	220.147
0.196299842960126	3.37247730201816	1165.876	27.947
1.89854848116121	22.6695418643665	3163.373	336.766
0.358199713440229	5.83721533022774	1345.758	49.444
24.0885207291834	60.2752917797666	5974.498	1155.655
48.5834111332711	79.4272764581788	6094.873	1774.696
9.12950269639784	40.8534873172101	3727.821	738.86
67.8955556835555	94.8079041536767	6816.154	4669.036
0.32804973756021	5.11307590953927	1647.072	42.82
14.099758720193	50.2203198237441	4706.659	965.623
85.4124716700227	99.994960004032	6951.115	4852.352
39.067928745657	74.8790400967679	6339.814	1604.047
29.0110567911546	64.1685086651931	5144.616	1318.514
4.20651663478669	34.384472492422	3557.624	571.614
91.5582167534266	100.0	7163.456	4910.445
0.0990899207280634	1.74437860449712	891.936	14.87
61.7209306232555	86.0651311478951	6285.368	2004.603
80.3616357106914	99.2902605677915	6558.833	4792.838
33.0000935999251	60.8104313516549	4959.878	1324.843
77.1497382802094	99.2855805715355	6882.618	4887.751
18.9054648756281	52.6278178977457	4608.629	1046.05
42.6791858566513	69.2911245671003	5543.117	1519.764
53.9646468282825	88.5417491666007	6362.143	1799.954
71.3603429117257	94.5893843284925	6514.961	4543.463
0.896519282784574	13.1606894714484	2828.973	183.645
