1.83776852978518	28.185277451778	16979.255	189.639
0.87431930054456	14.5983483213213	8697.087	91.242
0.801459358832513	13.4305092555926	7974.606	83.499
2.51467798825761	36.0811511350791	21886.442	258.196
1.28483897212882	20.7228434217253	12576.627	130.909
0.933169253464597	15.2690277847778	9207.786	96.964
1.78248857400914	27.4258580593136	16722.112	186.767
2.30414815668147	33.3586533130773	20350.96	241.383
0.878099297520562	14.6789882568094	8829.216	90.545
1.15526907578474	18.707745033804	11308.5	120.119
1.90473847620922	29.2166766266587	17618.365	199.408
1.43800884959292	22.4494020404784	13817.862	147.718
0.876749298600561	14.6284082972734	8747.643	91.739
2.3409081272735	33.8925328859737	20675.872	243.948
1.08553913156869	17.6371058903153	10550.886	112.3
