69.0976247219002	72.7392018086386	3889.931	2542.893
49.1026707178634	52.7377978097618	3954.487	2387.648
79.0967367226106	82.747913801669	4194.198	2488.178
98.6643310685351	99.999640000288	3999.655	2557.597
74.0986607210714	77.7260978191217	3846.146	2438.224
4.19906664074669	7.83539373168501	3655.368	2320.054
64.099048720761	67.7245858203313	3851.44	2457.034
14.104688716249	17.7550057959954	4246.778	2562.48
2.79953776036979	6.44021484782812	4226.324	2436.576
0.601929518456385	3.9018568785145	3800.454	2332.568
6.29900496079603	9.95309203752637	3745.585	2307.655
0.902399278080578	4.41791646566683	3628.56	2214.85
94.0894247284602	97.5889019288785	3845.537	2517.821
1.90233847812922	5.54201556638755	4124.053	2465.307
0.0992899205680635	1.42937885649691	4199.896	2429.745
0.297859761712191	2.93147765481788	3692.09	2361.967
24.1035907171274	27.7435578051538	3728.332	2253.346
19.1061147151082	22.7431618054706	4051.808	2359.029
34.1073527141178	37.7385898091282	4199.581	2377.963
44.1008847192922	47.7329018136786	3840.286	2453.967
54.0975867219306	57.736753810597	4223.126	2601.943
39.101968718425	42.7395258083794	3732.036	2336.708
59.0928927256858	62.7283298173361	3884.718	2341.971
89.101628718697	92.7321458142833	3904.105	2388.707
0.197499842000126	2.32037814369748	4022.889	2430.67
0.399819680144256	3.35645731483415	4175.358	2459.994
1.30215895827283	4.89113608709113	3805.259	2301.161
9.39054248756601	13.0444095644723	3776.076	2370.085
29.0947467242026	32.746653802677	3700.82	2326.555
84.0998227201418	87.7457898033682	3863.55	2454.928
