97.1112123110302	99.5723203421437	5351.093	1234.834
0.0100599919520064	0.17261986190411	5693.529	1357.668
0.0125999899200081	0.220499823600141	5036.319	1448.47
0.00395999683200253	0.0696599442720446	5223.16	1456.665
0.474999620000304	3.5996371202903	5520.714	1284.871
37.3094101524719	40.9560872351302	5324.004	2074.793
0.000929999256000595	0.0167399866080107	5170.706	1062.648
67.3135261491791	70.9397432482054	5274.144	1203.278
0.0630599495520404	0.988019209584632	5133.083	1033.154
77.0445383643693	79.4526564378749	5261.235	1397.833
5.26759578592337	7.98173361461311	5549.446	996.996
2.39636808290553	6.03557517153986	5168.427	1403.349
0.0277599777920178	0.465119627904298	5100.469	1463.829
0.00915999267200586	0.161999870400104	5151.245	1377.477
1.06612914709668	4.62707629833896	5548.84	1473.152
0.0407499674000261	0.659879472096422	5698.047	1444.765
0.00586999530400376	0.104579916336067	5215.378	1327.869
12.1398502881198	15.7762673789861	5539.178	1468.558
8.09094352724518	11.7253706197035	5123.294	1254.471
0.139659888272089	1.84103852716918	5531.71	1399.211
0.313929748856201	3.03425757259394	5652.902	1214.986
87.3086901530479	90.8716673026662	5766.673	1638.374
27.3085081531935	30.9578152337478	5423.413	1087.453
47.2790621767503	50.5578195537444	5323.306	1528.327
0.00294999764000189	0.0523799580960335	5587.344	1336.502
1.59537872369702	5.22917581665935	5515.35	1443.136
18.2024954380036	21.845142523886	5576.763	1770.18
57.3074241540607	60.955331235735	5760.809	1558.553
3.5971171223063	7.23599421120463	5125.162	2037.834
0.208459833232133	2.37743809804952	5549.736	1277.374
0.710709431432455	4.13027669577864	5132.793	1481.039
0.00182999853600117	0.0329399736480211	5088.68	1194.3
0.0944799244160605	1.38275889379288	5103.334	1431.631
