98.6301610958711	99.998380001296	7521.692	5211.459
94.0504347596522	97.1135223091822	7528.845	5046.088
1.30137895889683	4.89257608593913	375.317	68.066
79.0957067234346	82.742693805845	6420.81	2181.012
39.100288719769	42.7332258134194	3400.095	1135.819
0.196789842568126	2.31767814585748	199.043	21.894
54.0960867231306	57.7248738201009	4370.522	1512.698
0.400579679536256	3.37895729683416	253.581	33.105
44.0995147203882	47.7312818149746	3609.535	1232.916
29.1029967176026	32.747913801669	2840.591	857.608
24.1060207151834	27.7466178027058	2245.425	727.378
9.34170252663798	12.3926300858959	1136.674	303.203
49.0990807207354	52.7449978040018	4136.325	1373.501
84.1001627198698	87.7517297986162	6814.958	2104.143
64.102208718233	67.7415058067954	5335.98	1576.822
19.1011547190762	22.7374018100786	1797.275	587.092
0.300359759712192	2.94083764732988	226.698	29.16
74.1017307186154	77.7376178099058	6103.306	2031.869
2.80223775820979	6.44885484091613	530.45	110.455
4.19981664014669	7.84277372578102	689.647	151.266
0.601849518520385	3.9052768757785	273.717	42.547
34.1009127192698	37.7288698169041	2888.714	1010.701
0.0993499205200636	1.44233884612892	156.214	13.268
6.28991496806803	9.86615210707831	882.009	208.6
1.90073847940922	5.53715557027554	389.381	85.902
89.103318717345	92.7312458150033	7164.584	5093.749
14.094798724161	17.7373658101074	1465.971	447.997
59.1004527196378	62.7504697996242	4927.426	1454.694
0.900269279784576	4.40945647243482	303.267	53.544
69.0929147256682	72.7390218087826	5657.93	1935.972
34.0960727231418	37.7520897983282	3207.462	985.789
0.100949919240065	1.45079883936093	163.787	13.479
0.200599839520128	2.3507981193615	193.198	21.332
4.19374664500268	7.83305373355701	681.898	148.339
79.0972967221626	82.754933796053	6421.93	1950.83
0.300799759360192	2.94209764632188	225.769	28.941
54.0944067244746	57.7299138160689	4312.678	1340.138
83.8362329310137	86.2336110131112	6482.746	2033.519
0.377799697760242	3.04289756568195	242.948	31.11
0.600879519296385	3.9011368790905	302.014	41.921
14.096048723161	17.7294458164433	1510.771	454.825
19.1045647163482	22.7381218095026	1884.884	595.191
74.1010507191594	77.7338378129297	6254.512	1977.95
64.101748718601	67.7503257997394	5292.692	1591.656
69.0984047212762	72.7280418175665	5652.934	1944.621
89.102838717729	92.7287258170194	7462.291	4874.343
29.1034167172666	32.738733809013	2659.24	760.222
6.30152495878003	9.94931204055037	889.255	188.689
1.90031847974522	5.53841556926754	433.077	84.168
98.6637110690312	99.999820000144	7248.697	5149.257
94.0369447704442	97.0219023824781	7176.735	5079.595
9.39834248132602	13.0242495806003	1133.525	308.083
59.0994627204298	62.7407498074002	4909.357	1647.33
2.80169775864179	6.43751484998812	509.714	112.219
