0.000809999352000518	0.0145799883360093	5.451	1.265
0.00151999878400097	0.0273599781120175	8.082	1.323
0.00222999821600143	0.0401399678880257	10.846	1.566
0.00351999718400225	0.0633599493120405	15.753	1.962
0.00473999620800303	0.0853199317440546	21.064	2.078
0.00747999401600479	0.134639892288086	31.707	2.671
0.0100799919360065	0.180719855424116	41.382	3.053
0.0104899916080067	0.188639849088121	43.107	2.909
0.0239899808080154	0.431099655120276	94.689	4.773
0.034349972520022	0.616859506512395	136.443	5.553
0.0344899724080221	0.618119505504396	134.277	5.416
0.0636999490400408	1.13615909107273	243.054	8.26
0.0923099261520591	1.63673869060905	353.476	10.618
0.172979861616111	3.05243755804995	649.197	19.112
0.257829793736165	4.49279640576288	956.856	27.527
0.37425970059224	6.39827488138009	1356.144	39.116
0.634609492312406	10.6142315086148	2241.646	62.401
0.823069341544527	13.2244094204725	2806.255	79.378
1.41968886424891	21.7668425865259	4652.535	138.011
1.99965840027328	28.2565573947541	6026.797	193.441
2.8193477445218	35.5616715506628	7428.109	273.737
2.93902764877788	32.9628336297331	6661.67	265.164
5.50104559916352	48.8548409161273	9697.422	480.011
9.16985266411787	62.2317102146318	13938.374	753.489
12.1983702413038	63.0211895830483	16624.799	953.099
19.6273742981006	73.2651613878709	22032.888	1446.044
30.0332559733952	86.0717911425671	28121.239	2200.471
41.9483564413148	97.1711222631022	31799.021	3048.075
51.552518757985	99.7316202147038	28426.189	3702.399
57.9876536098771	99.6567402746078	35361.031	4078.936
65.8158173473461	99.961840030528	36291.747	4691.109
73.0334415732467	99.999820000144	40780.6	5241.605
78.6699370640503	100.0	37910.32	5661.262
