26.2054890356088	99.3813404949276	12512.879	3427.335
0.268139785488172	4.72013622389102	7417.638	300.992
47.0832923333661	99.990460007632	15574.293	5624.452
6.23925500859599	67.8498657201074	14721.499	1799.386
1.12729909816072	18.2982453614037	15572.305	1080.708
0.771339382928494	12.9162496670003	13657.557	813.088
12.9808096153523	91.1877470498024	11035.525	3152.887
52.6487978809617	99.99730000216	16013.287	6518.717
0.0647699481840415	1.15847907321674	1986.442	74.292
55.4588156329475	99.999460000432	16625.584	6512.857
1.68786864970508	26.0522791581767	16526.924	1171.262
35.4125916699267	99.8869600904319	12605.722	4567.133
0.136959890432088	2.43449805240156	4152.762	152.448
32.2969341624527	99.7852601717919	12531.686	4448.587
21.7828625737099	97.7073418341265	11266.743	3532.39
38.1199595040324	99.9137800689759	13190.325	4686.654
18.5214751828199	95.9809632152294	11836.881	3290.866
0.199669840264128	3.53645717083426	5761.663	226.848
28.3197373442101	99.3149205480636	12015.787	3621.001
2.6632878693697	38.0231695814643	17413.191	1719.264
9.2201126239099	81.1534750772199	10666.006	1854.486
4.09110672711462	52.2361382110894	16579.911	2005.402
0.344559724352221	6.00623519501184	8643.949	374.35
0.605919515264388	10.3528717177026	12621.535	657.361
44.6175143059886	99.991720006624	14586.291	5534.889
50.0861399310881	99.99640000288	15864.54	6380.097
58.0861235311012	100.0	16789.42	7328.236
41.0604071516743	99.9505000396	14000.206	5088.919
60.5434615652307	100.0	17407.265	7878.885
13.8770788983369	89.087868729705	11432.516	2351.274
