64.100938719249	64.4653284277373	3448.548	2352.684
59.0990427207658	59.4586324330941	3783.399	2427.477
24.1002207198234	24.4681004255197	3359.253	2246.683
14.098808720953	14.4646084283133	3678.336	2392.703
34.0986627210698	34.4649324280541	3713.818	2371.434
79.0984467212426	79.4614764308188	3942.973	2551.812
44.1010647191482	44.4668044265565	3772.593	2416.592
74.1003807196954	74.4704404236477	3861.055	2456.958
59.0988327209338	59.4633124293501	3433.197	2349.057
14.101678718657	14.4674884260093	3685.763	2334.655
99.0997007202394	99.4540604367516	3955.655	2561.16
39.100958719233	39.4649684280253	4169.533	2281.165
74.0998907200874	74.4594604324317	3820.665	2522.557
69.1000047199962	69.4641044287165	4516.624	2479.025
24.1016707186634	24.4621604302717	3806.349	2359.212
69.0988947208842	69.4700444239645	3920.016	2491.606
89.100968719225	89.4694684244253	3915.466	2505.347
29.1005367195706	29.4686764250589	3755.787	2362.267
19.1003147197482	19.4698644241085	3389.179	2235.302
84.0983627213098	84.4615124307901	3495.536	2396.639
94.0994947204042	94.4648244281405	4305.71	2433.634
94.0999747200202	94.4641044287165	4216.756	2438.054
64.099848720121	64.4653284277373	3771.799	2444.358
74.0978107217514	74.4666604266717	4556.625	2451.2
54.0982567213946	54.4638164289469	3504.203	2322.478
49.0997007202394	49.4589204328637	3775.791	2405.135
19.1026947178442	19.4660844271325	3688.782	2329.626
29.1012467190026	29.4639964288029	3736.125	2391.177
29.0992467206026	29.4612964309629	3715.93	2401.385
64.100368719705	64.4660484271613	3519.906	2343.215
49.0983407213274	49.4646804282557	3804.266	2459.499
49.1002007198394	49.4643204285437	3417.952	2287.519
64.100288719769	64.4656884274493	3513.277	2354.302
39.101358718913	39.4678484257213	3404.033	2284.153
24.0995807203354	24.4668404265277	3345.166	2228.17
69.1023847180922	69.4630244295805	3749.914	2523.211
94.0994947204042	94.4648244281405	3845.653	2539.991
19.1000247199802	19.4689644248285	3732.598	2365.517
29.1002667197866	29.4688564249149	3705.134	2364.074
24.1003907196874	24.4693604245117	3706.764	2393.951
34.1000327199738	34.4642124286301	3407.799	2308.563
84.0980427215658	84.4606124315101	3502.838	2443.336
44.1012447190042	44.4594244324605	3800.183	2408.36
84.1008327193338	84.4645724283421	3808.484	2490.266
34.0992527205978	34.4625924299261	3713.396	2383.769
99.1004407196474	99.4493804404956	3851.637	2582.29
34.1002227198218	34.4602524317981	3370.698	2263.337
69.1013447189242	69.4635644291485	3882.079	2476.342
89.102948717641	89.4682084254333	4316.669	2510.99
44.1002447198042	44.4608644313085	3443.815	2356.13
59.1008627193098	59.4669124264701	3804.141	2450.278
99.0913007269594	99.3822404942076	3958.16	2561.249
59.1001427198858	59.4647524281981	3791.25	2422.866
19.0980647215482	19.4605044315965	4430.684	2385.876
79.0998667201066	79.4607564313949	3843.714	2515.92
54.1001167199066	54.4630964295229	3503.737	2309.457
89.098988720809	89.4444484444412	3853.699	2508.643
14.100888719289	14.4628084297533	3753.483	2318.881
79.1010267191786	79.4632764293789	3828.428	2517.843
39.100058719953	39.4588484329213	4518.539	2446.095
89.099938720049	89.4588484329213	3951.657	2546.989
49.0980507215594	49.4646804282557	3407.296	2340.293
39.098688721049	39.4584884332093	3706.487	2428.934
84.0989627208298	84.4665524267581	3492.912	2399.628
54.1007867193706	54.4684964252029	3495.07	2289.074
54.0986267210986	54.4589564328349	3760.384	2391.544
79.1000967199226	79.4661564270749	3456.955	2391.984
44.1004547196362	44.4680644255485	3769.27	2485.58
14.099838720129	14.4633484293213	3397.898	2247.078
99.1004407196474	99.4493804404956	3510.467	2436.531
74.0999007200794	74.4583804332957	3855.258	2539.9
94.0999747200202	94.4641044287165	3560.059	2417.691
