0.00099999920000064	0.0179999856000115	1922.639	1634.858
0.00174999860000112	0.0314999748000202	2104.08	1809.035
0.00308999752800198	0.0554399556480355	2003.737	1676.224
0.00341999726400219	0.0615599507520394	2048.469	1612.169
0.00637999489600408	0.113579909136073	2037.265	1605.664
0.00883999292800566	0.1558798752961	2124.948	1610.295
0.012519989984008	0.21923982460814	2096.226	1684.554
0.0188999848800121	0.323099741520207	2111.956	1645.701
0.028049977560018	0.4694396244483	2125.012	1589.023
0.0428499657200274	0.698039441568447	2011.121	1652.454
0.0528499577200338	0.797939361648511	2055.33	1663.786
0.0941199247040602	1.37105890315288	2132.2	1608.023
0.139249888600089	1.84103852716918	1998.97	1680.02
0.209999832000134	2.40731807414554	2116.301	1719.853
0.314259748592201	3.01589758728193	2081.88	1621.246
0.472509621992302	3.5945971243223	2005.539	1610.418
0.712719429824456	4.10201671838663	1988.718	1666.804
1.06351914918468	4.62383630093096	2095.048	1849.129
1.59410872471302	5.20451583638733	2075.146	1851.589
2.39366808506553	6.02225518219585	2110.917	1622.042
3.60189711848231	7.25777419378065	2175.884	1659.219
5.39848568121146	9.02987277610178	2009.049	1680.623
8.09280352575718	11.7356306114955	2052.6	1652.417
12.1391302886958	15.7652873877701	2113.287	1620.418
18.2043354365317	21.858102513518	2192.103	1645.2
27.3167481466015	30.9637552289958	2127.81	1687.963
37.2564001948798	40.3394077284738	2079.481	1664.524
47.3132421494063	50.9430192455846	2166.882	1753.281
57.3120941503247	60.947411242071	2132.601	1692.433
67.3120761503391	70.9618832304934	2105.947	1692.869
77.3070681543455	80.9383752492998	2259.539	1738.178
87.3072501541999	90.9456472434822	2248.509	1755.547
97.0761623390701	99.4542404366076	2307.988	1774.252
