19.1009447192442	19.4650044279965	3805.854	2168.931
2.80093775924979	3.16961746430603	720.598	327.167
64.097338722129	64.4619084304733	12391.436	7157.948
34.1019327184538	34.4636724290621	6620.961	3742.761
29.1016367186906	29.4670564263549	5647.789	3177.326
84.0989027208778	84.4645724283421	16340.502	9501.302
74.1004707196234	74.4641404286877	14357.818	8529.748
0.601079519136385	0.970379223696621	271.709	65.738
94.0918247265402	94.3879644896284	18511.31	13358.652
0.899769280184576	1.26719898624081	336.257	92.482
14.100198719841	14.4655084275933	2834.481	1617.361
9.40145247883802	9.76517218786225	1944.207	1026.645
24.1014207188634	24.4675604259517	4674.258	2606.806
19.0989547208362	19.4615844307325	3834.767	2244.171
34.0994027204778	34.4642124286301	6699.63	3873.749
0.199999840000128	0.565379547696362	174.609	24.021
89.100678719457	89.4655084275933	17342.773	9917.351
49.1012207190234	49.4666604266717	9553.819	5339.862
2.79955776035379	3.16277746977802	704.44	313.2
64.100178719857	64.4694684244253	12456.176	7364.297
94.0997247202202	94.4632044294365	18401.43	13836.984
54.1004767196186	54.4575164339869	10398.165	6157.959
0.099959920032064	0.450539639568288	164.333	15.627
44.0994747204202	44.4628444297245	8526.217	5100.172
74.1011607190714	74.4706204235037	14387.93	8449.566
59.1001727198618	59.4679924256061	11372.237	6627.328
99.1005407195674	99.4639604288317	19243.203	13812.624
9.39938248049402	9.76193219045425	1983.846	1083.438
0.399229680616256	0.763379389296489	220.97	40.675
0.299419760464192	0.664379468496425	194.121	32.397
69.1003247197402	69.4619444304445	13144.428	7541.454
1.29796896162483	1.66589866728107	416.887	136.09
4.20058663953069	4.56299634960292	968.006	472.449
54.0998467201226	54.4639964288029	10384.267	6014.582
64.099658720273	64.4655084275933	12295.841	7112.287
1.89884848092122	2.26709818632145	517.091	213.048
94.1001047199162	94.4641044287165	17990.72	12911.598
49.0994307204554	49.4668404265277	9453.208	5518.766
0.298209761432191	0.663119469504424	188.92	33.918
89.099368720505	89.4548884360892	16782.149	9735.161
0.598469521224383	0.959579232336614	272.604	61.532
0.202039838368129	0.570059543952365	176.99	25.788
69.1003247197402	69.4619444304445	13112.916	7678.47
79.0986967210426	79.4573364341309	15188.304	8976.861
54.1005667195466	54.4656164275069	10665.207	6460.204
44.0995647203482	44.4740044207965	8475.392	4912.034
74.0997907201674	74.4639604288317	14515.795	8439.017
29.0980967215226	29.4611164311069	5672.902	3243.431
54.1007067194346	54.4661564270749	10164.179	6001.268
1.89958848032922	2.26979818416145	522.891	209.708
29.1005367195706	29.4710164231869	5759.037	3372.494
99.0908807272954	99.3860204911836	18859.374	13463.734
24.0998207201434	24.4605404315677	4814.276	2991.53
84.1010427191658	84.4679924256061	16309.861	9612.025
39.099688720249	39.4691084247133	7628.423	4376.833
0.0996799202560638	0.451079639136289	149.534	14.703
94.1003947196842	94.4646444282845	17876.742	12836.812
6.29993496005203	6.66755466595627	1387.88	705.334
19.0991947206442	19.4657244274205	3777.514	2265.987
1.29848896120883	1.66211867030506	434.432	147.599
39.099718720225	39.4651484278813	7683.589	4514.54
0.901269278984577	1.26359898912081	354.15	91.844
24.1001007199194	24.4657604273917	4711.961	2611.437
24.1001407198874	24.4637804289757	4631.537	2638.708
4.20196663842669	4.57253634197093	976.657	460.213
99.0913007269594	99.3822404942076	18948.761	13736.774
69.1011247191002	69.4621244303004	13228.662	7442.796
4.19971664022669	4.57037634369892	955.245	461.313
1.90064847948122	2.26637818689745	537.817	216.397
59.1005027195978	59.4687124250301	11640.127	6637.402
79.0994867204106	79.4629164296669	15056.968	8795.593
49.0990107207914	49.4666604266717	9943.173	5780.542
14.099918720065	14.4644284284573	2809.563	1585.226
74.0993807204954	74.4641404286877	14182.563	8655.874
6.29994496004403	6.66773466581227	1363.589	683.082
59.0994927204058	59.4645724283421	11694.048	6788.941
89.099968720025	89.4701884238493	16857.771	9777.402
1.89869848104122	2.26475818819345	511.491	210.765
9.39915248067802	9.76535218771825	1935.158	1065.611
49.1007907193674	49.4690004247997	9324.526	5312.985
1.29963896028883	1.66967866425707	424.473	136.837
79.0999167200666	79.4621964302429	15017.457	8746.783
34.0978927216858	34.4600724319421	6678.501	3929.598
69.0997247202202	69.4635644291485	13113.571	7603.34
99.0985807211354	99.4654004276797	19080.624	13885.013
1.30034895972083	1.66283866972906	418.775	140.014
0.598809520952383	0.961199231040615	271.595	59.203
4.19859664112269	4.57163634269093	984.67	477.029
0.0991899206480635	0.456659634672292	165.912	14.437
0.401449678840257	0.76553938756849	222.599	46.813
14.098988720809	14.4646084283133	2821.352	1509.398
9.40163247869402	9.76841218527025	1958.587	1137.582
2.80044775964179	3.16115747107402	680.116	309.41
0.298569761144191	0.658979472816422	193.715	33.379
84.1008327193338	84.4645724283421	15974.561	9195.974
44.1004547196362	44.4671644262685	8620.825	5071.987
84.0991027207178	84.4643924284861	16306.702	9386.628
34.0986027211178	34.4604324316541	6590.577	3690.08
6.29753496197203	6.65783467373226	1355.009	692.756
2.80059775952179	3.16799746560203	698.798	309.202
59.1014027188778	59.4699724240221	11628.844	6969.024
14.099378720497	14.4646084283133	2831.877	1551.125
0.600869519304385	0.96803922556862	292.057	64.466
0.400999679200257	0.767879385696491	226.955	40.67
0.101359918912065	0.454319636544291	158.975	15.902
29.0988167209466	29.4625564299549	5769.71	3237.934
0.900829279336577	1.26989898408081	341.77	93.633
39.099828720137	39.4662284270173	7536.572	4283.538
0.899399280480576	1.26521898782481	346.266	90.316
0.401729678616257	0.76517938785649	222.978	43.162
0.199659840272128	0.56285954971236	174.391	24.37
0.301169759064193	0.664559468352425	191.006	33.458
39.099808720153	39.4638884288893	7599.349	4327.629
89.099518720385	89.4601084319133	17005.272	9796.498
19.0989747208202	19.4603244317405	3732.665	2157.162
0.199269840584128	0.566459546832363	170.045	23.844
64.100578719537	64.4649684280253	12474.852	7234.025
44.1003647197082	44.4619444304445	8460.397	4847.62
79.0996967202426	79.4629164296669	15827.696	9386.9
6.30156495874803	6.67169466264427	1366.951	708.722
