1.29818896144883	4.90625607499514	832.679	68.008
39.100308719753	42.7357458114033	3594.731	1116.814
94.1005447195642	97.6789018568785	6892.892	4883.787
4.20493663605069	7.84421372462902	1067.919	148.617
69.0940347247722	72.7348818120946	5639.616	1694.219
59.0958127233498	62.7515497987602	5240.713	1592.171
19.1011147191082	22.7420818063346	2244.622	581.407
89.099938720049	92.7389858088113	7609.803	4812.52
64.100738719409	67.7431258054994	5584.863	1811.178
0.599659520272384	3.91931686454651	795.898	42.697
9.40486247611002	13.0399095680723	1478.402	312.695
74.0992307206154	77.7502177998258	6369.507	1912.288
54.0983167213466	57.7335138131889	4849.574	1451.988
0.201639838688129	2.35313811748951	911.625	21.599
29.1056367154906	32.747193802245	2836.411	858.52
98.6512610789911	99.999280000576	7163.156	5099.893
24.1035907171274	27.7435578051538	2489.015	634.429
84.1018927184858	87.7511897990482	6791.494	2336.049
0.298979760816191	2.93903764876988	834.46	29.125
79.0992967205626	82.735673811461	6689.522	1993.537
44.0994747204202	47.7523417981266	4112.181	1279.703
2.80437775649779	6.43643485085212	980.046	112.803
0.0989699208240633	1.41857886513691	689.607	12.582
0.398339681328255	3.36797730561816	780.649	34.303
6.29388496489203	9.91961206431035	1219.842	210.713
14.096478722817	17.7301658158673	1766.959	450.781
0.903299277360578	4.43069645544284	807.188	54.207
1.90152847877722	5.53013557589154	888.253	86.457
34.1014927188058	37.7513697989042	3362.378	867.741
49.1021007183194	52.7383378093297	4276.319	1356.637
74.0969407224474	77.7478778016978	6036.968	1848.046
98.6029111176711	99.99730000216	6754.921	5011.045
24.0992607205914	27.7460778031378	2619.497	732.364
94.0881147295082	97.4684820252144	7288.441	4932.496
59.0987827209738	62.7369698104241	5198.078	1650.225
0.100199919840064	1.43369885304092	694.566	13.179
0.402229678216257	3.38039729568216	801.441	33.597
34.0789827368138	37.4201700638639	3290.587	992.233
39.099508720393	42.7472658021874	3704.681	1082.815
4.19452664437868	7.82585373931701	1052.426	148.875
2.80020775983379	6.43445485243612	957.091	112.554
0.597989521608383	3.9072568741945	789.818	42.359
89.102318718145	92.7497858001714	7374.775	4834.339
0.199259840592128	2.3389181288655	896.254	22.597
54.1003767196986	57.7380138095889	4568.856	1382.185
6.29587496330003	9.92447206042235	1217.867	213.978
84.0981827214538	87.7303098157522	6692.369	2050.015
19.1018047185562	22.7413618069106	2239.91	594.512
1.89491848406521	5.52131558294753	876.735	86.066
1.30472895621683	4.89689608248313	831.565	67.999
0.300769759384192	2.94713764228989	859.437	28.499
44.0957847233722	47.7573817940946	3885.925	1470.927
79.0957167234266	82.738553809157	6698.108	1991.434
