0.400999679200257	0.418139665488268	57.172	15.511
0.300999759200193	0.318059745552204	45.165	12.184
6.30099495920403	6.31799494560404	659.908	253.593
14.100988719209	14.117928705657	1451.242	543.945
39.100968719225	39.117928705657	4061.558	1543.256
34.1009727192218	34.1180727055418	3508.981	1326.91
54.1009567192346	54.1178567057146	5219.578	2438.067
1.90099847920122	1.91807846553723	208.387	74.728
29.1009767192186	29.1180367055706	2999.842	1138.273
94.1009247192602	94.1179647056282	9330.381	3677.386
0.600999519200385	0.618119505504396	77.775	23.125
74.1009407192474	74.1180007055994	7513.23	2757.854
0.200999839200129	0.21797982561614	33.033	8.261
0.900999279200577	0.917999265600588	102.492	34.767
4.20099663920269	4.2179366256507	438.46	165.132
84.1009327192538	84.1178927056858	8472.819	3176.463
64.100948719241	64.117928705657	6517.015	2376.264
24.1009807192154	24.1180007055994	2551.179	958.601
19.1009847192122	19.1179647056282	1962.067	737.892
2.80099775920179	2.8180777455378	305.473	111.959
1.30099895920083	1.31795894563284	144.869	49.281
59.1009527192378	59.1178927056858	5976.919	2284.208
49.1009607192314	49.1180007055994	5039.168	1887.656
79.1009367192506	79.1180367055706	8055.128	2935.314
44.1009647192282	44.1179647056282	4535.785	1722.964
0.100999919200065	0.117899905680075	22.868	5.156
89.100928719257	89.117928705657	8692.213	3399.409
99.1009207192634	99.1180007055994	10137.209	3737.196
9.40099247920602	9.41795246563803	976.91	360.931
69.1009447192442	69.1179647056282	6890.525	2621.24
0.200999839200129	0.21797982561614	34.157	8.47
69.1009447192442	69.1179647056282	6741.965	2673.035
39.100968719225	39.117928705657	3986.142	1786.319
24.1009807192154	24.1180007055994	2481.948	932.021
49.1009607192314	49.1180007055994	4625.168	1881.792
9.40099247920602	9.41795246563803	957.315	365.545
