0.063999948800041	0.0818999344800524	3340.428	1997.989
5.39599568320345	5.41403566877147	3415.488	2031.758
0.474999620000304	0.491939606448315	3409.473	2038.049
87.3109301512559	87.3278301377359	3262.935	2049.013
77.3099381520495	77.3259581392335	3549.382	2217.31
0.0189999848000122	0.035999971200023	3374.058	2072.291
12.1389902888078	12.1559302752558	3430.79	2076.404
3.5979971216023	3.61403710877031	3113.498	1902.282
1.59999872000102	1.61801870558504	3101.255	1944.872
0.211999830400136	0.228059817552146	3131.196	1882.49
1.06699914640068	1.08395913283269	3031.93	1887.342
27.3109781512175	27.3281181375055	3176.46	1960.656
0.0929999256000595	0.10997991201607	3427.09	2074.621
67.3109461512431	67.3280461375631	3535.526	2174.264
37.3109701512239	37.3280101375919	3560.236	2087.891
0.711999430400456	0.727919417664466	3033.582	1927.106
0.0289999768000186	0.0458999632800294	3362.247	2022.609
0.00199999840000128	0.0199799840160128	3002.303	1950.216
0.00699999440000448	0.0239399808480153	3375.557	2017.382
0.00199999840000128	0.0179999856000115	3392.213	2104.76
0.0049999960000032	0.0221399822880142	3035.451	1924.776
18.2079854336117	18.2239054208757	3054.488	1927.596
0.0099999920000064	0.0278999776800179	3420.48	2079.814
0.316999746400203	0.334079732736214	3032.872	1902.438
97.3109221512623	97.3279021376783	3161.918	2086.775
57.3109541512367	57.3279741376207	3456.207	2146.584
0.0419999664000269	0.0599399520480384	3348.818	1989.328
0.00399999680000256	0.0219599824320141	3466.076	1996.916
47.3109621512303	47.3280821375343	3095.217	2011.775
0.141999886400091	0.160019871984102	3017.514	1879.423
8.09299352560518	8.11007351194119	3055.712	1918.47
0.013999988800009	0.0300599759520192	3479.801	2065.041
2.39899808080154	2.41595806723355	3132.562	1936.377
