94.0991147207082	94.4628444297245	4387.095	2547.328
1.89973848020922	2.26367818905745	4132.27	2273.148
49.0995907203274	49.4481204415036	3761.292	2295.038
84.0989127208698	84.45971243223	4341.129	2502.165
44.1007847193722	44.4655444275645	3757.714	2310.891
39.099048720761	39.4662284270173	4217.692	2400.774
4.19945664043469	4.56209635032292	4397.305	2206.897
0.0993599205120636	0.451799638560289	3651.053	2165.594
89.101838718529	89.4646084283133	3914.961	2346.573
34.0995527203578	34.4597124322301	4119.763	2349.325
0.301929758456193	0.673559461152431	4763.732	2326.482
24.0993807204954	24.4643204285437	4168.043	2333.942
6.30037495970003	6.66467466826027	3681.345	2175.17
54.1010567191546	54.4657964273629	4215.119	2423.843
74.1000207199834	74.4618004305596	4945.763	2653.568
0.598679521056383	0.965699227440618	4765.574	2571.344
2.80001775998579	3.16313746949002	4141.613	2285.814
99.1005407195674	99.4639604288317	4402.174	2528.202
0.399949680040256	0.766439386848491	3796.308	2125.348
19.0974047220762	19.4590644327485	3760.845	2263.158
1.30041895966483	1.66553866756907	3660.378	2206.509
69.1001147199082	69.4619444304445	4530.581	2347.988
14.099968720025	14.4665884267293	4186.349	2267.618
0.899589280328576	1.25873899300881	3654.653	2201.816
79.0994267204586	79.4650764279389	4289.945	2533.646
9.40030247975802	9.76481218815025	4009.709	2318.66
0.198899840880127	0.566639546688363	4381.494	2107.285
64.099868720105	64.4642484286013	3839.66	2379.339
29.0969667224266	29.4638164289469	3856.885	2262.675
59.1013327189338	59.4762724189821	4215.037	2393.847
