0.0049999960000032	0.0219599824320141	42.468	2.497
0.0099999920000064	0.0260999791200167	42.578	2.862
0.00699999440000448	0.0239399808480153	42.232	2.642
2.39899808080154	2.41595806723355	569.313	275.478
67.3109461512431	67.3278661377071	12478.874	6908.872
0.0289999768000186	0.0460799631360295	59.426	4.434
0.063999948800041	0.0799199360640512	75.353	7.375
0.711999430400456	0.729899416080467	210.297	67.174
57.3109541512367	57.3279741376207	10828.353	5842.935
18.2079854336117	18.2260654191477	3477.692	1918.597
5.39599568320345	5.41205567035546	1098.034	583.036
3.5979971216023	3.61403710877031	765.689	380.234
0.00099999920000064	0.0179999856000115	12.909	1.199
0.0199999840000128	0.035999971200023	43.308	3.342
77.3109381512495	77.3279381376495	14498.727	7932.855
8.09299352560518	8.11007351194119	1599.564	873.275
97.3099221520623	97.3259221392623	18441.73	10249.548
0.316999746400203	0.334079732736214	143.226	31.156
0.00399999680000256	0.0221399822880142	40.19	2.505
0.474999620000304	0.492119606304315	174.246	45.172
0.0949999240000608	0.111959910432072	82.198	9.834
47.3109621512303	47.3280821375343	8922.176	5049.21
87.3109301512559	87.3278301377359	16318.295	9118.108
0.141999886400091	0.160019871984102	101.481	14.595
0.211999830400136	0.230039815968147	127.196	22.056
12.1389902888078	12.1559302752558	2365.53	1289.955
0.00299999760000192	0.0199799840160128	41.312	2.603
1.59999872000102	1.61603870716903	389.341	178.808
0.0429999656000275	0.0599399520480384	61.868	5.744
27.3109781512175	27.3279381376495	5181.611	2826.57
1.06699914640068	1.08395913283269	273.341	109.362
37.3109701512239	37.3280101375919	7439.124	4293.279
0.013999988800009	0.0298799760960191	42.659	3.119
