0.00377999697600242	0.0673199461440431	43.85	1.953
0.0038999968800025	0.0696599442720446	45.041	1.969
0.00393999684800252	0.0698399441280447	46.365	1.941
0.00604999516000387	0.107459914032069	69.172	2.099
0.00617999505600396	0.10961991230407	71.554	2.426
0.00617999505600396	0.110339911728071	69.766	2.244
0.00645999483200413	0.113759908992073	72.809	2.287
0.00863999308800553	0.152279878176097	96.029	2.598
0.00877999297600562	0.154799876160099	98.318	2.485
0.00897999281600575	0.157319874144101	99.965	2.799
0.00903999276800579	0.159659872272102	100.001	2.747
0.012489990008008	0.21923982460814	134.985	3.144
0.012549989960008	0.219959824032141	136.846	3.153
0.0126799898560081	0.221219823024142	140.689	3.259
0.0128899896880083	0.225179819856144	137.829	3.225
0.0184399852480118	0.316259746992202	194.246	3.841
0.018739985008012	0.322919741664207	199.395	3.684
0.0194799844160125	0.335699731440215	208.872	3.737
0.0275999779200177	0.469799624160301	284.947	4.474
0.0276199779040177	0.463679629056297	284.355	4.403
0.0277699777840178	0.472679621856303	295.555	4.437
0.0283899772880182	0.477359618112305	290.282	4.65
0.040649967480026	0.660959471232423	399.667	6.099
0.0411199671040263	0.674819460144432	408.263	5.673
0.0412799669760264	0.676439458848433	407.902	6.06
0.0423499661200271	0.691379446896442	421.602	5.896
0.0619199504640396	0.964799228160617	588.307	7.425
0.0626999498400401	0.971459222832622	595.322	7.145
0.0631399494880404	0.976859218512625	582.143	8.01
0.0631699494640404	0.978659217072626	597.099	8.152
0.092179926256059	1.34747892201686	803.771	10.328
0.0927699257840594	1.33649893080086	800.663	9.795
0.09379992496006	1.35539891568087	827.543	9.91
0.0949499240400608	1.36961890430488	821.063	10.023
0.141549886760091	1.86479850816119	1086.089	14.072
0.141999886400091	1.86371850902519	1077.366	12.975
0.142639885888091	1.86335850931319	1095.473	13.602
0.143729885016092	1.8779384976492	1110.998	13.16
0.163369869304105	1.78091857526514	996.887	13.469
0.208489833208133	2.41109807112154	1333.195	17.905
0.210299831760135	2.40911807270554	1354.467	17.451
0.210299831760135	2.41883806492955	1333.88	17.045
0.313569749144201	3.01967758425793	1549.41	24.176
0.315529747576202	3.00455759635392	1575.699	23.983
0.316089747128202	3.02453758036994	1590.187	23.086
0.318249745400204	3.02327758137793	1559.213	23.012
0.473739621008303	3.5971171223063	1764.577	30.793
0.474709620232304	3.5967571225943	1777.762	30.864
0.475239619808304	3.60269711784231	1763.387	32.432
0.478169617464306	3.5909971272023	1769.926	32.037
0.68715945027244	3.77729697816242	1717.299	40.959
0.709419432464454	4.12703669837064	1935.819	43.825
3.5969871224103	7.22051422358862	3071.938	181.132
3.5984171212663	7.24175420659664	3042.745	182.322
3.5989971208023	7.24121420702863	3094.774	176.181
3.5991171207063	7.23833420933263	2998.994	181.131
5.39238568609145	9.02339278128578	3612.417	265.391
5.39438568449145	9.02321278142978	3655.941	260.064
5.39446568442745	9.02069278344577	3690.73	259.308
5.39569568344345	9.05093275925379	3610.288	268.949
8.08983352813318	11.7313106149515	4611.219	388.565
8.08996352802918	11.7415706067435	4632.678	395.109
8.09527352378118	11.7437306050155	4568.109	385.952
8.09562352350118	11.7345506123595	4583.012	393.259
12.1352702917838	15.7627673897861	6013.644	567.76
12.1382202894238	15.7670873863301	6007.201	591.307
12.1400702879438	15.7685273851781	5991.534	585.362
12.1419302864558	15.7717673825861	6017.077	579.254
18.2062554349957	21.85396251683	8104.942	883.562
18.2070254343797	21.848202521438	8108.428	869.327
18.2071254342997	21.860982511214	8158.909	872.055
18.2111554310757	21.847842521726	8148.607	848.726
27.3070581543535	30.9327952537638	11256.649	1329.3
27.3079781536175	30.9273952580838	11292.37	1310.363
27.3124481500415	30.9381952494438	11176.553	1302.474
27.3143281485375	30.9711352230918	11171.694	1277.22
37.3049101560719	40.9339472528422	14782.449	1743.831
37.3135801491359	40.9445672443462	14696.029	1799.077
37.3143801484959	40.9418672465062	14727.493	1731.154
37.3145901483279	40.9460072431942	14784.712	1672.665
47.3079521536383	50.9451792438566	18160.596	2195.841
47.3110021511983	50.9325792539366	18215.824	2192.055
47.3123321501343	50.9453592437126	18111.251	2211.952
47.3159021472783	50.9500392399686	18213.248	2143.557
57.3064641548287	60.933731253015	21750.062	2699.573
57.3099641520287	60.947051242359	21470.194	2657.321
57.3108241513407	60.947591241927	21725.586	2686.3
57.3128441497247	60.952811237751	21806.078	2635.399
66.9711364230909	69.2500845999323	24482.604	3078.258
67.3073361541311	70.9221032623174	25070.136	3116.297
67.3100561519551	70.9503632397094	25139.654	3246.096
67.3107661513871	70.9447832441734	25362.457	3122.501
77.3048081561535	80.9246952602438	28418.424	3524.269
77.3071781542575	80.9383752492998	28633.5	3470.398
77.3088281529375	80.9439552448358	28533.204	3624.068
77.3126381498895	80.9441352446918	28625.646	3569.783
87.2214802228158	90.1261078991137	31620.612	3986.528
87.3082901533679	90.9258472593222	31868.71	3970.344
87.3085001531999	90.9197272642182	32187.626	4000.791
87.3096201523039	90.9407872473702	32089.682	3880.203
96.9596924322461	99.2157406274075	34639.916	4587.097
97.0574023540781	99.4393004485596	34405.69	5313.009
97.1401622878702	99.6365802907358	34584.95	4471.638
97.1835422531662	99.7775201779839	34680.016	4363.928
