0.000489999608000314	0.00881999294400564	7.014	1.118
0.00060999951200039	0.010979991216007	8.276	1.176
0.000689999448000442	0.0124199900640079	9.279	1.37
0.000969999224000621	0.0174599860320112	12.821	1.299
0.00143999884800092	0.0259199792640166	17.645	1.439
0.00144999884000093	0.0260999791200167	17.802	1.467
0.00147999881600095	0.0266399786880171	17.748	1.306
0.00157999873600101	0.0284399772480182	19.402	1.482
0.00158999872800102	0.0286199771040183	19.752	1.353
0.00185999851200119	0.0334799732160214	22.485	1.512
0.00207999833600133	0.037439970048024	24.837	1.463
0.00237999809600152	0.0428399657280274	28.247	1.609
0.00242999805600156	0.043739965008028	29.09	1.727
0.00248999800800159	0.0448199641440287	30.097	1.705
0.00252999797600162	0.0455399635680291	29.773	1.798
0.003119997504002	0.0559799552160358	36.511	1.902
0.692039446368443	11.1662910669671	2621.996	85.168
0.725949419240465	11.6798306561355	2636.876	90.381
0.846059323152542	13.6114091108727	2961.799	147.161
0.912889269688584	14.054388756489	3110.831	164.039
0.913929268856585	14.7563881948894	3011.336	172.403
1.05946915242468	16.2223070221544	3359.235	182.102
1.05974915220068	16.2278870176904	3287.309	185.511
1.31981894414484	20.1418038865569	3747.572	244.476
1.44373884500892	20.5990035207972	3946.95	273.111
1.69438864448908	23.9686008251193	4269.61	351.32
1.7206486234811	24.3653205077436	4479.354	347.225
1.77252858197713	25.059039952768	4318.604	359.165
2.00718839424928	25.9142192686246	4351.477	358.79
2.46703802636958	31.280014975988	4956.979	459.326
10.7998313601349	74.0888407289274	5037.744	1148.563
11.1239911008071	76.9225784619372	5513.081	1442.592
11.2205510235592	77.9395776483379	5126.62	1201.428
14.1612286710171	71.1678030657576	5296.79	1031.496
14.3363685309052	71.9517024386381	5276.588	1026.033
14.3639085088732	72.0964223228621	5297.113	1181.436
15.4466476426819	77.5354779716176	5223.947	1255.473
19.6362142910286	73.2876613698709	5303.627	1171.254
19.7791341766927	73.6811410550872	5362.014	1186.241
23.2858013713589	84.7165722267422	5655.224	1386.801
24.0334107732714	87.6030499175601	5336.78	1697.867
34.5696623442701	97.5516419586864	6114.434	1635.478
34.5815623347501	97.5815219347825	5586.68	1646.481
34.6039423168461	97.6501018799185	5569.288	1591.142
34.7460022031982	98.0488015609588	6022.429	1418.563
37.7641097887122	90.609227512618	5428.401	1534.498
39.7158182273454	93.712965029628	5467.929	1372.708
41.5801867358506	96.6251826998538	6009.279	1537.404
43.5693951444839	99.4704404236477	5647.384	2057.616
48.8026609578712	97.7609817912146	5664.294	1566.376
50.4982196014243	99.1154807076154	5769.142	1745.762
51.4509988392009	99.6826602538718	5809.424	1751.589
51.6540886767291	99.7804001756799	6314.705	1746.917
57.2346142123086	99.4290404567676	5904.497	1476.383
57.9485936411251	99.6434202852638	5836.091	1529.342
58.2223034221573	99.7431402054878	5794.571	1602.458
59.0886527290778	99.9042400766079	5916.706	1596.747
64.9744680204256	99.9031600774719	6241.254	1791.142
65.0973279221377	99.9118000705599	6304.51	1813.285
65.2418678065058	99.937180050256	6303.041	1553.468
66.3102569517944	99.983260013392	6278.843	1778.937
72.4464320428544	99.996220003024	6341.977	1646.984
72.4767720185824	99.99640000288	6258.715	1584.289
72.8333917332866	99.99820000144	5894.947	1845.748
72.9008916792867	99.999280000576	5934.479	1852.158
78.6495570803543	100.0	6358.441	1751.01
78.6679570656344	100.0	6494.204	1679.767
78.6679570656344	100.0	6339.597	1737.057
78.6701670638663	100.0	6486.502	1609.816
