27.1829282536574	52.5079379936496	25497.173	2044.347
0.690509447592442	9.90539207568634	5977.193	72.671
0.18802984957612	3.14063748749001	1891.732	21.821
0.200379839696128	3.4360172511862	2059.7	24.409
72.9085616731507	98.484221212623	48149.876	5416.686
63.2899093680725	92.243266205387	45229.012	4633.021
62.3118901504879	87.9349696520243	43227.381	4697.563
84.7426722058622	99.93430005256	49653.026	6110.013
48.6071511142791	79.615736307411	39477.12	3806.798
9.36264250988599	44.1984246412603	21388.298	745.43
39.084478732417	75.2545197963842	37734.266	2999.663
3.57306714154629	26.8376185299052	13262.819	303.746
13.8289589368329	46.5276227779018	22169.793	1102.054
14.009118792705	48.7452210038232	23687.726	1126.389
0.0825499339600528	1.44467884425692	880.952	11.417
3.05222755821795	22.9312616549907	11309.853	265.752
0.300309759752192	5.02973597621122	3043.467	33.79
91.5579867536106	100.0	49946.432	6592.927
53.7847169722264	86.3142509485992	42336.664	3974.845
0.201049839160129	3.45077723937821	2117.83	23.945
2.8098077521538	28.4988372009302	15400.424	265.762
68.5647951481639	98.1143215085428	48771.765	5062.558
38.9330488535609	72.9980416015667	36219.165	3018.596
58.7689629848296	91.0684071452743	45078.849	4391.326
55.6048655161076	78.3067773545781	39012.26	4056.592
32.6834538532369	59.393832484934	29084.134	3097.585
6.21408502873198	38.2863293709365	18730.04	528.104
85.3606417114866	99.992260006192	49759.928	6190.692
19.0183747853002	54.4530164375868	26339.174	1477.091
73.0924815260148	99.0355607715514	48633.26	5378.095
0.0866099307120554	1.52207878233697	920.976	12.483
51.0326991738407	74.3217605425916	36833.946	3759.65
62.1111003111197	87.2518701985038	43149.615	4491.147
38.3799692960246	68.0242855805715	33204.137	2904.639
0.552479558016354	8.56025315179748	5223.502	57.592
18.2673353861317	47.1547422762062	23048.064	1392.552
91.5657667473866	100.0	50405.478	6699.486
81.6469746824203	99.953020037584	50097.76	6080.264
53.7922169662264	86.3880508895593	42938.742	3921.935
58.8915328867737	92.4259660592272	45625.966	4306.326
0.198769840984127	3.41639726688219	2114.145	24.133
75.2788597769122	96.5621827502538	48151.662	6909.665
0.223219821424143	3.65561707550634	2238.284	25.787
91.5582167534266	100.0	49877.013	8519.636
0.201479838816129	3.45707723433821	2116.357	22.832
71.2332230134216	94.3343245325404	47199.007	5107.389
24.0686807450554	59.8690321047743	29925.687	2076.417
9.38955248835801	44.6158443073246	21856.702	782.079
24.1179907056074	60.4986716010627	29809.005	1884.138
31.8937844849724	56.6193147045482	28086.962	2372.783
81.6791546566763	99.961660030672	49117.434	5896.389
5.71223543021166	32.767713785829	15780.354	477.663
2.73825780939375	27.4127180698255	15005.935	256.298
41.9648964280829	66.7855265715787	32837.342	3141.166
5.32449574040341	29.9584560332352	14374.487	447.69
12.9844896124083	40.3584877132098	19267.868	1006.16
40.1115779107377	62.3503301197359	31562.529	3179.641
4.19160664671468	34.1477726817819	17607.335	368.535
2.79499776400179	28.3290973367221	15098.967	268.913
13.9754188196649	48.416721266623	23492.334	1133.775
7.71636382690894	31.8383745293004	15324.386	597.569
81.0240751807399	99.6967002426398	49139.976	5986.015
0.599879520096384	9.39725248219801	5689.331	65.335
24.0339107728714	59.5023723981021	29129.172	1836.298
88.7241390206888	99.99910000072	50695.764	6322.129
67.190956247235	92.3309261352591	46052.222	5017.273
22.2899521680383	47.8479217216626	23128.3	1690.81
0.402689677848258	6.58799472960422	3985.269	45.698
0.381459694832244	6.22781501774799	3764.914	43.162
81.288214969428	99.8210801431359	49480.075	5927.923
77.5449879640096	99.7751801798559	49370.388	5668.072
48.355531315575	77.7259178192657	38094.443	3559.928
4.16188667049066	33.6785130571896	17218.653	384.823
32.9420636463491	60.5055115955907	29369.66	2417.417
54.0236467810826	89.2235886211291	44353.187	4099.61
43.3546453162837	72.6830418535665	35612.525	3274.943
15.4994576004339	37.8665697067442	18267.106	1440.724
63.7952989637608	95.9951832038534	47204.219	4758.504
0.602429518056386	9.44189244648604	5781.291	64.298
0.101219919024065	1.78253857396914	1091.288	13.989
32.847363722109	60.0792719365825	29819.941	2472.092
29.1076467138826	65.4686476250819	32145.951	2247.738
68.5576251538999	98.0894815284148	48436.456	5026.475
77.2420882063294	99.4038404769276	49150.554	5651.799
46.86641250687	71.4973828020938	35507.398	3478.669
0.0802899357680514	1.4108388713289	853.339	11.703
2.8087877529698	28.4680572255542	15389.345	267.989
46.5404127676698	70.6094435124452	34838.328	3397.891
84.5512623589901	99.9037000770399	49528.46	6097.305
0.299119760704191	5.01101599118721	3020.887	34.302
29.0414867668106	64.4147484682012	31680.094	2255.225
88.6926890458488	99.999460000432	49754.549	6344.015
57.3323941340847	82.9903736077011	41052.102	4214.223
36.4680708255433	60.4308116553507	29881.749	2636.67
29.0574267540586	64.9142480686016	31615.706	2210.282
6.31147495082004	39.7216482226814	19581.519	545.034
18.700285039772	50.4204796636163	24220.815	1448.419
0.399029680776255	6.52679477856418	4009.006	45.022
88.5665491467607	99.998020001584	49897.451	6394.24
76.1059991152007	97.7897817681746	48722.633	5644.698
91.5616667506666	100.0	50677.603	6699.444
65.4466176427059	87.9594496324403	44328.539	4797.194
40.9440972447222	64.120988703209	31568.18	3016.697
0.29756976194419	4.9960760031392	3090.206	34.146
0.598139521488383	9.36791250567	5682.83	65.358
9.40768247385402	44.7346442122846	22181.557	779.38
88.7229890216088	99.99910000072	49851.254	6437.747
72.1944222444622	96.5438227649418	48070.446	5336.769
85.4040616767507	99.994780004176	49263.262	6339.558
