0.301339758928193	0.664739468208425	170.535	14.004
44.1009047192762	44.4660844271325	3763.698	1193.563
89.099908720073	89.4655084275933	6791.125	2291.265
24.1018007185594	24.4618004305597	2185.034	680.519
19.1002647197882	19.4659044272765	1845.372	480.761
74.0994707204234	74.4601804318556	5652.221	2001.872
0.201319838944129	0.570239543808365	154.338	10.167
84.0995427203658	84.4638524289181	6778.618	2272.748
69.1028647177082	69.4664444268445	5367.877	1894.926
14.100218719825	14.4640684287453	1513.389	394.889
0.398559681152255	0.762659389872488	169.382	16.956
79.1003367197306	79.4627364298109	6037.776	1881.454
0.0992299206160635	0.448559641152287	138.771	8.45
99.0997007202394	99.4540604367516	7475.347	2399.745
0.900759279392576	1.26269898984081	228.806	29.972
1.29971896022483	1.66445866843307	264.457	42.333
39.097038722369	39.4570484343613	3188.568	1032.971
9.40062247950202	9.76319218944625	1114.638	266.44
34.0979627216298	34.4609724312221	2878.639	953.841
49.1004607196314	49.4697204242237	4109.45	1348.759
2.79960776031379	3.16025747179402	415.913	83.76
54.0995567203546	54.4668764264989	4581.215	1510.621
29.1014967188026	29.4616564306749	2644.801	806.305
94.0991147207082	94.4628444297245	7007.909	2255.332
4.19859664112269	4.57163634269093	555.114	122.464
59.0990327207738	59.4600724319421	4887.882	1429.84
1.90142847885722	2.26997818401745	325.649	58.126
6.29934496052403	6.66161467070826	791.184	180.555
0.600489519608384	0.962999229600616	189.2	21.796
64.098338721329	64.4552484358013	4987.601	2020.788
