18.0605855515316	52.1745782603374	3064.728	1952.038
0.00152999877600098	0.0275399779680176	3107.151	1945.266
0.00178999856800115	0.0322199742240206	3093.894	1934.622
8.08768352985318	42.7031658374673	3034.94	1935.891
0.0184999852000118	0.331019735184212	3032.33	2069.717
0.0114699908240073	0.205559835552132	3511.294	2060.372
0.0917099266320587	1.61315870947303	3466.496	2054.924
90.584407532474	99.999820000144	3582.011	2225.386
0.138289889368089	2.40875807299354	3342.909	2009.933
43.9297248562201	66.8505065195948	3131.966	1998.592
37.0206603834717	69.7206042235166	3189.907	1989.281
0.00402999677600258	0.0725399419680464	3007.112	1873.26
0.648999480800415	9.80963215229428	3419.833	2046.375
56.4461148431081	85.2659317872546	3526.878	2149.275
64.2339386128491	87.461210031032	3221.887	2073.153
25.7774693780245	52.1097783121773	3456.892	2098.459
0.000869999304000557	0.01565998747201	3483.901	2020.516
83.8608029113577	99.96310002952	3237.561	2054.344
74.6092603125917	97.1545622763502	3183.454	2095.785
2.39800808159353	26.0227591817927	3128.36	1896.213
0.0460999631200295	0.816299346960522	3396.379	1993.987
3.5887371290103	31.9325144539884	3426.528	2050.977
0.0432999653600277	0.770039383968493	3333.061	2037.641
0.00658999472800422	0.118079905536076	3385.537	2026.711
0.473199621440303	7.63073389541288	3405.463	2027.229
5.1594058724753	34.2287726169819	3113.566	1961.212
0.209849832120134	3.5936971250423	3114.605	1917.351
0.316819746544203	5.29631576294739	3021.436	1906.907
0.0283499773200181	0.506159595072324	3489.195	2047.019
0.0054699956240035	0.098459921232063	3106.509	1928.319
12.1311002951198	47.8517017186386	3086.774	1906.372
0.992339206128635	13.8392889285689	3380.16	2014.769
1.52458878032898	19.0231047815162	3392.911	2015.207
