29.0996767202586	29.4647164282269	2869.083	1831.193
0.200999839200129	0.561059551152359	2880.784	1357.499
0.400589679528256	0.759059392752486	2872.882	1750.304
44.0985747211402	44.4623044301565	2902.467	1888.609
34.1010927191258	34.4660124271901	2961.002	1854.65
0.601029519176385	0.964439228448617	2958.45	1799.337
89.101458718833	89.4664084268733	2893.98	1966.007
69.0989247208602	69.4642844285725	2927.7	1929.054
1.89843848124921	2.26691818646545	3603.185	1845.368
84.1004427196458	84.4557524353981	2935.606	1947.6
6.29983496013203	6.66161467070826	2902.233	1795.964
0.300249759800192	0.666359466912426	2892.509	1766.672
54.1002567197946	54.4670564263549	2920.4	1470.398
99.0979507216394	99.4627004298397	2940.104	1458.932
64.099468720425	64.4665884267293	2933.181	1963.027
1.30067895945683	1.66247867001706	2950.514	1798.672
0.900859279312577	1.26575898739281	2976.445	1611.474
59.1010927191258	59.4629524296381	2914.535	1882.395
74.0999707200234	74.4636004291197	2879.834	1862.102
9.40131247895002	9.76571218743025	3632.846	1781.275
39.092408726073	39.3859484912412	2952.783	1391.261
0.100349919720064	0.45287963769629	2891.691	2014.344
14.102448718041	14.4610084311933	2911.252	1832.427
94.1006447194842	94.4723844220925	2906.765	2005.303
2.80026775978579	3.17213746229003	2899.579	1430.227
24.0998307201354	24.4580204335837	2901.373	1813.773
19.1011847190522	19.4639244288605	2976.037	1788.548
4.20014663988269	4.56065635147492	2940.757	1812.61
79.1021067183146	79.4663364269309	2957.279	1573.335
49.0983407213274	49.4663004269597	2879.102	1855.859
