35.0916319266945	99.8475401219679	3563.513	1913.75
0.202119838304129	3.56723714621028	3695.935	2031.274
0.06251994998404	1.11761910590472	3518.061	1954.976
1.29095896723283	20.8112233510213	3665.295	2025.779
11.8132805493756	86.8895304883756	3749.606	2061.69
22.4089320728543	98.3195213443829	3909.185	2024.693
38.4141292686966	99.933940052848	3748.159	1978.595
6.39160488671609	68.9341848526521	3774.064	2027.327
0.130859895312084	2.32739813808149	3512.995	1938.627
32.5003839996928	99.8243201405439	3728.177	2008.424
0.610769511384391	10.4333316533347	3523.383	2000.594
52.7003578397137	99.998020001584	3777.212	2025.078
44.5575643539485	99.988480009216	3600.457	1893.312
15.2034778372177	92.8048657561074	3553.404	1911.458
19.6288442969246	97.6079819136145	3580.535	1924.826
29.1777466578027	99.6164203068638	3581.698	1969.731
55.5660655471476	99.999460000432	3750.466	2015.772
60.5415015667987	100.0	3775.928	1999.245
58.0711935430452	100.0	3847.657	2062.699
26.1892690485848	99.3754004996796	3689.663	2056.687
47.2856121715103	99.992260006192	4391.343	1843.514
0.401939678448257	6.99119440704447	3504.794	1906.912
1.84745852203318	28.3604173116662	3508.211	1933.25
0.210199831840135	3.71483702813038	3655.488	1979.547
9.47468242025406	82.5331739734608	3538.08	1944.679
4.25899659280273	54.0125567899546	3554.858	1917.399
40.1433778852977	99.9047800761759	3554.204	1943.628
50.2297998161601	99.997660001872	3774.299	2006.788
2.82225774219381	40.0764279388576	3535.731	1937.393
0.885689291448567	14.7767281786175	3775.954	2038.761
