67.3109461512431	67.3280461375631	11840.07	2376.732
0.474999620000304	0.491939606448315	130.253	16.458
37.3109701512239	37.3280101375919	6321.184	1317.198
0.0429999656000275	0.0599399520480384	39.377	2.634
27.3109781512175	27.3279381376495	4667.652	982.627
0.141999886400091	0.158039873568101	74.854	5.381
77.3109381512495	77.3279381376495	13268.708	2742.117
0.00299999760000192	0.0199799840160128	7.178	1.281
0.0199999840000128	0.035999971200023	18.976	1.78
57.3099541520367	57.3279741376207	9709.998	2014.131
0.0289999768000186	0.0458999632800294	27.82	1.985
18.2079854336117	18.2260654191477	3148.276	658.849
0.013999988800009	0.0320399743680205	15.287	1.752
2.39799808160153	2.41397806881754	463.351	86.671
1.06699914640068	1.08395913283269	238.758	37.907
97.3109221512623	97.3280821375343	16334.946	12514.119
3.5979971216023	3.61403710877031	681.45	130.716
0.211999830400136	0.228059817552146	90.97	7.246
0.063999948800041	0.0799199360640512	44.046	3.067
0.0949999240000608	0.111959910432072	64.69	4.166
8.09299352560518	8.10989351208519	1464.943	298.864
0.00299999760000192	0.0199799840160128	7.767	1.222
0.316999746400203	0.334079732736214	102.743	11.616
0.00699999440000448	0.0239399808480153	9.875	1.42
5.39599568320345	5.41385566891547	998.02	197.595
0.0099999920000064	0.0259199792640166	12.04	1.524
1.59899872080102	1.61603870716903	329.115	55.46
0.711999430400456	0.730079415936467	173.702	25.102
47.3109621512303	47.3280821375343	7992.25	1729.576
87.3109301512559	87.3280101375919	15338.2	3085.722
0.0049999960000032	0.0219599824320141	8.832	1.416
12.1389902888078	12.1561102751118	2162.752	421.301
0.00199999840000128	0.0179999856000115	6.141	1.245
