69.1017747185802	72.7222818221745	9696.651	4082.293
19.1019347184522	22.7456818034546	2713.253	924.157
1.89901848078522	5.50943559245153	367.914	102.643
9.40310247751802	13.0237095810323	1390.863	547.255
39.101208719033	42.7407858073714	5560.881	2365.608
0.200349839720128	2.3464781228175	98.249	15.435
93.9263548589161	96.5267227786218	12956.315	11922.425
49.1003007197594	52.7413978068818	6892.9	2838.75
54.0990167207866	57.755113795909	7528.586	3239.887
24.1046107163114	27.7363578109138	3485.537	1192.288
79.1014667188266	82.748993800805	11051.037	4608.972
0.599809520152384	3.91661686670651	186.697	38.417
44.0944847244122	47.7339818128145	6160.46	2520.495
1.29522896381683	4.89635608291513	292.32	73.624
0.0631799494560404	0.885599291520567	37.909	5.12
4.19407664473868	7.82837373730101	710.564	218.826
74.0813607349114	77.4602380318096	10202.836	4411.275
29.1024467180426	32.741973806421	4211.658	1428.674
2.79779776176179	6.43715485027612	517.469	148.682
59.0946427242858	62.7322898141681	8242.838	3372.842
64.095358723713	67.7452858037714	9005.549	3675.539
89.098938720849	92.7344858124114	12398.521	5715.183
0.399999680000256	3.35879731296215	152.538	28.282
0.298979760816191	2.92733765812987	125.03	22.015
34.1037627169898	37.7486698010642	4688.278	2031.163
6.30275495779603	9.95471203623037	1010.091	325.494
84.0963227229418	87.7268898184881	12179.694	4891.594
0.860309311752551	3.89339688528249	218.076	49.051
14.093688725049	17.7580657935474	2091.897	698.304
98.6009311192551	99.996760002592	13672.883	12517.4
84.0939927248058	87.7393098085522	11697.228	4861.575
49.1023307181354	52.7448178041458	6925.941	2833.419
89.088718729025	92.5625859499312	12243.075	5451.946
73.7527209978232	76.0439991648007	10011.701	4230.989
