29.1015167187866	32.737833809733	12037.519	1388.638
9.39721248223001	13.0366695706643	5010.406	476.347
89.100908719273	92.7442058046354	32774.794	4617.224
24.0929907256074	27.7239378208497	10328.647	1216.619
14.101898718481	17.7314258148593	6757.052	687.739
34.0943827244938	37.7355298115761	13739.445	1670.743
98.6298910960871	99.998380001296	35308.7	8875.791
0.301189759048193	2.94569764344189	1528.96	21.603
0.403849676920258	3.38255729395416	1704.31	27.14
54.0971867222506	57.7167738265809	20578.453	2620.543
1.30035895971283	4.90481607614714	2204.875	70.067
0.199519840384128	2.36123811100951	1333.003	15.572
0.900879279296577	4.41035647171482	2024.376	50.497
74.0996107203114	77.7322178142257	27692.02	3829.528
1.89682848253721	5.54039556768355	2392.623	98.43
64.096738722609	67.7233258213393	24210.82	3084.038
78.9040768767385	81.4279748576201	28969.861	3881.651
94.0865847307322	97.5565019547984	34477.987	8814.523
39.097008722393	42.7501457998834	15601.855	1854.763
6.29708496233203	9.92987205610235	4019.827	318.754
2.80258775792979	6.45533483573213	2745.785	148.838
0.519629584296333	3.04289756568195	1384.086	29.167
69.0999447200442	72.7393818084946	25974.453	3489.004
49.1042507165994	52.7410378071698	18816.133	2406.898
18.8682349054121	21.3175629459496	7959.721	914.997
0.100799919360065	1.44071884742492	861.639	8.933
59.1033527173178	62.7261698190641	22291.905	2886.727
84.0921727262618	87.6511098791121	31250.767	4191.841
44.0970047223962	47.7366818106546	17324.523	2198.962
4.20462663629869	7.84979372016502	3195.618	215.194
1.90020847983322	5.54381556494755	2438.967	102.219
14.103168717465	17.7478058017554	6677.503	697.307
2.79791776166579	6.41411486870811	2715.085	141.411
94.0842447326042	97.5082619933904	34470.071	8650.662
39.096588722729	42.7499658000274	15444.43	1953.776
84.0286927770458	87.0108503913197	30507.23	4084.779
79.0696467442826	82.4145540683568	29186.952	3840.991
6.30489495608404	9.94283204573436	4022.151	309.482
