0.063999948800041	0.0818999344800524	7.563	2.68
0.211999830400136	0.228059817552146	21.844	5.29
0.0099999920000064	0.0260999791200167	4.721	1.59
0.0049999960000032	0.0219599824320141	4.438	1.423
0.316999746400203	0.333899732880214	17.387	7.474
0.0199999840000128	0.035999971200023	5.09	1.854
0.0049999960000032	0.0219599824320141	6.795	1.643
0.0429999656000275	0.0599399520480384	6.652	2.292
0.0279999776000179	0.0458999632800294	9.222	2.061
0.0199999840000128	0.0379799696160243	5.26	1.704
0.063999948800041	0.0799199360640512	9.658	2.747
0.0189999848000122	0.035999971200023	8.067	1.621
0.0949999240000608	0.111959910432072	9.057	3.43
0.063999948800041	0.0800999359200513	11.831	2.786
0.013999988800009	0.0300599759520192	4.675	1.613
0.0049999960000032	0.0219599824320141	4.158	1.434
8.09299352560518	8.10989351208519	626.113	178.913
5.39399568480345	5.41007567193946	187.338	98.101
0.00599999520000384	0.0219599824320141	6.861	1.4
0.00699999440000448	0.0241199807040154	4.255	1.447
0.00699999440000448	0.0239399808480153	4.89	1.364
0.711999430400456	0.728099417520466	31.16	14.206
0.00699999440000448	0.0239399808480153	4.66	1.419
0.0199999840000128	0.0379799696160243	6.423	1.721
0.0289999768000186	0.0458999632800294	5.733	2.024
0.474999620000304	0.491939606448315	21.629	10.069
0.211999830400136	0.230039815968147	22.901	8.038
0.0949999240000608	0.111959910432072	12.545	3.358
8.09299352560518	8.11007351194119	260.239	172.212
0.0289999768000186	0.0460799631360295	5.567	1.822
5.39599568320345	5.41385566891547	420.415	119.106
0.211999830400136	0.230039815968147	14.271	5.375
0.00299999760000192	0.0199799840160128	7.24	1.501
0.316999746400203	0.333899732880214	37.964	7.467
3.5979971216023	3.61601710718631	119.905	79.815
5.39599568320345	5.41205567035546	175.861	119.235
0.141999886400091	0.158039873568101	16.709	4.247
0.0099999920000064	0.0259199792640166	5.168	1.444
0.013999988800009	0.0320399743680205	7.808	1.631
0.063999948800041	0.0818999344800524	7.879	2.736
3.5979971216023	3.61385710891431	260.034	74.858
3.5979971216023	3.61403710877031	127.991	67.548
0.316999746400203	0.334079732736214	17.893	7.064
0.0949999240000608	0.112139910288072	8.787	3.261
0.0429999656000275	0.0599399520480384	10.48	2.116
0.211999830400136	0.227879817696146	12.213	5.662
0.013999988800009	0.0298799760960191	6.127	1.578
0.0099999920000064	0.0278999776800179	7.247	1.603
0.316999746400203	0.333899732880214	30.102	7.103
0.0289999768000186	0.0460799631360295	7.317	2.211
8.09299352560518	8.10989351208519	561.544	165.304
5.39599568320345	5.41187567049946	390.188	114.402
0.474999620000304	0.491939606448315	22.654	9.929
0.141999886400091	0.158039873568101	17.606	4.23
0.00399999680000256	0.0221399822880142	4.393	1.366
0.141999886400091	0.158039873568101	10.349	4.12
0.0939999248000602	0.111959910432072	15.225	3.278
8.09299352560518	8.11007351194119	271.209	143.868
0.013999988800009	0.0320399743680205	4.761	1.511
0.0429999656000275	0.0601199519040385	8.079	2.382
0.141999886400091	0.158039873568101	10.057	4.04
0.474999620000304	0.491939606448315	40.465	10.7
0.474999620000304	0.491939606448315	45.194	10.279
0.0099999920000064	0.0278999776800179	4.772	1.512
0.0049999960000032	0.0221399822880142	4.787	1.42
3.5979971216023	3.61403710877031	287.73	79.882
0.0429999656000275	0.0601199519040385	6.067	2.41
