0.0127999897600082	0.222659821872143	139.569	2.982
0.0127999897600082	0.225359819712144	141.159	3.119
0.475129619896304	3.58415713267429	1770.507	30.661
0.00932999253600597	0.164519868384105	105.38	2.93
67.0696863442509	69.4824644140285	24426.658	3088.99
0.211489830808135	2.42783805772955	1328.998	17.836
0.0954899236080611	1.37069890344088	826.16	9.829
0.14104988716009	1.86335850931319	1088.616	13.593
57.3118541505167	60.948131241495	21659.346	2642.228
37.3096201523039	40.9359272512582	14682.667	1678.861
77.2471082023134	80.2361958110433	28331.291	3653.602
0.214009828792137	2.44997804001757	1339.998	18.309
5.39410568471545	9.04229276616579	3702.711	260.364
3.5903371277303	7.22267422186062	3022.42	172.727
18.2069254344597	21.842802525758	8076.632	871.499
0.138759888992089	1.84985852011318	1064.797	13.611
0.211599830720135	2.42333806132955	1357.52	16.458
0.0939699248240601	1.36799890560088	820.773	9.836
12.1416302866958	15.7897673681861	6022.892	569.998
67.3131261494991	70.9584632332294	24874.268	3119.703
0.0285099771920182	0.480419615664307	291.841	4.788
0.0192599845920123	0.32849973720021	201.395	3.886
3.5931971254423	7.22555421955662	2996.838	178.622
0.0635299491760407	0.989459208432633	600.989	7.436
0.00906999274400581	0.158579873136102	99.641	2.564
57.3074741540207	60.941831246535	21756.386	2622.013
0.0419799664160269	0.685259451792439	412.322	6.303
87.3093801524959	90.9328672537062	31846.026	3991.087
5.38621569102745	8.84861292110966	3544.627	262.001
0.0190999847200122	0.32849973720021	202.994	3.9
0.0185899851280119	0.319139744688204	199.582	3.706
0.0626399498880401	0.980999215200628	588.86	7.993
0.00404999676000259	0.0721799422560462	46.598	2.076
77.3109081512735	80.9353152517478	28450.469	3592.023
8.08771352982918	11.7264506188395	4646.639	380.85
97.0596023523181	99.4175204659836	35013.578	4326.696
12.1384402892478	15.7645673883461	5984.488	583.593
0.00424999660000272	0.0759599392320486	49.165	1.96
57.3109641512287	60.963251229399	21649.585	2739.794
27.3072981541615	30.9322552541958	11187.441	1279.435
0.474769620184304	3.60431711654631	1795.643	33.168
0.0130999895200084	0.227519817984146	141.867	3.119
87.3094801524159	90.9422272462182	31795.098	3973.486
37.3077801537759	40.9031672774662	14637.715	1761.032
67.3112461510031	70.9541432366854	25151.768	3162.644
0.713169429464456	4.13369669304265	1953.946	43.639
0.316629746696203	3.00833759332993	1570.591	23.34
12.1408902872878	15.7688873848901	5929	583.697
0.474679620256304	3.5999971200023	1784.887	31.726
0.0426899658480273	0.693359445312444	423.36	5.793
5.39939568048346	9.04571276342979	3648.707	271.249
8.09052352758118	11.7147506281995	4534.238	391.615
27.3117381506095	30.9453952436838	11352.548	1221.142
47.3149121480703	50.9565192347846	18230.358	2151.998
0.0287799769760184	0.48383961292831	292.394	4.808
3.60140711887431	7.22519421984462	3018.84	181.719
0.316319746944202	3.01427758857793	1573.594	23.199
0.314389748488201	3.01193759044993	1573.882	23.498
0.00596999522400382	0.104939916048067	66.751	2.19
37.1930002455998	39.9522280382176	14253.452	2027.371
18.2032254374197	21.830742535406	8163.432	877.715
47.3118721505023	50.9523792380966	18162.064	2127.346
47.3125821499343	50.9406792474566	18183.352	2229.603
27.3105581515535	30.9401752478598	11435.261	1301.545
77.3124881500095	80.9356752514598	28309.389	3500.218
27.3106881514495	30.9610552311558	11340.622	1276.831
0.00558999552800358	0.0997199202240638	64.312	2.254
47.3089721528223	50.9482392414086	18267.515	2187.922
97.2255422195662	99.918460065232	35151.609	4396.467
77.3110881511295	80.9489952408038	28575.677	4314.204
0.0275299779760176	0.464399628480297	283.129	4.583
67.3105161515871	70.9433432453254	25030.07	3056.189
87.3097201522239	90.9380872495302	31795.433	3946.567
0.00404999676000259	0.0719999424000461	47.178	2.034
0.042129966296027	0.68777944977644	415.905	6.007
0.00867999305600555	0.152099878320097	95.55	2.615
0.211299830960135	2.41325806939354	1353.945	17.739
0.0958999232800614	1.39175888659289	841.716	10.078
0.0285899771280183	0.482579613936309	294.11	4.608
87.3080101535919	90.9445672443462	31933.912	4005.011
0.315009747992202	3.00761759390593	1565.121	22.492
0.0938699249040601	1.37555889955288	838.06	9.885
56.9417244466204	59.2032126374299	20829.79	2657.166
5.39133568693145	9.02609277912578	3617.038	266.076
37.3122701501839	40.9510472391622	14792.799	1745.864
8.08873352901318	11.7421106063115	4577.308	372.175
0.14062988749609	1.85309851752119	1070.884	13.195
97.1972722421822	99.8034401572479	35314.936	4615.905
0.474009620792303	3.61709710632231	1761.192	32.206
0.0616699506640395	0.962819229744616	578.138	7.93
0.142409886072091	1.86569850744119	1102.833	13.053
12.1403002877598	15.7793273765381	5993.487	577.76
0.0133499893200085	0.232559813952149	144.073	3.252
8.08281353374917	11.7176306258955	4566.136	394.904
0.00953999236800611	0.169739864208109	105.444	2.716
0.00572999541600367	0.102419918064066	66.892	2.262
97.0829723336221	99.4936604050717	34873.615	4314
0.00397999681600255	0.0707399434080453	46.921	1.963
18.2070854343317	21.84676252259	8070.22	841.843
3.5943371245303	7.23509421192463	2997.647	179.763
0.0183499853200117	0.313559749152201	195.673	3.55
0.042129966296027	0.68705945035244	412.955	6.189
0.0632899493680405	0.983159213472629	612.333	7.552
18.2030254375797	21.84856252115	8026.499	854.211
