0.000679999456000435	0.0122399902080078	3.381	1.233
0.000709999432000454	0.0127799897760082	3.084	1.129
0.000809999352000518	0.0145799883360093	5.451	1.265
0.000969999224000621	0.0174599860320112	3.789	1.298
0.00099999920000064	0.0179999856000115	4.075	1.212
0.00145999883200093	0.0260999791200167	4.161	1.581
0.00151999878400097	0.0273599781120175	8.082	1.323
0.00167999865600108	0.0302399758080194	5.605	1.497
0.00183999852800118	0.0331199735040212	5.273	1.561
0.0018799984960012	0.0338399729280217	5.86	1.491
0.00207999833600133	0.037439970048024	5.462	1.5
0.00222999821600143	0.0401399678880257	10.846	1.566
0.00243999804800156	0.043739965008028	5.942	1.596
0.00288999768800185	0.0520199583840333	7.098	1.758
0.00351999718400225	0.0633599493120405	15.753	1.962
0.823069341544527	13.2244094204725	2806.255	79.378
1.02079918336065	15.625427499658	1234.364	102.797
1.11193911044871	16.9869464104429	1638.844	144.481
1.32790893767285	20.276623778701	1571.407	125.809
1.41968886424891	21.7668425865259	4652.535	138.011
1.77175858259313	25.044819964144	2105.118	176.678
1.82430854055317	25.7552793957765	2541.852	170.73
1.92277846177723	27.2096782322574	2214.273	180.787
1.95678843456925	25.3232797413762	2159.046	181.206
1.99965840027328	28.2565573947541	6026.797	193.441
