0.00433999652800278	0.07811993750405	49.518	1.347
0.00466999626400299	0.0840599327520538	53.897	1.325
0.00480999615200308	0.0865799307360554	54.701	1.394
0.00527999577600338	0.0948599241120607	60.347	1.337
0.00611999510400392	0.10961991230407	68.247	1.573
0.00632999493600405	0.113759908992073	71.403	1.438
0.00746999402400478	0.134279892576086	84.768	1.601
0.00752999397600482	0.135539891568087	85.234	1.506
0.0103699917040066	0.186299850960119	115.25	1.667
0.010879991296007	0.195479843616125	120.19	1.757
0.0118399905280076	0.212579829936136	131.351	1.664
0.014119988704009	0.253259797392162	155.232	2.15
0.01563998748801	0.28097977521618	181.676	2.065
0.0169899864080109	0.304739756208195	185.247	2.014
0.0173199861440111	0.311039751168199	189.799	2.161
0.0201399838880129	0.361079711136231	218.918	2.364
0.0210999831200135	0.379079696736243	232.897	2.418
0.0224399820480144	0.402659677872258	250.406	2.554
0.0241699806640155	0.434339652528278	261.52	2.673
0.0251599798720161	0.451799638560289	273.394	2.685
0.0287299770160184	0.514439588448329	314.36	2.917
0.0319899744080205	0.573479541216367	351.262	3.191
0.0329299736560211	0.590039527968378	359.936	3.331
0.0365499707600234	0.655019475984419	393.288	3.823
0.043769964984028	0.7815593747525	471.933	4.251
0.0472999621600303	0.84383932492854	503.399	4.936
0.0496199603040318	0.884339292528566	528.835	5.139
0.0523299581360335	0.935099251920599	565.645	5.082
0.0527399578080338	0.940859247312602	559.169	5.356
0.073419941264047	1.30463895628883	786.314	6.693
0.0756599394720484	1.34513892388886	813.407	7.447
0.0817999345600524	1.45871883302493	866.317	8.055
0.0897099282320574	1.59155872675302	965.803	8.513
0.108359913312069	1.91447846841723	1140.901	10.396
0.112199910240072	1.99439840448128	1210.971	10.485
0.122609901912078	2.16467826825739	1297.747	11.244
0.126989898408081	2.25575819539344	1351.819	12.127
0.139409888472089	2.44781804174557	1452.826	13.003
0.1561898750481	2.74355780515376	1630.649	14.51
0.177189858248113	3.08717753025798	1844.081	16.31
0.243169805464156	4.2263966188827	2528.96	22.289
0.258739793008166	4.49621640302688	2679.55	23.389
0.26596978722417	4.63013629589096	2758.86	24
0.309119752704198	5.29397576481939	3150.427	27.556
0.316559746752203	5.41565566747547	3228.981	28.52
0.337129730296216	5.7769153784677	3467.184	27.987
0.365549707560234	6.15851507318794	3717.933	32.232
0.386239691008247	6.61535470771623	3980.709	35.108
0.479359616512307	8.01467358826113	4786.351	42.283
0.495629603496317	8.29619336304531	4963.318	43.148
0.582609533912373	9.46403242877406	5629.525	51.037
0.615059507952394	10.3031917574466	6163.129	55.142
0.649969480024416	10.5065915947267	6344.856	55.489
2.92956765634588	37.0481103615117	21212.72	242.261
3.03828756936994	38.5183491853207	22379.458	249.947
3.17719745824203	40.4220276623779	23426.506	248.099
3.26223739021009	41.6503466797227	24057.313	270.694
3.38184729452216	37.1208303033358	20214.285	263.634
3.73984700812239	40.65188747849	22142.041	289.75
3.92069686344251	42.5364859708112	22964.499	311.069
4.5387863689709	49.3381405294876	26840.047	367.781
5.41320566943546	48.1589614728308	24395.296	413.371
6.04823516141187	53.2713173829461	27004.605	463.911
6.15219507824394	54.0991367206906	27207.87	474.585
7.23311421350863	64.4329284536572	32543.702	565.099
8.54207316634147	58.4673732261014	28434.38	579.356
8.82711293830965	60.1264318988545	29180	626.236
10.0826119339105	68.4051652758678	32747.832	715.764
11.1021811182551	76.7490586007531	36778.023	814.118
12.0959803232157	62.6577698737841	29837.574	798.559
15.3225577419538	76.8667785065772	35914.822	1033.011
16.4768468185225	83.7987529609976	38913.975	1118.652
16.5437567649946	84.2950125639899	39532.107	1137.346
19.2032446374043	72.1065023147981	33868.063	1219.072
22.2303222157422	81.0607751513799	38065.92	1452.548
23.2157914273669	84.4683524253181	39264.748	1973.303
25.7041794366564	95.300023759981	43776.74	2451.044
32.6691538646769	92.4569260344592	43395.317	2109.331
33.4159832672134	94.4234244612604	43664.001	2787.282
33.9715428227657	95.9122032702374	44487.788	2835.57
34.7896121683103	98.1794814564148	44509.778	3310.846
38.5409491672407	91.8530265175788	43463.491	2497.494
39.7906981674415	93.834464932428	44037.393	3107.964
39.8771280982975	93.9750448199641	44197.976	3098.929
43.5456151635079	99.4277804577756	45246.027	4123.458
47.9389616488307	96.9974224020621	45163.35	3862.514
48.2049414360469	97.2409622072302	45532.666	5144.022
49.7676601858719	98.5385811691351	45941.472	4096.772
51.8483485213212	99.8590601127519	46052.352	5048.2
56.8364345308524	99.3158205473436	45757.839	4802.616
57.883553693157	99.6221803022558	46840.421	7195.806
58.2931533654773	99.7337802129758	46424.257	5655.186
59.5562223550221	99.966880026496	47103.238	5943.14
65.3334077332738	99.94330004536	46976.718	6389.639
65.4963476029219	99.94420004464	46994.815	8040.005
66.4805168155866	99.990460007632	47322.178	6519.963
66.6132167094266	99.99370000504	47403.656	8597.413
72.4540120367904	99.995860003312	47793.849	7324.388
72.5068219945424	99.996580002736	47454.347	7713.319
72.6469518824385	99.997840001728	47645.427	7705.754
72.8932516853987	99.99820000144	47800.426	7558.978
78.6491870806503	100.0	48381.913	8746.075
78.6588870728903	100.0	47885.257	8763.959
78.6610570711543	100.0	48203.69	8834.47
78.6640270687783	100.0	48584.88	8655.012
