84.0955527235578	87.7135698291441	5957.345	1716.818
6.27381498094802	9.54161236671011	5830.599	1620.808
1.85516851586519	4.96421602862718	5425.227	1550.074
79.0972067222346	82.740173807861	5944.833	1356.853
0.298009761592191	2.94353764516988	5395.027	1644.555
98.6506510794791	99.99910000072	5652.263	1829.062
64.099498720401	67.7449258040594	6045.701	1551.918
19.1043147165482	22.7379418096466	5354.7	1660.045
9.40072247942202	13.0404495676403	5761.119	1141.535
49.1038807168954	52.7394178084658	5895.155	1243.838
0.0997299202160638	1.43765884987292	5306.024	1586.755
59.0963527229178	62.7501097999122	6005.405	1732.132
0.201689838648129	2.36123811100951	5810.425	1419.295
44.0966047227162	47.7248018201585	6037.95	1261.985
2.79968776024979	6.42833485733211	5436.396	1366.401
14.098928720857	17.7395258083794	5531.579	1598.937
54.0993767204986	57.7288338169329	6452.463	1710.134
24.1025007179994	27.7444578044338	5404.692	1653.704
1.29905896075283	4.90517607585914	5801.937	1582.244
29.1017867185706	32.738913808869	5595.25	1553.754
4.19809664152269	7.83971372822902	5755.891	1591.082
69.1001647198682	72.7339818128145	5500.736	1734.263
74.0810507351594	77.4695980243216	5950.395	1754.179
39.101698718641	42.7353858116914	5965.744	1709.452
0.595229523816381	3.9029368776505	5428.39	1153.827
89.015488787609	91.9228664617068	5547.223	1789.333
0.901409278872577	4.41989646408283	5389.488	1629.334
34.1007927193658	37.7461498030802	6073.373	1361.78
0.401679678656257	3.37013730389016	6268.302	1248.639
94.0825947339242	97.4114220708623	6044.736	1823.261
