80.4390956487235	99.3417405266076	23704.333	11609.545
58.1331234935012	86.4188308649353	23670.846	8762.909
73.1404914876068	99.1772206582235	25382.238	11324.665
1.89310848551321	22.7089618328305	7963.059	909.962
0.494489604408316	7.62533389973288	5977.434	415.187
1.30030895975283	17.5310859751312	7933.576	799.726
0.100109919912064	1.75949859240113	3060.812	112.98
88.5956591234727	99.998920000864	26463.035	12866.129
2.80420775663379	28.4241372606902	8570.505	885.193
9.38650249079801	44.6430242855806	11572.125	1654.702
0.853079317536546	12.3931700854639	7913.283	592.969
68.2644053884757	96.4475228419817	23510.02	10270.468
13.9815488147609	48.506001195199	11709.652	2313.712
52.3411481270815	78.0283175773459	19060.281	8088.171
23.9778308177353	58.6824730540216	14027.819	3762.284
91.5615467507626	100.0	26053.3	13016.33
36.7175206259835	61.1092311126151	14101.684	5552.167
85.3021217583026	99.988120009504	24900.673	12215.392
6.00442519645984	35.6108115113508	7907.705	1114.896
4.18899664880268	34.2329126136699	9326.643	1180.53
0.355329715736227	5.7884353692517	5923.221	342.665
63.7224890220088	95.330803735357	24109.671	9695.787
19.1044547164362	55.4824356140515	14981.886	3252.99
47.0314523748381	72.0040823967341	20767.323	7006.888
76.4146288682969	98.2500413999669	27123.671	12199.133
44.0696947442442	80.0351359718912	21039.868	6893.671
0.303799756960194	5.09921592062726	6298.921	326.965
33.6719330624535	65.1874878500097	17188.12	5354.864
29.0847367322106	65.2278078177537	16866.999	4534.329
0.200499839600128	3.4401572478742	5067.136	222.468
