90.593927524858	99.999820000144	48116.169	9679.227
0.00100999919200065	0.0181799854560116	12.557	1.062
0.0942499246000603	1.66391866886506	991.935	8.701
18.1984054412756	54.5386963690429	26132.145	1078.697
0.133399893280085	2.27753817796946	1352.808	12.348
0.0448399641280287	0.794339364528508	485.032	4.589
12.1081003135197	47.4314020548784	22579.762	727.201
1.2462790029768	15.1802878557697	8564.652	95.92
0.14016988786409	2.43971804822556	1450.348	13.248
0.309179752656198	5.1638358689313	3094.617	26.744
64.9194680644255	89.1956886434491	42878.645	3516.312
75.3526997178402	98.475761219391	46856.249	7556.452
0.00809999352000518	0.145259883792093	89.999	1.484
0.631379494896404	9.50381239695008	5715.235	53.302
1.04531916374467	14.7106682314654	8728.874	85.015
0.0048499961200031	0.0872999301600559	55.973	1.44
5.9434752452198	27.8866576906738	13245.681	348.392
57.1842342526126	91.4789868168105	43796.572	3323.004
0.00414999668000266	0.0746999402400478	47.273	1.398
0.0161699870640103	0.289799768160185	176.767	2.033
0.0225099819920144	0.401039679168257	244.497	2.36
47.1726422618862	81.5105947915242	38881.742	2652.133
0.00166999866400107	0.0298799760960191	20.084	1.156
3.5869571304343	31.9164944668044	16253.814	255.872
5.22260582191534	34.9921520062784	16785.442	333.99
0.0215799827360138	0.385019691984246	234.673	2.263
0.00188999848800121	0.0340199727840218	22.35	1.074
83.0902335278132	99.7800401759679	48031.507	8660.724
0.0125799899360081	0.225719819424144	139.944	2.295
2.38614809108153	26.0038591969126	14033.963	180.817
36.5553207557434	65.9766072187142	31170.898	2019.255
0.472859621712303	7.61741390606888	4613.197	41.778
26.587468730025	56.1133351093319	26188.726	1469.842
