24.0193807844954	59.2699925840059	6100.072	1273.111
58.9023028781577	92.4979660016272	5960.65	1623.942
84.6826122539102	99.9253000597599	6047.105	1777.053
0.766739386608491	10.1712518629985	5903.564	1612.588
0.501369598904321	7.30727415418068	5779.154	1578.255
4.10170671863462	32.753493797205	5353.132	1656.54
38.9132988693609	72.7397418082066	5522.761	1712.448
9.40613247509402	44.6846042523166	6015.866	1529.052
48.6416910866471	79.7827761737791	5481.167	1649.126
72.3966020827183	97.0607823513741	5962.026	1261.695
76.4146288682969	98.2500413999669	5611.698	1499.544
2.79545776363379	28.4327772537782	5952.773	1585.234
0.300309759752192	5.02973597621122	5825.693	1598.269
5.63534549172361	32.1503142797486	5395.498	1644.434
0.565609547512362	8.78903296877363	5398.557	1639.339
54.0028067977546	88.9456688434649	6395.016	1551.827
42.8383157293474	70.0174239860608	6056.515	1725.246
67.8955556835555	94.8079041536767	5988.16	1770.285
0.0997999201600639	1.74941860046512	5920.106	1617.394
29.0746067403146	65.0310679751456	5544.257	1714.501
0.191319846944122	3.2740173807861	5934.462	1282.263
63.6599890720087	94.7960241631807	5555.139	1976.025
18.9676648258681	53.5535571571543	5811.837	1266.527
33.3410233271813	62.7297698161841	5895.873	1707.863
81.5876647298682	99.937720049824	6111.102	1624.21
1.84989852008118	21.870702503438	5928.245	1716.866
14.065408747673	49.967780025776	5422.379	1668.001
91.5653367477306	100.0	5602.668	1839.407
0.403759676992258	6.60581471534823	5752.325	1614.958
88.5820291343767	99.998380001296	5554.647	1587.937
