1.29936896050483	1.66589866728107	2480.484	1169.358
99.1007307194154	99.4483004413596	2852.872	1376.937
44.1003347197322	44.4686044251165	2739.144	1255.065
84.0989027208778	84.462772429782	2854.797	1330.031
19.0993647205082	19.4646444282845	2578.057	1190.114
0.100299919760064	0.457919633664293	2424.795	1145.402
69.0986347210922	69.4630244295805	2887.031	1337.104
4.20133663893069	4.56317634945892	2550.927	1200.28
1.90056847954522	2.26241819006545	2511.727	1171.86
59.0996527202778	59.4615124307901	2752.646	1333.871
0.198129841496127	0.559979552016358	2533.176	1182.131
0.299889760088192	0.662939469648424	2633.471	1221.553
0.899389280488576	1.26791898566481	2554.335	1175.306
89.099818720145	89.4698284241373	2711.51	1566.833
54.0995367203706	54.4605764315389	2658.88	1263.806
49.0991307206954	49.4565804347356	2695.991	1265.471
74.1001207199034	74.4637804289757	2726.215	1297.86
24.0996807202554	24.4636004291197	2500.48	1212.484
14.099748720201	14.4658684273053	2653.301	1206.653
34.1002427198058	34.4600724319421	2681.935	1250.562
39.101008719193	39.4667684265853	2825.38	1270.186
2.79859776112179	3.16133747093002	2569.279	1172.777
6.30148495881203	6.66719466624427	2628.65	1206.46
0.401259678992257	0.76607938713649	2540.456	1186.88
79.1001967198426	79.4648964280829	2803.55	1299.794
64.095938723249	64.4602884317693	2690.632	1282.708
0.601209519032385	0.966959226432619	2436.299	1165.14
29.0993567205146	29.4661564270749	2625.25	1213.422
9.40089247928602	9.76859218512625	2460.764	1188.227
94.1008147193482	94.4624844300125	2954.192	1330.999
