0.000869999304000557	0.01565998747201	11.416	1.231
0.000959999232000614	0.0172799861760111	12.322	1.207
0.00104999916000067	0.0188999848800121	13.531	1.292
0.00106999914400068	0.0192599845920123	13.508	1.206
0.00120999903200077	0.0217799825760139	14.944	1.458
0.00175999859200113	0.0316799746560203	21.137	1.431
0.00180999855200116	0.0325799739360208	21.826	1.454
0.00191999846400123	0.0345599723520221	23.028	1.456
0.00203999836800131	0.0367199706240235	24.385	1.509
0.00266999786400171	0.0480599615520308	31.269	1.66
0.00272999781600175	0.0491399606880314	32.759	1.589
0.00284999772000182	0.0512999589600328	32.912	1.685
0.00346999722400222	0.0622799501760399	40.62	1.743
0.00376999698400241	0.0678599457120434	44.408	1.793
0.0039099968720025	0.0701999438400449	45.66	1.823
0.00418999664800268	0.0754199396640483	49.293	1.987
0.00568999544800364	0.102239918208065	66.36	2.282
0.00575999539200369	0.103499917200066	66.174	2.186
0.00581999534400372	0.104759916192067	68.471	2.11
0.00615999507200394	0.110879911296071	71.524	2.381
0.00721999422400462	0.129959896032083	83.234	2.454
0.00833999332800534	0.149939880048096	94.411	2.483
0.00862999309600552	0.154799876160099	98.638	2.483
0.00872999301600559	0.1567798745761	97.422	2.551
0.0087499930000056	0.1569598744321	98.273	2.736
0.012459990032008	0.224099820720143	139.334	3.16
0.0127099898320081	0.228059817552146	142.761	3.181
0.0127199898240081	0.227699817840146	140.424	3.248
0.0136399890880087	0.244079804736156	150.02	3.147
0.0152599877920098	0.272339782128174	170.603	3.376
0.0160899871280103	0.286919770464184	175.602	3.599
0.0184999852000118	0.331379734896212	204.53	3.919
0.0259199792640166	0.462959629632296	283.935	4.638
0.0271099783120173	0.48509961192031	296.83	4.823
0.0272199782240174	0.487259610192312	301.637	4.719
0.0278799776960178	0.496979602416318	304.141	4.895
0.0282799773760181	0.504899596080323	306.267	4.807
0.0335999731200215	0.59381952494438	362.127	5.489
0.0352899717680226	0.629279496576403	382.74	5.54
0.0409999672000262	0.729899416080467	451.625	6.208
0.0429399656480275	0.763019389584488	457.299	6.46
0.0548199561440351	0.970379223696621	594.945	7.737
0.0579299536560371	1.02545917963266	619.466	7.98
0.0618699505040396	1.0976391218887	665.152	8.521
0.0877499298000562	1.54295876563299	933.225	10.211
0.0920299263760589	1.62053870356904	980.679	11.22
0.0934199252640598	1.64627868297705	991.447	10.89
0.0948599241120607	1.67273866180907	1013.568	11.094
0.101909918472065	1.76705858635313	1066.617	11.356
0.126249899000081	2.15459827632138	1307.931	13.703
0.133629893096086	2.31893814484948	1383.686	14.837
0.14017988785609	2.44349804520156	1465.747	14.973
0.141859886512091	2.46887802489758	1479.981	15.4
0.165499867600106	2.75975779219377	1650.022	17.651
0.178939856848115	2.9766576186739	1794.043	18.115
0.20322983741613	3.47993721605023	2099.585	21.14
0.209749832200134	3.5960371231703	2179.478	21.131
0.211999830400136	3.62951709638632	2165.507	21.508
0.26565978747217	4.40819647344282	2660.25	26.18
0.309439752448198	5.1604158716673	3105.221	29.599
0.35933971252823	5.71859542512366	3496.474	33.528
0.371399702880238	5.91353526917178	3573.317	34.898
0.429469656424275	6.85331451734839	4140.159	39.643
0.447139642288286	6.7231746214603	4067.986	40.458
0.467709625832299	7.52957397634082	4525.474	43.498
0.478799616960306	7.20845423323661	4309	43.839
0.591009527192378	8.30087335930131	4933.175	53.113
0.657059474352421	9.12329270136584	5448.624	57.578
0.670669463464429	10.1237319010145	6127.241	59.986
0.711479430816455	10.869831304135	6571.414	64.52
1.04777916177667	14.7680881855295	8782.946	91.227
1.06640914687268	15.0820079343937	8913.269	93.079
1.565218747825	16.3555069155945	8745.771	123.215
1.58052873557701	19.9394840484128	11431.284	133.862
1.58749873000102	20.0366839706528	11537.55	134.018
1.59510872391302	20.2276638178689	11780.902	126.904
1.59836872130502	20.2134438292449	11689.28	132.332
1.74123860700911	17.9553456357235	9638.98	132.536
2.09424832460134	18.0203255837395	9063.091	152.447
2.1878682497054	22.9363016509587	12524.365	174.452
2.39131808694553	26.0308591753127	14051.841	194.21
2.77430778055378	22.9292816565747	11525.267	198.734
3.39401728478617	29.0411767670586	14776.757	254.704
3.5885971291223	32.0869543304365	16375.432	271.45
4.29696656242675	27.0728783416973	12891.58	283.274
5.37351570118744	37.2650101879918	18334.796	380.662
5.37641569886744	37.3141501486799	18541.781	387.63
5.38675569059545	37.7015098387921	18394.417	388.376
5.60695551443559	26.591558726753	12636.676	362.527
8.07729353816517	42.5301859758512	20433.913	539.125
8.08116353506917	42.7371858102514	20760.595	522.81
8.08387353290117	42.8005457595634	20600.261	561.6
9.38351249319001	31.9814744148205	15105.615	555.157
11.5930607255514	41.7578065937547	19705.745	715.131
12.1181903054478	47.8068817544946	22705.853	782.747
12.1331102935118	48.0210815831347	22915.132	773.354
15.5217675825859	39.1508686793051	18674.15	916.556
15.58758752993	39.3362685309852	18688.172	912.53
18.1793954564836	53.9563968348825	25753.779	1144.168
18.1910254471796	54.3752564997948	25970.991	1112.16
24.5111303910957	48.1721014623188	23145.482	1419.604
25.069829944136	49.7084002332798	24062.331	1442.612
25.9824792140166	52.9654976276019	25156.78	1541.035
27.2112182310254	62.0765503387597	29954.009	1609.564
33.4570832343334	55.8053553557157	26946.796	1948.232
34.350422519662	57.792733765813	27811.322	1983.587
37.2745601803519	73.2192614245909	35433.724	2159.212
37.2867901705679	73.6015811187351	35882.538	2220.891
45.9900632079494	72.9811216151027	35544.083	2637.231
47.1608722713022	81.4544348364521	39599.794	2805.587
47.2595021923982	83.0679535456372	40239.262	2859.618
47.2677621857903	83.2351734118613	40376.688	2817.769
53.5191671846663	75.9210592631526	36953.75	3069.388
55.1967658425873	80.1242359006113	38775.822	3177.367
56.5048247961402	85.6343914924868	41358.665	3204.675
57.1705842635326	91.5941867246506	44435.035	3259.699
63.8264889388089	86.5412307670154	42197.363	3722.236
64.6986782410574	88.6124891100087	43285.218	3687.251
64.7406482074814	88.7438890048888	43106.452	3702.915
