29.3686965050428	99.6824802540158	13084.744	3750.338
58.0468035625572	99.999460000432	16767.941	7216.029
0.0636699490640407	1.14029908776073	1990.789	72.288
0.136009891192087	2.41397806881754	4085.864	155.452
19.6510842791326	97.6141019087185	12358.098	3133.64
0.20287983769613	3.5956771234583	5872.196	229.474
19.5289243768605	97.4675820259344	12044.51	2875.613
0.56246955002436	9.61199231040615	11935.759	620.95
26.0936591250727	99.3237405410076	12731.675	3432.016
52.8900676879459	99.998920000864	16817.251	6508.893
0.84389932488054	14.070408743673	14546.689	898.992
58.0704235436612	99.999460000432	17281.839	7317.462
55.5450255639796	99.999460000432	16721.153	6888.885
2.55264795788163	36.6225907019274	17321.859	1692.278
5.90829527336378	65.0622079502336	12860.638	1802.36
52.6544978764017	99.998560001152	17184.794	6941.853
0.670949463240429	11.3038109569512	12418.892	720.214
0.118619905104076	2.11319830944135	3615.743	132.88
29.1955066435947	99.6135403091677	13217.364	3886.204
15.7208474233221	94.0187847849722	11562.017	2530.109
22.7635217891826	98.6339810928151	12187.678	3444.862
0.0649499480400416	1.16081907134474	2044.771	75.237
55.5381755694595	99.999280000576	16698.018	6961.27
0.153469877224098	2.71763782588974	4530.631	172.797
27.8930876855299	99.1253806996954	13717.204	3690.695
4.08829672936262	52.0840383327693	16724.019	1695.637
4.25929659256273	53.9340768527385	17388.762	2369.851
40.8616473106822	99.946540042768	15573.123	5589.953
0.0643299485360412	1.15271907782474	2023.324	73.682
34.9681720254624	99.8302601357919	13467.563	4461.873
19.3183845452924	97.1977622417902	12662.566	2829.538
60.5217015826387	99.999640000288	17497.791	7445.042
10.992261206191	83.6014731188215	12072.657	2179.987
1.29313896548883	20.8272433382053	16291.633	1027.905
2.85217771825783	40.3687477050018	17637.686	2266.854
44.6200843039326	99.991180007056	15016.842	5731.68
36.9978204017437	99.8065001547999	14860.091	5025.712
33.7842129726296	99.6326202939038	13283.005	4791.702
0.269509784392172	4.73903620877103	7365.262	246.469
60.5204015836787	99.999640000288	17766.059	7865.41
47.4394420484464	99.9955000036	15714.376	5827.652
55.4490656407475	99.999280000576	17448.139	7172.566
21.1427430858055	96.933882452894	11969.073	3136.982
22.7684817852146	98.6402810877751	12080.914	3431.057
0.60986951210439	10.4176716658627	12576.283	669.123
58.0634435492452	99.999460000432	16819.253	7304.121
46.5471627622698	99.98470001224	16473.904	5930.06
0.262099790320168	4.60097631921894	7128.181	292.351
60.5216515826787	99.999640000288	17650.94	7591.784
0.126649898680081	2.24981820014544	3831.527	143.034
0.596019523184381	10.1766518586785	12519.28	652.815
47.1897022482382	99.993880004896	16528.511	5939.223
26.1922390462088	99.3984404812476	13079.007	4135.06
32.4782940173648	99.8239601408319	13277.249	3973.995
1.19365904507276	19.3082245534204	16034.873	1136.381
23.6492510805991	97.6265218987825	13298.498	3309.225
3.22949741640207	42.7755257795794	15460.967	1551.012
0.223279821376143	3.92885685691451	6196.384	249.657
30.1948558441153	99.2139406288475	14304.333	4130.432
0.376209699032241	6.54911476070819	9405.096	417.864
38.7388190089448	99.964720028224	14262.187	5573.065
52.7582677933858	99.998740001008	16615.77	6531.235
37.9651396278883	99.9040600767519	13967.839	4992.237
47.4304520556384	99.994960004032	15243.313	5615.471
9.375402499678	81.9202744637804	11664.67	2262.736
44.0688747449002	99.978760016992	14769.701	5747.744
5.97443522045182	65.57178754257	11644.167	1999.592
43.3176853458517	99.958240033408	15558.487	5479.194
40.2981777614578	99.9087400730079	14091.595	5574.017
0.835719331424535	13.9390088487929	14394.79	910.307
15.4237776609779	93.2748453801237	11638.542	2773.785
5.89360528511577	64.9182080654335	12067.765	1984.188
0.407599673920261	7.08623433101253	9973.921	450.025
0.880369295704563	14.7137282290174	14703.952	860.51
55.4382856493715	99.99910000072	16129.696	6921.914
2.46632802693758	35.5132515893987	17432.566	1673.402
0.123609901112079	2.20193823844941	3796.744	138.913
0.354069716744227	6.16445506843595	8892.399	389.585
12.505609995512	89.5321083743133	11829.367	2616.168
50.2413898068882	99.99820000144	15510.427	6025.46
15.7380674095461	94.0940247247802	12183.284	2745.192
44.0905347275722	99.980020015984	16138.603	6022.681
0.210329831736135	3.70583703533037	5886.271	232.624
32.5229539816368	99.8417801265759	13646.579	4474.66
9.11055271155783	80.4683956252835	11496.077	2225.523
5.95594523524381	65.4056476754819	11150.756	2243.505
0.196709842632126	3.47921721662623	5675.404	223.138
27.9519076384739	99.1500406799675	13336.255	3966.124
12.9042596765923	90.9919072064742	12998.825	2457.002
1.86530850775319	28.6113371109303	16753.288	1537.234
52.6032079174337	99.997840001728	16199.661	7413.216
1.80544855564116	27.6918978464817	16582.966	1537.973
34.5056723954621	99.7667201866239	13319.516	4539.067
15.548607561114	93.6535650771479	12065.835	2855.115
49.8435401251679	99.996220003024	15202.985	6309.156
35.4141616686707	99.8932600853919	13441.688	4811.629
60.5220915823267	99.999640000288	17771.99	7682.3
1.22762901789679	19.7816241747007	16203.403	1157.262
2.83455773235381	40.1885678491457	17335.035	1820.203
1.90768847384922	29.1986766410587	16734.223	1558.418
0.408799672960262	7.08803432957254	10160.218	458.73
19.4118644705084	97.3311421350863	12495.537	3182.063
0.204969836024131	3.62177710257832	5824.565	235.528
3.79696696242643	48.9905608075514	16749.386	1909.811
12.467340026128	89.3913484869212	11730.773	2254.868
41.4247668601865	99.97120002304	14268.352	5035.275
38.4452592437926	99.944020044784	14600.453	5129.908
1.58050873559301	24.5026603978717	16255.396	1382.01
20.1356538914769	95.7208634233093	13076.421	2983.445
40.614997508002	99.930520055584	14020.752	5140.129
8.15022347982122	74.928720057024	12243.909	2162.31
23.8692709045833	97.8157017474386	12856.964	3370.423
49.8898000881599	99.995860003312	15657.665	6239.896
0.0582299534160373	1.04165916667267	1806.225	66.341
9.08841272926982	80.2540157967874	11180.961	2165.203
58.0758535393172	99.999460000432	17585.571	7311.426
30.6677554657956	99.3854804916156	14295.462	4339.41
1.02431918054466	16.6595266723787	14795.147	1015.231
50.033639973088	99.997120002304	16235.461	6204.637
0.605169515864387	10.3390117287906	12813.173	670.709
