64.099498720401	67.7355658115473	16104.196	9350.797
1.30284895772083	4.89851608118714	1060.611	203.437
79.0994767204186	82.730813815349	19651.319	11366.122
6.29606496314803	9.92915205667835	2322.512	906.508
98.6512310790151	99.999460000432	23837.851	17670.517
84.1004327196538	87.7384098092722	20512.295	11819.909
64.100318719745	67.7294458164433	16038.848	9235.909
93.750044999964	96.0189431848455	22468.844	16074.184
19.1000247199802	22.7446018043186	5457.776	2694.028
49.1023707181034	52.7520177983858	12541.905	7057.707
44.1026247179002	47.7339818128145	11310.214	6134.907
1.22085902331278	4.09067672745862	799.542	173.752
0.903559277152578	4.42349646120283	957.187	163.591
69.0970347223722	72.7582817933746	17685.359	10074.634
2.80093775924979	6.43337485330012	1494.363	381.018
0.100669919464064	1.43783884972892	827.393	69.766
98.6318410945271	99.998560001152	23273.209	16599.622
1.89486848410521	5.54165556667555	1290.159	289.542
24.0950907239274	27.7244778204177	6698.705	3368.105
53.9024868780105	56.4166348666921	13249.417	7715.126
89.070668743465	92.3595461123631	21854.8	15217.69
59.0949327240538	62.7382298094162	14911.867	8553.041
0.301199759040193	2.95361763710589	830.069	107.125
64.097828721737	67.7589657928274	16200.925	9252.767
49.1008307193354	52.7289778168177	12593.555	7205.633
98.6682710653832	99.999820000144	22993.391	16499.983
84.0973327221338	87.7105098315921	20892.185	12225.85
39.098898720881	42.7278258177393	10201.674	5658.119
0.403589677128258	3.37697729841816	894.435	115.055
0.600949519240385	3.9007768793785	902.761	134.796
14.101688718649	17.7463658029074	4410.416	2030.953
0.0989199208640633	1.43405885275292	826.272	66.645
34.1017727185818	37.7394898084082	9082.36	4795.485
14.101148719081	17.7398858080914	4340.682	2010.07
39.095298723761	42.7375458099634	10202.011	5646.983
1.29649896280083	4.91273606981114	1104.411	205.165
4.19664664268269	7.84691372246902	1767.907	557.653
49.0693307445354	52.3543981164815	12549.576	7337.182
1.89842848125721	5.55065555947555	1283.196	275.494
4.00696679442656	6.51941478446817	1418.937	506.324
1.90083847932922	5.53103557517154	1247.712	279.703
58.9029128776697	61.4173908660873	14266.893	8272.131
79.1043567165146	82.749173800661	19894.564	11557.793
83.7065430347656	85.924371260503	20348.604	11911.017
6.29786496170803	9.93203205437436	2304.481	878.148
2.79718776224979	6.44093484725212	1496.892	367.502
79.1042067166346	82.746473802821	19039.407	10703.888
9.40379247696602	13.0442295646163	3298.084	1444.586
44.1065447147642	47.7318218145425	11352.174	6499.648
9.40124247900602	13.0265895787283	3159.492	1361.679
59.0868327305338	62.572809941752	15107.536	8760.429
0.898829280936575	4.42835645731483	992.097	162.697
1.89717848225721	5.50493559605152	1289.958	280.057
6.29972496022003	9.93275205379836	2411.903	901.367
0.601279518976385	3.9045568763545	866.114	132.476
59.1010127191898	62.7398498081202	14732.036	8544.201
94.0529647576282	97.1912822469742	23474.953	16768.784
69.1003047197562	72.7505417995666	16972.591	9733.5
84.1030827175338	87.7574897940082	21297.997	12676.141
29.0216967826426	31.9218944624844	7443.062	4200.127
9.39875248099801	13.0472895621684	3112.863	1343.379
29.0987967209626	32.737653809877	7891.144	4218.785
0.198969840824127	2.3457581233935	827.238	89.043
34.1046327162938	37.7506497994802	9129.193	5125.904
54.1012867189706	57.743773804981	13766.522	7750.336
0.299989760008192	2.94839764128189	830.151	106.699
0.597929521656383	3.89033688773049	900.327	135.346
4.20273663781069	7.82513373989301	1824.843	602.857
94.0957447234042	97.6848418521265	22772.101	15849.654
0.200389839688128	2.3383781292975	763.465	91.326
34.0997327202138	37.7159098272721	9352.177	5229.749
69.0993547205162	72.7426218059026	17225.809	9833.182
44.1002447198042	47.7366818106546	11266.607	6143.309
29.1090967127226	32.752053798357	7736.94	4100.474
54.1020667183466	57.742693805845	13754.634	7787.539
24.0976607218714	27.7390578087538	6719.854	3652.248
94.0899147280682	97.6200419039665	22640.388	15964.376
2.80447775641779	6.46433482853214	1515.496	381.848
29.1025267179786	32.7295538163569	7786.94	4293.19
74.0964107228714	77.7604777916178	18728.797	10867.519
39.085088731929	42.5096659922672	9941.177	5738.813
64.100118719905	67.7454658036274	16384.222	9320.151
89.101698718641	92.7310658151473	21563.366	15181.173
0.29720976223219	2.93075765539388	787.751	103.71
0.200189839848128	2.33585813131349	772.448	92.987
44.1003447197242	47.7465818027346	11565.372	6479.119
73.9032608773913	76.4182188654249	17734.719	10477.055
6.29902496078003	9.95075203939837	2424.2	842.492
69.1059547152362	72.7595417923666	17270.582	9943.328
0.400939679248257	3.36905730475416	851.869	113.918
24.1049607160314	27.7613777908978	6650.696	3515.42
34.1009227192618	37.7412898069682	9128.005	5025.816
74.0998007201594	77.7584977932018	18538.491	10686.938
0.301749758600193	2.95577763537789	806.824	107.652
0.597879521696383	3.89717688225849	916.697	143.094
14.096648722681	17.7308858152913	4333.43	1957.79
89.099748720201	92.7332258134194	22754.963	15104.721
54.0999367200506	57.741253806997	13853.721	7816.827
9.40398247681402	13.0629495496404	3156.641	1349.812
1.30296895762483	4.91165607067514	1117.199	196.588
24.1070407143674	27.7439178048658	6744.862	3566.242
79.0990967207226	82.746113803109	19533.068	11348.06
0.0992399206080635	1.41767886585691	813.568	68.711
49.0970407223674	52.7332978133618	12689.856	7128.504
98.6512310790151	99.999460000432	23807.006	17127.084
0.400619679504256	3.36689730648216	842.961	114.144
2.8073277541378	6.44237484610012	1585.358	389.688
19.0983847212922	22.7537817969746	5498.119	2691.805
0.399929680056256	3.35195731843415	849.803	115.33
89.087738729809	92.6237859009713	21629.645	15122.604
0.897029282376574	4.40657647473882	968.202	140.905
19.0295447763642	22.0147023882381	5156.397	2691.647
0.198299841360127	2.33531813174549	846.426	91.645
0.101239919008065	1.44719884224093	792.708	58.577
19.0967547225962	22.7451418038866	5484.107	2721.733
4.19381664494668	7.83197373442101	1910.137	556.357
74.1025907179274	77.7518377985298	18597.956	10645.115
14.101778718577	17.7321458142833	4270.715	2012.97
39.076118739105	42.3955460835631	9968.73	5630.617
0.901429278856577	4.40783647373082	951.449	163.015
