66.5184267852586	95.274283780573	46108.683	4253.45
0.00388999688800249	0.0698399441280447	43.503	1.298
0.130429895656083	2.26187819049745	1353.749	12.314
0.0279699776240179	0.498419601264319	299.3	2.973
9.2172126262299	31.5348947720842	14820.727	541.612
0.0309699752240198	0.551159559072353	332.807	3.364
1.18605905115276	14.4406684474652	8263.577	88.874
0.0887799289760568	1.560238751809	929.988	8.414
18.1940454447636	54.5066563946749	25988.829	1060.454
24.993860004912	49.4916804066557	23589.111	1382.124
5.38483569213145	37.443030045576	18362.008	359.506
0.205539835568132	3.51845718523425	2091.833	18.755
0.316089747128202	5.27075578339537	3231.371	25.807
75.4429296456563	98.6674610660312	47544.699	6762.512
0.00270999783200173	0.0487799609760312	31.014	1.198
0.00590999527200378	0.106199915040068	66.128	1.54
2.29735816211347	24.5710603431517	13270.196	173.828
0.0128499897200082	0.230939815248148	141.503	1.815
90.560327551738	100.0	49038.433	9652.631
0.0014099988720009	0.0253799796960162	17.127	1.124
6.3987748809801	29.709696232243	14080.48	392.753
3.46946722442622	30.1267558985953	15370.322	243.495
0.00865999307200554	0.1558798752961	96.778	1.7
0.0634999492000406	1.12499910000072	676.9	6.201
56.0822651341879	83.4358732513014	40552.265	3076.634
0.463219629424296	7.45055403955677	4459.857	41.013
0.708499433200453	10.8037713569829	6501.723	58.811
35.6173115061508	61.4994708004234	29261.285	1940.065
46.925722459422	78.8188769448984	37920.226	2680.606
1.03481917214466	14.5591083527133	8666.744	83.265
0.00100999919200065	0.0181799854560116	12.768	1.041
83.5428031657575	99.9004600796319	48511.187	8514.315
0.0148399881280095	0.26495978803217	163.905	2.079
