99.0607707513834	99.2834205732635	44379.677	4334.9
99.1005107195914	99.4623404301277	44963.149	4270.004
89.098258721393	89.4638884288893	40465.353	3924.462
99.0994207204634	99.4540604367516	44476.394	4299.246
99.1010107191914	99.4634204292636	45115.478	4323.194
89.099048720761	89.4651484278813	40440.548	3674.484
89.100998719201	89.4698284241373	40721.32	3916.031
94.0990747207402	94.4637444290044	42213.102	3982.737
94.0997347202122	94.4671644262685	42488.705	4089.688
94.1020947183242	94.4601444318845	42806.395	4026.078
94.0989047208762	94.4628444297245	42833.658	4139.451
89.060198751841	89.2792085766331	39977.749	3910.088
99.0607707513834	99.2834205732635	44498.106	4358.53
99.1005107195914	99.4623404301277	45077.785	4370.261
94.0912247270202	94.3814844948124	42521.14	4149.65
89.100458719633	89.4676684258653	40706.742	3799.308
