34.0004827996138	36.8159105472716	8662.086	4965.918
29.0992967205626	32.734413812469	7955.841	4223.098
1.90045847963322	5.52185558251553	1225.021	287.24
0.100889919288065	1.44215884627292	834.039	71.114
0.893439285248572	4.39649648280281	1009.054	169.355
6.29831496134803	9.94373204501436	2445.226	927.212
64.099618720305	67.7240458207633	16092.624	9318.531
74.1014807188154	77.7408578073138	18617.295	10866.788
2.79857776113779	6.47027482378014	1554.009	394.54
14.100128719897	17.7253058197553	4224.737	2049.38
94.0963247229402	97.6969018424785	23175.477	13804.137
0.200079839936128	2.35277811777751	815.407	92.564
29.1057767153786	32.734593812325	7825.751	4132.867
0.299029760776191	2.94695764243389	821.082	105.315
0.201629838696129	2.3399981280015	801.444	95.167
98.6318410945271	99.998560001152	23278.949	14056.733
94.0195047843962	96.912822469742	22660.039	13450.584
79.1007967193626	82.6987738409809	19205.316	11088.584
0.599639520288384	3.9133768692985	858.287	134.114
4.20274663780269	7.85285371771703	1906.668	563.706
69.0993947204842	72.7368618105105	17347.636	9926.869
0.299889760088192	2.9764776188179	812.072	107.28
64.098928720857	67.7310658151473	16114.748	9229.211
0.302359758112194	2.95415763667389	824.113	106.759
98.6512310790151	99.999460000432	23730.038	14704.423
1.89996848002522	5.52833557733154	1232.812	278.438
19.0934047252762	22.7451418038866	5330.109	2750.394
58.9978328017338	61.8204105436716	15097.011	8924.482
73.9968408025274	76.8284385372492	18401.048	10945.67
59.0956327234938	62.7380498095602	14943.553	8565.478
49.0996207203034	52.7489578008338	12505.098	6904.204
9.36617250706199	12.5789299368561	2912.176	1388.668
49.1029607176314	52.7466178027058	12603.298	6986.057
2.79943776044979	6.45173483861213	1598.824	372.398
9.40268247785402	13.0426095659123	3197.524	1467.702
1.89957848033722	5.53301557358754	1247.929	268.338
0.397289682168254	3.36869730504216	836.144	119.112
0.400819679344257	3.37229730216216	834.928	117.654
19.1016847186522	22.7449618040306	5494.148	2767.7
64.099748720201	67.7348458121234	16124.027	9096.388
1.30239895808083	4.89653608277113	1112.624	210.866
79.1030867175306	82.730813815349	19816.904	11440.551
0.400209679832256	3.35969731224215	860.939	114.334
34.1048127161498	37.7504697996242	9172.21	4976.117
1.89788848168921	5.52257558193953	1200.766	272.883
39.103668717065	42.7402458078034	10379.894	5759.194
94.0955847235322	97.7021218383025	23293.966	13639.92
59.1023427181258	62.7466898026482	14955.213	8545.473
49.1011807190554	52.7408578073138	12730.393	7174.529
69.0998547201162	72.7368618105105	17377.241	9983.7
84.0972227222218	87.7184298252561	20908.454	12202.53
34.0999627200298	37.7438098049522	9129.04	4983.03
39.102478718017	42.7548257961394	10361.29	5767.93
24.1011707190634	27.7487778009778	6749.661	3439.042
0.100889919288065	1.44359884512092	819.508	73.559
4.19637664289869	7.84133372693302	1832.225	572.661
0.0992299206160635	1.42487886009691	813.096	72.326
0.895279283776573	4.40963647229082	992.484	165.849
0.599019520784383	3.9061768750585	892.532	135.415
0.200389839688128	2.36285810971351	751.934	91.712
2.80125775899379	6.45299483760413	1549.316	387.17
6.30397495682003	9.94013204789436	2415.28	890.715
0.896699282640574	4.42691645846683	1036.775	168.116
14.098078721537	17.7263858188913	4280.632	1996.65
29.0994467204426	32.7324338140529	7839.846	4096.533
88.7529889976088	91.0352871717703	21566.992	12696.256
74.0992007206394	77.7502177998258	18379.236	10674.473
54.0994267204586	57.7300938159249	14165.93	8033.891
79.0981867214506	82.751873798501	19636.031	11358.868
1.30057895953683	4.93667605065916	1145.314	203.69
48.9809908152073	51.7189986248011	12708.439	7323.454
44.0997947201642	47.7329018136786	11440.104	6254.383
44.0950047239962	47.7586417930866	11455.627	6287.815
14.096588722729	17.7316058147153	4269.894	2060.061
98.6520310783751	99.99910000072	23278.471	13930.549
79.1033667173066	82.741793806565	20302.844	12226.029
4.20108663913069	7.83809372952502	1860.348	566.679
89.099028720777	92.6588858728913	21808.933	12888.314
68.9748848200921	71.7169826264139	17020.531	10028.271
44.0991347206922	47.7370418103665	11365.152	6325.513
34.1046327162938	37.7506497994802	9235.199	5006.82
84.1000227199818	87.7650497879602	20496.989	11904.602
9.40540247567802	13.0485495611604	3233.313	1339.209
0.100249919800064	1.43405885275292	830.439	70.828
74.0883607293114	77.5342179726256	18175.66	10668.485
88.8344989324008	91.2347270122184	21141.704	12464.252
39.097298722161	42.7346658122674	10566.328	6132.404
69.0738347409322	72.4206020635183	17585.95	10354.114
29.0977267218186	32.740353807717	7832.371	4224.785
54.0992267206186	57.749893800085	13986.391	7931.939
24.0968507225194	27.7462578029938	6560.516	3485.218
9.39417248466201	13.0544895564084	3166.423	1273.634
6.29649496280403	9.92555205955835	2352.097	910.372
89.100758719393	92.7346658122674	21940.265	12702.424
0.302359758112194	2.95415763667389	825.002	106.693
59.0988027209578	62.7547897961682	14896.352	8326.473
39.098138721489	42.7474458020434	10196.491	5733.762
19.0951747238602	22.7489218008626	5651.482	2844.35
0.602539517968386	3.92039686368251	919.692	132.982
0.400889679288257	3.36599730720215	819.082	117.085
19.1050347159722	22.7294818164145	5451.505	2805.412
0.200819839344129	2.35223811820951	823.639	95.377
54.0994267204586	57.7300938159249	14167.095	7933.71
54.1041567166746	57.7257738193809	13691.484	7734.048
44.0957347234122	47.7374018100786	11276.931	6245.372
1.30072895941683	4.90319607744314	1068.701	220.311
1.29976896018483	4.90697607441914	1096.291	209.667
98.6036311170951	99.996760002592	23362.338	14087.59
4.20044663964269	7.83827372938102	1832.363	589.024
0.899069280744575	4.42781645774683	1010.272	168.497
84.0276927778458	87.0155303875757	20391.524	11990.423
83.9794328164538	86.7242906205675	20691.554	12451.4
24.1009107192714	27.7433778052978	6622.685	3607.578
64.097018722385	67.7303458157234	16051.537	9192.648
14.095658723473	17.7413258069394	4302.645	1966.718
2.80050775959379	6.45371483702813	1494.448	399.707
0.603259517392386	3.9025768779385	930.138	138.066
6.30320495743603	9.94607204314237	2434.963	916.57
94.0620247503802	97.2719221824622	22918.374	13258.58
24.1016507186794	27.7359978112018	6865.149	3685.86
