0.881539294768564	14.7016682386654	1818.301	201.192
49.7248002201598	99.995320003744	3156.245	2573.008
0.397379682096254	6.90893447285242	809.917	56.818
9.52364238108609	82.7106538314769	3228.996	1530.594
47.3597321122143	99.994060004752	3189.85	2550.099
18.8426849258521	96.4709228232617	3102.272	2381.797
22.8808616953106	98.7308210153432	3035.99	2275.552
52.8881776894578	99.998560001152	3253.484	2691.67
35.2707917833666	99.8774200980639	3073.157	2339.382
11.3709909032073	85.1858318513345	3081.257	1579.162
55.4666656266675	99.999280000576	3307.311	2573.723
0.0524499580400336	0.939239248608601	74.818	7.705
29.3166265466988	99.6594402724478	3058.311	2408.772
24.2242806205755	98.1152215078228	3061.071	2330.282
1.89688848248921	29.0609767512186	2473.302	459.739
43.758514993188	99.967960025632	3138.778	2455.455
0.238129809496152	4.19201664638668	497.929	34.378
37.2361302110958	99.8363801308959	3092.981	2367.419
40.59403752477	99.933220053424	3118.341	2525.854
3.18854744916204	42.2974461620431	2711.764	772.616
0.145379883696093	2.57615793907365	287.11	22.203
16.1044271164583	94.9884440092448	3121.567	2324.921
58.0704235436612	99.999460000432	3261.66	2708.979
2.32836813730549	33.7325130139896	2551.847	522.33
0.126329898936081	2.24693820244944	247.728	18.869
0.520429583656333	8.91881286494971	1051.505	72.546
1.29323896540883	20.8240033407973	2289.593	324.975
60.5188215849427	99.999640000288	3341.477	2599.029
31.3990848807321	99.5887003290397	3084.639	2426.75
6.38422489262009	68.9588448329241	3176.352	1279.761
