0.000769999384000493	0.0138599889120089	2061.158	1056.308
0.00125999899200081	0.0226799818560145	2263.197	1123.617
0.00216999826400139	0.039059968752025	2243.669	1051.122
0.0028199977440018	0.0507599593920325	2150.566	1125.781
0.00329999736000211	0.059399952480038	2121.69	1038.407
0.00706999434400452	0.127079898336081	2247.77	1083.059
0.00920999263200589	0.165599867520106	2168.794	1056.901
0.0113899908880073	0.204479836416131	2135.316	1343.752
0.0199299840560128	0.357119714304229	2098.201	1337.103
0.034409972472022	0.615239507808394	2190.356	1103.531
0.0502499598000322	0.899279280576576	2107.386	1052.413
0.0619499504400396	1.10483911612871	2253.833	1103.296
0.127259898192081	2.25971819222545	2192.009	1134.914
0.137489890008088	2.42333806132955	2181.868	1138.763
0.189839848128121	3.31487734809812	2186.554	1050.047
0.355469715624228	6.08093513525189	2163.293	1052.379
0.627179498256401	10.5094715924227	2238.728	1149.327
0.925539259568592	14.9135280691775	2327.214	1138.77
1.22822901741679	18.753284997372	2222.737	1149.791
1.35508891592887	19.4354844516124	2234.894	1126.167
3.12923749661	39.6995082403934	2205.104	1174.23
4.5317463746029	49.1948606441115	2238.815	1112.221
4.57344634124293	42.0452663637869	2191.436	1396.817
10.3340717327426	70.2049838360129	2268.352	1307.573
14.2369586104331	71.4430228455817	2216.816	1087.762
21.0327431738055	77.2699781840174	2201.829	1388.497
31.5328747737002	89.5897083282333	2286.648	1109.605
43.4908652073078	99.3430005255996	2244.917	1111.408
50.8344493324405	99.3084405532476	2326.016	1120.482
58.2106834314533	99.7321602142718	2249.429	1133.704
65.9707272234182	99.97210002232	2366.005	1240.948
72.9646616282707	99.999460000432	2435.066	1220.053
78.6601370718903	100.0	2392.681	1456.07
