27.3099881520095	27.3101181519055	4715.448	1916.334
87.3099401520479	87.3101901518479	14087.502	6214.466
0.0190099847920122	0.0190799847360122	5.662	2.46
0.316009747192202	0.316079747136202	59.205	24.187
0.0279999776000179	0.028079977536018	7.72	3.188
47.3099621520303	47.3100821519343	9156.006	3238.581
0.0630099495920403	0.0631799494560404	13.525	5.31
8.09200352639718	8.09225352619718	1319.704	601.403
0.14100988719209	0.14111988710409	27.137	10.307
0.00400999679200257	0.00431999654400277	2.856	1.204
57.3099641520287	57.3101541518767	12162.525	4227.651
0.474009620792303	0.474119620704303	85.534	33.927
0.0129999896000083	0.0131399894880084	4.817	2.016
67.3099561520351	67.3102261518191	11046.72	5003.513
97.3099221520623	97.3100821519343	18716.933	15409.489
1.06599914720068	1.06631914694468	176.15	79.473
5.39500568399545	5.39531568374745	1172.333	405.655
1.59900872079302	1.59929872056102	259.452	116.404
0.210999831200135	0.211139831088135	39.027	15.554
37.3099701520239	37.3100101519919	6348.967	2767.377
0.0940099247920602	0.0941399246880602	22.059	8.006
0.0419999664000269	0.042119966304027	9.613	4.088
0.710999431200455	0.711179431056455	166.222	62.64
2.39799808160153	2.39831808134553	509.406	183.199
0.00200999839200129	0.00215999827200138	2.118	1.136
0.00100999919200065	0.00107999913600069	1.887	0.954
0.00600999519200385	0.00611999510400392	3.281	1.441
0.00899999280000576	0.00917999265600588	3.928	1.671
12.1380002895998	12.1381102895118	2140.265	922.696
0.00300999759200193	0.00305999755200196	2.536	1.111
77.3099481520415	77.3101181519055	17105.198	5801.33
3.5969971224023	3.5971171223063	625.311	272.488
18.2069954344037	18.2071654342677	3049.138	1317.193
