0.298949760840191	0.664559468352425	202.18	31.894
99.0985907211274	99.4472204422237	23783.058	16625.033
0.0996499202800638	0.451979638416289	148.837	15.035
1.30020895983283	1.66715866627307	412.773	178.959
39.099208720633	39.4628084297533	9499.83	5589.892
89.098288721369	89.4619084304733	21431.22	12766.781
54.0998567201146	54.4600364319709	13205.609	8144.913
0.399309680552256	0.76607938713649	205.509	43.783
49.0983407213274	49.4598204321437	11945.582	7218.343
84.1010227191818	84.4640324287741	20199.394	11917.023
79.0990967207226	79.4614764308188	19272.596	11572.284
74.0980407215674	74.4681004255197	17781.201	10577.776
24.1010307191754	24.4664804268157	5962.849	3524.652
6.29843496125203	6.65891467286826	1623.234	895.199
44.0998947200842	44.4621244303005	10860.87	6587.048
19.0983547213162	19.4574444340445	4627.199	2826.854
9.40024247980602	9.76301218959025	2390.477	1325.913
69.1013547189162	69.4630244295805	16834.033	10051.511
0.600979519216385	0.963539229168617	249.481	67.784
0.200009839992128	0.559979552016358	163.564	22.729
1.89992848005722	2.26457818833745	560.609	270.466
2.79826776138579	3.16331746934602	814.688	406.914
59.0982827213738	59.4616924306461	14648.308	8769.074
29.1016267186986	29.4596764322589	6888.161	4092.441
94.1008247193402	94.4621244303004	23221.953	16199.467
4.19964664028269	4.56641634686692	1139.639	618.613
14.100898719281	14.4610084311933	3634.712	2183.567
64.099548720361	64.4671284262973	15650.802	9366.809
34.0998427201258	34.4674524260381	8210.617	4827.991
0.898909280872575	1.26485898811281	316.127	109.16
