26.2016890386488	99.3923204861436	44964.163	3625.884
0.0633099493520405	1.13021909582472	695.545	7.513
58.0547235562212	99.999640000288	49933.035	7820.702
49.7457702033838	99.995320003744	48151.989	6543.232
37.6031799174561	99.8704001036799	46298.981	6391.112
0.883889292888566	14.7284882172094	8990.943	92.694
60.5204015836787	99.999640000288	49600.392	7990.911
0.144739884208093	2.56679794656164	1550.361	16.466
20.5362835709731	96.2270230183816	44501.498	2512.618
0.135299891760087	2.40551807558554	1476.954	14.841
34.9600320319744	99.8322401342079	46091.875	4560.201
41.7182266254187	99.982180014256	46890.152	5708.733
8.15935347251722	74.98110001512	38989.587	736.41
32.0306843754525	99.7345002123998	45897.032	4227.59
18.3379753296197	95.5878435297252	43897.064	2415.768
2.86093771124983	40.5183275853379	24464.79	298.543
0.253209797432162	4.45391643686685	2715.069	25.894
0.447679641856287	7.69949384040493	4679.656	47.08
10.6215115027908	82.1315942947246	40539.255	946.445
1.4038388769289	21.94216244627	13438.442	143.755
55.3551457158834	99.999460000432	49269.109	7459.301
0.393229685416252	6.83639453088437	4107.787	42.357
1.00918919264865	16.4683668253065	9919.785	104.894
6.4028548777161	69.1856446514843	38407.455	621.048
47.0538323569341	99.993340005328	47494.103	6192.315
52.8940276847779	99.998740001008	48507.695	7300.264
27.3122681501855	98.8298209361432	45208.194	3381.567
44.3550845159324	99.987040010368	47738.241	6063.661
14.7215782227374	91.5358667713066	42831.253	1293.071
3.69711704230637	47.9003016797587	28599.089	374.115
