0.000679999456000435	0.0122399902080078	9.281	1.193
0.00128999896800083	0.0232199814240149	16.314	1.319
0.00196999842400126	0.0354599716320227	24.929	1.951
0.00328999736800211	0.0592199526240379	39.591	2.548
0.00336999730400216	0.0606599514720388	40.706	2.625
0.0068699945040044	0.123659901072079	81.849	4.334
0.0113599909120073	0.204299836560131	290.876	10.337
0.0142799885760091	0.255779795376164	431.54	14.613
0.01558998752801	0.279179776656179	431.18	14.942
0.0366499706800235	0.65681947454442	1143.537	40.772
0.0555499555600356	0.994499204400636	1727.877	61.933
0.0834699332240534	1.48625881099295	2550.868	95.134
0.105149915880067	1.86623850700919	3112.335	117.964
0.136869890504088	2.41091807126554	3875.534	156.309
0.20277983777613	3.53033717573026	5169.985	228.885
0.420509663592269	7.21475422819662	9339.855	467.358
0.535029571976342	8.93897284882172	9473.416	564.815
0.707659433872453	11.4339508528393	9956.872	671.802
1.01560918751265	15.558647553082	10456.125	861.128
1.4029188776649	20.0631439494848	10548.917	999.204
3.15687747449802	40.0956879234497	11629.195	1650.784
4.8480561215551	53.103017517586	12610.675	1489.394
7.44372404502076	66.8962264830188	13117.107	1889.383
11.2648909880872	78.3667173066262	14279.874	2128.539
14.127598697921	70.9271432582854	14382.708	2556.588
22.0278623777101	80.3953156837475	16132.401	3324.679
30.3112757509794	86.7349106120715	17991.085	4315.115
39.5843883324893	93.5363851708919	19395.518	5622.384
48.482381214095	97.4985420011664	20226.641	7195.236
57.787473770021	99.6209203032638	17460.89	8307.079
65.697107442314	99.96040003168	21877.876	9227.398
72.8610217111826	99.999280000576	20642.982	9880.943
78.6439970848023	100.0	22660.389	10927.098
