0.00085999931200055	0.0154799876160099	5565.563	1479.747
0.00200999839200129	0.0361799710560232	5224.178	1485.508
0.00292999765600188	0.0527399578080338	5185.852	1201.74
0.00393999684800252	0.0705599435520452	5553.536	1344.096
0.00564999548000362	0.101699918640065	5080.779	1289.108
0.00659999472000422	0.118439905248076	5530.575	1447.017
0.00818999344800524	0.146699882640094	5190.13	1268.756
0.0151399878880097	0.269999784000173	5062.548	1453.98
0.0239299808560153	0.426959658432273	5588.711	1461.178
0.0412199670240264	0.73511941190447	5123.581	1261.467
0.0631599494720404	1.11941910446472	5641.185	1460.606
0.0925199259840592	1.62953869636904	5132.623	1141.45
0.104889916088067	1.81835854531316	5122.842	1485.779
0.206019835184132	3.52583717933026	5285.535	1457.539
0.24998980000816	4.15205667835466	5061.817	1137.588
0.255199795840163	4.09445672443462	5528.595	1479.15
0.705549435560452	10.7404114076709	5646.515	1282.452
1.06105915115268	14.9902080078336	5238.102	1663.33
1.57360874111301	19.7971041623167	5144.747	1476.628
2.39108808712953	26.0213191829447	5108.642	1435.654
3.53233717413026	30.9983152013478	5103.391	1290.218
4.03485677211458	25.5153395877283	5101.157	1115.248
8.08102353518117	42.7683257853394	5741.41	1232.238
10.2119318304545	34.6274722980222	5153.961	1150.392
16.1176371058903	40.9155872675302	5128.214	1073.842
26.4508388393289	55.2741757806594	5678.727	1495.292
37.2858401713279	73.405201275839	5211.793	1545.21
46.1098831120935	73.5308411753271	5633.116	1128.624
56.7231446214843	87.1798702561038	5688.682	1541.814
65.4525876379299	90.8302673357861	5896.653	1188.852
75.6199095040724	98.9981208015034	5702.288	1584.983
83.6091131127095	99.911980070416	5703.863	1202.551
90.577947537642	99.999820000144	5743.07	1628.321
