0.0415699667440266	0.681119455104436	143.735	7.919
2.40327807737754	6.02945517643586	403.439	77.99
1.06633914692868	4.63553629157097	339.132	51.856
97.1544222764622	99.6805002555998	6060.817	2014.599
18.2059754352197	21.85036251971	1412.441	446.15
0.0940499247600602	1.36457890833687	232.182	12.999
12.1363902908878	15.7445874043301	1131.51	299.976
37.3120701503439	40.9474472420422	2850.947	842.094
77.3076081539135	80.8899552880358	5475.315	1511.398
0.028089977528018	0.474299620560304	124.054	5.652
0.00210999831200135	0.0377999697600242	25.453	1.611
0.0634899492080406	0.986219211024631	175.185	9.165
0.712069430344456	4.13711669030665	345.208	40.713
27.3044781564175	30.9291952566438	1967.16	537.547
0.14098988720809	1.84913852068918	259.939	16.629
8.09228352617318	11.7377906097675	848.002	209.632
0.313919748864201	3.01229759016193	263.654	27.195
87.3070401543679	90.9422272462182	6046.327	1760.783
0.00620999503200397	0.11015991187207	72.617	2.51
0.0129599896320083	0.225899819280145	93.073	3.316
0.473929620856303	3.5954971236023	291.405	33.921
1.59974872020102	5.22611581910734	395.595	64.435
0.00294999764000189	0.0527399578080338	35.095	1.77
0.00428999656800275	0.076499938800049	51.038	1.937
0.210119831904134	2.40497807601754	260.189	20.532
47.3092721525823	50.9628192297446	3175.261	1038.137
3.5967171226263	7.22987421610063	506.736	107.688
57.3114541508367	60.941111247111	4118.956	1068.096
5.39118568705145	9.03545277163778	638.192	143.437
0.00956999234400613	0.167939865648107	89.308	3.174
0.00111999910400072	0.0201599838720129	14.432	1.365
0.0188299849360121	0.325799739360209	101.795	4.351
67.3080461535631	70.9316432546854	4502.358	1222.638
