26.4005288795769	54.9690760247392	12925.12	3858.029
0.00888999288800569	0.159839872128102	214.411	7.642
0.010969991224007	0.196919842464126	299.29	10.596
90.5343275725379	99.999820000144	24913.384	13099.833
0.0486899610480312	0.864899308080553	1404.616	56.415
3.45293723765021	29.9480160415872	6380.613	946.049
0.0189999848000122	0.341279726976218	583.03	20.91
83.6435030851975	99.9208000633599	23947.132	11591.788
8.06727354618116	42.2736861810511	8903.931	1555.772
0.0028099977520018	0.0505799595360324	34.84	2.369
10.4793516165187	35.6496914802468	7542.374	1661.763
2.36445810843351	25.5711395430884	6770.185	920.42
18.1511954790436	53.5972971221623	11751.968	2817.716
47.1850822519342	81.8113745509004	19669.967	7115.933
1.06263914988868	15.0245879803296	7524.192	753.039
0.666599466720427	10.0859319312545	6219.107	543.31
0.0235499811600151	0.418859664912268	712.105	25.409
0.00132999893600085	0.0239399808480153	16.667	1.487
0.00102999917600066	0.0185399851680119	12.876	1.317
74.3075205539836	96.6143827084938	24389.134	10727.96
63.8953888836889	86.7408506073195	19680.078	9320.128
0.105039915968067	1.82015854387316	2589.091	119.333
0.00309999752000198	0.0557999553600357	36.769	2.658
1.46147883081694	18.0071855942515	5273.396	705.154
0.0871499302800558	1.53251877398498	2390.702	81.089
0.162689869848104	2.76911778470577	3426.128	177.362
0.314659748272201	5.27417578065938	5722.413	344.26
0.440359647712282	7.05041435966851	5813.45	414.975
3.31299734960212	21.7657625873899	4965.408	713.639
0.00537999569600344	0.0964799228160617	113.32	4.836
37.2913401669279	73.5857411314071	17835.777	5732.926
0.0261299790960167	0.466739626608299	821.648	29.361
55.1641258686993	80.0236159811072	21597.58	9176.317
