0.300009759992192	0.300239759808192	28.586	8.831
1.90000847999322	1.90025847979322	77.393	54.197
84.0999427200458	84.1000727199418	5851.024	2172.876
2.80000775999379	2.80007775993779	112.48	77.469
9.40000247999802	9.40031247975002	411.794	241.417
2.80000775999379	2.80007775993779	125.416	80.906
0.600009519992384	0.600119519904384	55.378	17.686
89.099938720049	89.100108719913	3171.552	2097.616
79.0999467200426	79.1000367199706	2740.452	1857.006
0.300009759992192	0.300059759952192	16.991	8.885
6.30000495999603	6.30017495986003	263.353	178.144
0.300009759992192	0.300059759952192	19.738	8.641
6.30000495999603	6.30017495986003	276.422	201.949
19.0999947200042	19.1001447198842	1344.386	496.303
54.0999667200266	54.1002167198266	1938.322	1317.368
69.0999547200362	69.0999647200282	2464.047	1805.09
0.600009519992384	0.600119519904384	33.14	16.29
0.300009759992192	0.300239759808192	18.58	9.308
64.099958720033	64.100108719913	2333.146	1725.712
44.0999747200202	44.1001447198842	1589.407	1173.346
59.0999627200298	59.1000727199418	2362.051	1484.054
94.0999347200522	94.1001447198842	3815.07	2362.488
24.0999907200074	24.1001807198554	871.556	646.768
99.0999307200554	99.1000007199994	3439.687	2630.287
24.0999907200074	24.1001807198554	979.214	665.17
39.099978720017	39.100288719769	1614.041	899.694
1.90000847999322	1.90007847993722	89.242	46.158
2.80000775999379	2.80007775993779	128.541	79.433
0.200009839992128	0.200159839872128	21.698	6.697
64.099958720033	64.100108719913	4694.433	1662.862
19.0999947200042	19.1001447198842	708.209	526.861
0.100009919992064	0.100259919792064	14.071	4.389
49.0999707200234	49.1000007199994	1982.216	1350.355
1.90000847999322	1.90025847979322	90.643	56.033
89.099938720049	89.100108719913	6122.806	2238.256
59.0999627200298	59.1000727199418	2144.615	1576.546
54.0999667200266	54.1002167198266	2163.317	1250.18
49.0999707200234	49.1001807198554	1799.716	1331.722
0.600009519992384	0.600119519904384	29.448	16.501
59.0999627200298	59.1000727199418	4126.553	1348.04
99.0999207200634	99.1000007199994	7297.408	2525.039
0.100009919992064	0.100259919792064	10.49	4.139
19.0999947200042	19.1001447198842	810.722	442.564
0.200009839992128	0.200159839872128	13.933	6.576
14.099998720001	14.100108719913	585.267	389.437
0.200009839992128	0.200159839872128	13.052	7.237
4.20000663999469	4.20011663990669	190.272	99.421
9.40000247999802	9.40013247989402	730.504	251.366
74.0999507200394	74.1001807198554	3017.027	1677.197
64.099958720033	64.100108719913	2599.061	1717.176
69.0999547200362	69.1001447198842	2814.834	1879.06
6.30000495999603	6.30017495986003	489.623	164.744
39.099978720017	39.100108719913	1435.809	904.959
79.0999467200426	79.1000367199706	3143.511	1834.205
0.400009679992256	0.400319679744256	27.946	10.924
34.0999827200138	34.1002527197978	1412.694	899.467
2.80000775999379	2.80025775979379	220.901	77.587
19.0999947200042	19.1001447198842	794.286	533.573
54.0999667200266	54.1000367199706	3732.412	1338.396
89.099938720049	89.100108719913	3545.219	2031.745
74.0999507200394	74.1000007199994	2602.806	1928.895
74.0999507200394	74.1001807198554	2971.543	1872.211
94.0999347200522	94.0999647200282	3402.104	2419.097
34.0999827200138	34.1002527197978	2348.246	890.872
29.0999867200106	29.1002167198266	2057.332	759.823
69.0999547200362	69.0999647200282	5114.533	1646.781
64.099958720033	64.100108719913	2638.266	1454.602
34.0999827200138	34.1000727199418	1362.324	773.814
94.0999347200522	94.1001447198842	6832.489	2239.338
0.100009919992064	0.100259919792064	8.44	4.266
4.20000663999469	4.20029663976269	327.457	99.171
0.900009279992576	0.900179279856576	41.094	23.532
84.0999427200458	84.1000727199418	3433.381	1983.918
1.30000895999283	1.30013895988883	111.53	37.677
74.0999507200394	74.1001807198554	5164.067	1855.98
0.900009279992576	0.900179279856576	46.197	22.574
14.099998720001	14.100108719913	519.361	392.187
0.100009919992064	0.100259919792064	9.643	4.304
59.0999627200298	59.1000727199418	2466.538	1341.416
4.20000663999469	4.20029663976269	163.404	115.676
0.900009279992576	0.900179279856576	48.858	25.868
0.400009679992256	0.400139679888256	22.269	10.993
4.20000663999469	4.20029663976269	185.014	118.87
14.099998720001	14.100288719769	984.403	371.797
29.0999867200106	29.1002167198266	1057.075	802.924
79.0999467200426	79.1000367199706	3294.466	1870.511
0.400009679992256	0.400139679888256	22.985	11.248
29.0999867200106	29.1002167198266	1226.693	670.845
29.0999867200106	29.1002167198266	1204.27	795.888
0.900009279992576	0.900179279856576	84.165	26.546
44.0999747200202	44.1001447198842	1776.722	1013.221
99.0999307200554	99.1001807198554	4064.617	2316.12
1.30000895999283	1.30031895974483	56.807	35.94
84.0999427200458	84.1000727199418	3029.974	2249.46
79.0999467200426	79.1002167198266	5805.142	1853.955
9.40000247999802	9.40013247989402	356.483	257.053
6.30000495999603	6.30017495986003	246.547	178.784
24.0999907200074	24.1001807198554	1702.515	635.547
99.0999307200554	99.1001807198554	3980.315	2652.473
39.099978720017	39.100108719913	2782.596	1025.964
84.0999427200458	84.1000727199418	3445.765	1920.889
69.0999547200362	69.1001447198842	2749.071	1676.56
49.0999707200234	49.1000007199994	3441.387	1269.431
44.0999747200202	44.1001447198842	3342.577	1166.253
14.099998720001	14.100108719913	614.463	333.516
44.0999747200202	44.1001447198842	1760.904	1206.781
1.90000847999322	1.90025847979322	149.165	53.205
34.0999827200138	34.1002527197978	1264.381	878.385
1.30000895999283	1.30013895988883	67.266	37.451
89.099938720049	89.100108719913	3659.267	2410.291
0.400009679992256	0.400139679888256	38.136	11.107
49.0999707200234	49.1000007199994	2020.839	1119.99
0.200009839992128	0.200339839728128	16.049	7.049
24.0999907200074	24.1001807198554	1019.113	569.032
0.600009519992384	0.600299519760384	33.323	16.449
54.0999667200266	54.1002167198266	2258.301	1237.293
39.099978720017	39.100108719913	1630.455	1090.689
94.0999347200522	94.1001447198842	3850.518	2137.736
1.30000895999283	1.30013895988883	62.975	31.679
9.40000247999802	9.40013247989402	395.786	264.494
