0.0280099775920179	0.028079977536018	2178.128	988.679
12.1380002895998	12.1381102895118	3156.042	2028.983
0.0280099775920179	0.0282599773920181	2622.392	1235.296
0.0280099775920179	0.028079977536018	3616.711	2079.536
0.00599999520000384	0.00611999510400392	2223.399	1104.736
67.3099561520351	67.3100461519631	2349.125	1840.928
0.0630099495920403	0.0631799494560404	2689.171	1064.854
57.3099641520287	57.3101541518767	3563.557	2213.237
0.0420099663920269	0.0422999661600271	2269.895	1825.778
18.2069954344037	18.2071654342677	2271.371	1713.994
0.0630099495920403	0.0631799494560404	2232.425	1757.997
57.3099641520287	57.3101541518767	2315.012	1801.012
0.00300999759200193	0.00323999740800207	3083.208	1949.2
37.3099801520159	37.3101901518479	2278.288	1790.164
0.0130099895920083	0.0133199893440085	3068.455	1917.344
0.0940099247920602	0.0941399246880602	2633.173	1004.985
0.00600999519200385	0.00611999510400392	3074.666	1928.578
5.39500568399545	5.39531568374745	3074.833	1963.502
0.211009831192135	0.211319830944135	3090.301	1954.228
12.1380002895998	12.1382902893678	2196.535	968.544
0.0190099847920122	0.0190799847360122	3081.4	1949.164
1.06600914719268	1.06613914708868	3067.377	1970.6
0.00099999920000064	0.00107999913600069	2745.902	950.13
0.210999831200135	0.211139831088135	2185.19	1061.18
1.59899872080102	1.59911872070502	2172.745	1097.729
57.3099641520287	57.3099741520207	2155.307	1070.465
8.09200352639718	8.09207352634118	2265.923	1683.495
0.00100999919200065	0.00125999899200081	2204.707	1761.359
0.00400999679200257	0.00413999668800265	2201.097	1075.026
5.39500568399545	5.39513568389145	2243.895	1687.301
18.2069954344037	18.2071654342677	2160.751	1231.197
3.5970071223943	3.5971171223063	2162.963	1023.002
0.14100988719209	0.14111988710409	3451.773	2118.725
0.0940099247920602	0.0941399246880602	2193.378	1332.098
57.3099641520287	57.3101541518767	2689.396	1152.638
27.3099781520175	27.3101181519055	2279.354	1728.49
0.00200999839200129	0.00215999827200138	2677.129	1089.31
0.00600999519200385	0.00629999496000403	2684.561	994.059
67.3099561520351	67.3100461519631	2209.405	1221.287
12.1379902896078	12.1382902893678	2680.058	1026.303
1.06600914719268	1.06613914708868	2254.689	1692.765
0.711009431192455	0.711179431056455	3458.921	2083.436
77.3099381520495	77.3101181519055	2211.334	1233.663
0.0190099847920122	0.0190799847360122	2229.304	1070.04
47.3099721520223	47.3102621517903	2564.516	1173.873
47.3099721520223	47.3102621517903	2295.655	1825.555
0.00400999679200257	0.00413999668800265	2222.424	1720.065
0.474009620792303	0.474119620704303	3150.449	1984.932
0.00400999679200257	0.00413999668800265	2675.983	1015.508
0.0940099247920602	0.0941399246880602	2232.371	1685.86
1.59900872079302	1.59929872056102	3105.543	1992.531
0.711009431192455	0.711179431056455	2185.763	1011.09
0.00200999839200129	0.00215999827200138	3068.666	1965.698
0.0280099775920179	0.028079977536018	2231.161	1683.152
8.09200352639718	8.09225352619718	2185.643	1042.942
67.3099561520351	67.3100461519631	3539.99	2221.791
0.211009831192135	0.211319830944135	2756.448	1131.921
0.474009620792303	0.474119620704303	2249.632	1715.399
3.5970071223943	3.5971171223063	2212.716	1682.342
8.09200352639718	8.09225352619718	2679.252	1099.647
0.0420099663920269	0.042119966304027	2175.12	1029.899
2.39800808159353	2.39813808148954	2252.699	1718.724
0.00299999760000192	0.00323999740800207	2188.81	1072.646
37.3099701520239	37.3100101519919	2686.332	1082.738
0.00600999519200385	0.00611999510400392	2264.585	1661.648
3.5970071223943	3.5972971221623	2678.044	987.261
0.316009747192202	0.316259746992202	3055.223	2005.534
0.00200999839200129	0.00215999827200138	2192.705	1108.256
27.3099881520095	27.3101181519055	2161.112	1159.065
77.3099481520415	77.3101181519055	2744.178	1202.956
18.2069954344037	18.2071654342677	3155.966	1993.789
0.711009431192455	0.711179431056455	2743.407	1102.417
0.14099988720009	0.14111988710409	2175.184	1077.45
0.0420099663920269	0.0422999661600271	3034.322	2005.053
0.473999620800303	0.474119620704303	2628.486	1065.808
0.211009831192135	0.211139831088135	2240.019	1747.283
0.00099999920000064	0.00107999913600069	2170.084	1109.808
0.00300999759200193	0.00323999740800207	2626.783	1065.951
0.316009747192202	0.316259746992202	2249.397	978.783
8.09200352639718	8.09225352619718	3186.109	1948.806
37.3099801520159	37.3101901518479	3545.552	2185.107
0.00400999679200257	0.00431999654400277	3156.917	2013.899
2.39800808159353	2.39813808148954	3538.978	2056.025
0.0190099847920122	0.0190799847360122	2255.208	1741.687
0.316009747192202	0.316079747136202	2249.24	1700.196
47.3099721520223	47.3100821519343	2223.599	1025.351
0.0190099847920122	0.0192599845920123	2624.793	1079.67
0.0130099895920083	0.0131399894880084	2135.483	1082.82
0.00900999279200577	0.00917999265600588	3428.229	2209.28
1.59900872079302	1.59929872056102	2267.204	1717.156
27.3099881520095	27.3101181519055	3463.548	2189.077
0.0420099663920269	0.042119966304027	2621.365	1072.488
0.474009620792303	0.474119620704303	2206.66	1072.293
37.3099801520159	37.3101901518479	2229.212	1140.139
18.2069954344037	18.2071654342677	2623.483	1030.401
3.5969971224023	3.5971171223063	3425.96	2061.359
0.00900999279200577	0.00917999265600588	2226.171	1723.349
5.39500568399545	5.39513568389145	2171.643	1011.486
1.06600914719268	1.06613914708868	2200.301	1052.212
0.0630099495920403	0.0631799494560404	2167.758	1092.56
0.00100999919200065	0.00107999913600069	3052.355	1936.035
0.0940099247920602	0.0941399246880602	3407.666	2062.551
77.3099481520415	77.3101181519055	3516.768	2230.198
0.00200999839200129	0.00215999827200138	2234.265	1695.677
5.39500568399545	5.39531568374745	2737.34	1100.926
2.39800808159353	2.39813808148954	2179.41	1125.63
0.0130099895920083	0.0131399894880084	2236.759	1763.368
47.3099621520303	47.3100821519343	3657.608	2158.914
0.14100988719209	0.14111988710409	2239.455	1792.129
0.00900999279200577	0.00917999265600588	2210.359	1143.683
67.3099561520351	67.3100461519631	2690.498	1169.126
12.1379902896078	12.1381102895118	2265.189	1725.35
0.00300999759200193	0.00305999755200196	2234.966	1690.174
0.0129999896000083	0.0131399894880084	2743.645	1078.753
27.3099881520095	27.3101181519055	2746.685	1079.685
77.3099381520495	77.3101181519055	2357.882	1880.371
0.14100988719209	0.14129988696009	2746.886	1183.36
0.00900999279200577	0.00917999265600588	2685.455	1154.515
0.0630099495920403	0.0631799494560404	3534.529	2070.011
0.711009431192455	0.711179431056455	2257.769	1709.102
1.59900872079302	1.59929872056102	2622.962	1122.796
2.39800808159353	2.39813808148954	2744.27	949.294
0.315989747208202	0.316259746992202	2693.66	1073.529
1.06600914719268	1.06613914708868	2622.807	1102.974
