0.000819999344000525	0.0145799883360093	3.224	1.095
0.00185999851200119	0.0332999733600213	4.847	1.299
0.00303999756800195	0.054719956224035	7.174	1.365
0.00407999673600261	0.073439941248047	8.624	1.529
0.00590999527200378	0.103679917056066	11.342	1.576
0.00938999248800601	0.165059867952106	16.526	1.738
0.0131299894960084	0.230399815680147	26.146	1.896
0.0189999848000122	0.325259739792208	32.228	2.421
0.0273199781440175	0.460259631792295	44.051	2.739
0.0418499665200268	0.681479454816436	61.579	4.23
0.0630299495760403	0.979559216352627	93.592	6.122
0.0925199259840592	1.34153892676886	128.109	7.747
0.141509886792091	1.8750584999532	172.575	11.604
0.209869832104134	2.40767807385754	254.597	16.196
0.314389748488201	2.99897760081792	326.341	21.926
0.462489630008296	3.45239723808221	550.368	29.5
0.710579431536455	4.10849671320263	793.798	40.022
1.06779914576068	4.66109627112298	1171.142	57.847
1.59368872504902	5.21963582429134	1460.157	83.162
2.39222808621753	6.01721518622785	1933.725	120.38
3.5969571224343	7.24247420602063	2678.843	173.828
5.39364568508345	9.02411278070977	3758.362	258.905
7.94080364735708	10.5703115437508	5154.329	370.24
12.1345202923838	15.7717673825861	7889.351	592.552
18.2115754307397	21.85306251755	11450.826	866.429
27.3066681546655	30.9308152553478	16861.329	1294.772
37.3082401534079	40.9654472276422	22933.86	1757.557
47.0059623952301	49.3284205372636	28604.659	2258.447
57.3146241483007	60.951731238615	34778.259	2727.666
67.3086761530591	70.9415432467654	41164.172	3246.827
77.1424682860254	79.739756208195	46591.558	3723.067
87.3118001505599	90.9494272404582	52613.587	4569.535
97.1893822484942	99.7926401658879	58437.537	9074.781
