57.1224743020206	90.9937072050342	23417.352	11759.329
0.315729747416202	5.27939577648338	6399.575	273.65
0.0287299770160184	0.513539589168329	988.663	29.431
0.18676985058412	3.18473745221004	4407.387	204.207
0.00169999864000109	0.0305999755200196	21.085	1.426
45.8248933400853	72.2724621820303	20620.534	6908.084
1.60984871212103	16.7646465882827	4653.496	537.819
3.5889971288023	32.0693143445485	9049.286	1066.066
83.3962532829974	99.8606801114559	24674.401	15154.423
0.0620799503360397	1.1001591198727	2044.848	69.078
0.0081299934960052	0.145979883216093	105.748	3.848
9.46705242635806	32.2199742240206	8069.382	1511.614
0.054689956248035	0.960659231472615	1692.293	57.915
3.85433691653047	24.4837604129917	5791.51	806.81
0.00568999544800364	0.102419918064066	74.764	2.981
1.57074874340101	19.7517441986046	6864.764	774.034
17.9370756503395	50.7984793612165	11929.864	2878.79
0.467139626288299	7.4995140003888	7241.389	432.314
0.68791944966444	10.4569116344707	7687.716	524.187
76.0148591881127	99.6684402652478	25012.204	14375.768
0.00168999864800108	0.0302399758080194	20.991	1.324
7.72065382347694	37.9275896579283	8538.332	1384.895
0.018739985008012	0.335879731296215	611.28	16.47
0.00112999909600072	0.020339983728013	14.057	1.054
34.7785621771503	58.8833528933177	16913.055	5336.399
0.0129099896720083	0.231479814816148	427.824	13.087
0.0323199741440207	0.576899538480369	1095.652	33.554
0.119619904304077	2.07809833752133	3355.616	130.178
1.02918917664866	14.4341884526492	7931.895	669.956
0.00381999694400244	0.068759944992044	48.97	2.121
90.579747536202	100.0	26474.416	16485.321
27.2975381619695	63.5874691300247	16628.846	4255.633
66.8646765082588	97.4749620200304	23982.798	13184
