0.000959999232000614	0.0172799861760111	12.088	1.115
1.48654881076095	18.3830252935798	1867.319	251.829
0.00198999840800127	0.0358199713440229	23.511	1.298
74.1594206724635	96.3551829158537	6158.782	4114.125
0.0256699794640164	0.459539632368294	288.641	3.701
0.0092199926240059	0.165779867376106	102.662	1.956
66.7975065619948	96.9594424324461	6177.782	4434.995
0.316929746456203	5.3054957556034	1165.391	39.166
0.960939231248615	13.3747093002326	1880.75	155.738
0.0418699665040268	0.744299404560476	462.002	5.832
0.0418799664960268	0.747359402112478	464.906	5.527
0.0133999892800086	0.239939808048154	148.552	2.338
5.37495570003544	37.3211701430639	2942.608	552.295
0.4686196251043	7.51301398958881	1338.581	53.575
0.313889748888201	5.26427578857937	1153.029	38.233
0.0762099390320488	1.32623893900885	478.339	10.272
0.0832499334000533	1.46087883129693	701.189	10.936
4.34605652315478	27.3776180979055	1964.422	386.672
66.3231969414424	94.2488246009403	6151.447	3868.715
90.5198675841059	99.999820000144	6032.209	4516.203
0.206389834888132	3.53627717097826	968.618	25.854
83.9912628069898	99.976960018432	5813.893	4044.928
18.1875254499796	54.1106567114746	3848.411	882.768
44.3760144991884	67.8516657186674	4205.868	1170.859
10.2945617643506	34.9440920447264	2457.103	522.919
0.00292999765600188	0.0523799580960335	33.526	1.249
7.01925438459649	32.782833773733	2102.447	487.718
5.38719569024345	37.7092498326001	3174.888	556.801
8.08156353474917	42.6821058543153	2980.006	652.779
7.3404341276527	34.7430322055742	2224.828	505.884
2.36292810965751	25.5041795966563	2330.988	352.989
35.2484718012226	60.2578317937346	4056.566	968.654
75.4014796788163	98.6026611178711	6158.607	3971.535
0.017129986296011	0.307079754336197	193.26	2.719
0.633959492832406	8.85473291621367	901.119	64.947
0.110329911736071	1.92077846337723	624.062	14.417
0.211119831104135	3.62519709984232	1030.584	25.514
0.470659623472301	7.57565393947685	1410.541	53.534
2.21013823188941	23.1848814520948	2003.5	292.451
0.0604699516240387	1.07063914348869	627.074	7.791
0.00192999845600124	0.0347399722080222	22.824	1.212
0.56262954989636	8.46719322624542	1263.396	60.504
0.00798999360800511	0.143459885232092	90.896	1.755
17.0070263943789	44.3498045201564	2840.687	719.43
90.55538755569	99.999820000144	6313.845	4114.077
0.196659842672126	3.26285738971409	697.072	23.355
0.0192399846080123	0.344519724384221	213.074	2.899
0.00101999918400065	0.0183599853120118	12.577	1.097
27.2974681620255	63.5703691437047	4323.615	1055.534
0.00255999795200164	0.0460799631360295	29.543	1.237
0.00224999820000144	0.0404999676000259	26.507	1.272
0.0060899951280039	0.10961991230407	68.846	1.532
0.0933199253440597	1.64195868643305	780.444	11.678
0.137779889776088	2.39255808595353	885.212	17.265
0.401269678984257	6.4009748792201	1043.783	46.759
0.000989999208000634	0.0178199857440114	12.217	1.07
2.35335811731351	25.3301197359042	2157.171	355.973
47.2646221883022	83.2135734291413	5266.814	1438.167
12.0567503545997	46.6046627162698	3334.073	714.069
0.00167999865600108	0.0302399758080194	19.71	1.112
0.00168999864800108	0.0304199756640195	19.884	1.139
0.0384499692400246	0.680399455680435	391.476	5.332
0.00882999293600565	0.158579873136102	100.017	1.866
0.039049968760025	0.696239443008446	430.521	5.311
1.02200918239265	14.3702885037692	2052.556	166.218
0.00103999916800067	0.018719985024012	13.179	1.174
44.6052743157805	68.4087652729878	4346.304	1132.483
0.0558999552800358	0.985319211744631	577.214	7.437
0.20337983729613	3.47993721605023	950.816	24.744
37.0815403347677	70.4335836531331	4412.332	1043.347
0.210419831664135	3.5909971272023	1020.198	25.79
34.1020827183338	57.2098942320846	3851.528	990.378
57.1711742630606	91.6094867124106	6041.845	3767.501
83.3482533213973	99.8482601213919	5783.043	3997.137
0.0189699848240121	0.339659728272217	207.267	2.994
90.5216475826819	100.0	5833.543	4092.674
0.815049347960522	11.1961710430632	1275.293	83.452
1.39252888597689	14.8094881524095	1425.762	170.616
8.00312359750112	41.2448070041544	2678.014	592.344
90.5357075714339	100.0	5829.173	4111.993
0.012539989968008	0.224459820432144	136.597	2.069
1.58569873144101	19.9949240040608	2360.287	257.677
5.38693569045145	37.453470037224	2821.951	550.094
0.0966899226480619	1.69955864035309	802.453	12.219
0.0129299896560083	0.231659814672148	143.501	2.284
0.00263999788800169	0.0475199619840304	31.136	1.328
53.4480572415542	75.7765193787845	5239.529	1192.632
27.0920483263613	60.5785915371268	3851.23	1023.362
27.2941881646495	63.6004291196567	4550.516	1049.882
83.9132628693897	99.969760024192	6245.474	4157.802
0.0107199914240069	0.192059846352123	117.851	2.223
46.9876224099021	79.4663364269309	5344.017	1396.734
0.00274999780000176	0.0493199605440316	31.056	1.339
18.1894854484116	54.1788766568987	3817.654	883.562
54.8733361013311	79.1723966620827	4886.536	1411.884
27.0801683358653	60.4354916516067	4106.605	881.989
0.00206999834400132	0.0372599701920238	24.671	1.327
65.9418572465142	92.5899459280433	5525.134	3765.249
0.675059459952432	10.2468518025186	1571.331	75.66
1.59859872112102	20.2129038296769	2342.198	233.001
37.2851901718479	73.404841276127	4767.526	1071.517
3.5907871273703	32.0997343202125	2774.096	495.963
0.00601999518400385	0.108179913456069	68.707	1.722
0.0623999500800399	1.10285911771271	636.651	8.121
75.6326094939124	99.0188207849434	6173.491	3992.439
83.6975530419576	99.931060055152	6219.181	4142.535
11.9863404109277	45.6634434692452	3153.562	705.064
0.00262999789600168	0.0473399621280303	30.904	1.33
0.00545999563200349	0.0980999215200628	61.308	1.527
66.7626265898987	96.7013226389419	5661.259	3918.481
0.396729682616254	6.32105494315605	1038.01	46.7
0.025009979992016	0.447119642304286	288.108	3.646
0.0196099843120126	0.350999719200225	223.839	3.058
0.68814944948044	10.4504316396547	1587.499	77.927
3.58473713221029	31.8893144885484	2460.542	451.442
0.0322399742080206	0.572219542224366	357.391	4.258
0.00506999594400324	0.0908999272800582	57.605	1.537
56.1473650821079	83.7251330198936	5670.927	1369.275
0.14082988733609	2.44385804491356	905.112	18.5
0.17125986299211	2.85389771688183	612.469	21.052
0.699819440144448	10.6541914766468	1629.36	78.372
3.5929771256183	31.9987544009965	2609.031	457.754
2.12526829978536	18.2383054093557	1343.525	250.665
0.0819299344560524	1.43351885318492	639.795	10.431
12.1344202924638	47.9818416145267	3536.407	756.07
0.0286199771040183	0.510479591616327	323.874	3.734
74.9182900653679	97.7213818228945	5840.628	3981.253
0.00323999740800207	0.0583199533440373	37.111	1.289
1.19793904164877	14.6021283182973	1602.907	164.818
0.0169199864640108	0.302939757648194	188.5	2.531
17.139786288171	44.9747640201888	2805.881	634.166
0.00797999361600511	0.143279885376092	88.546	1.762
