2.79521776382579	28.4077572737942	3483.088	451.525
0.0553799556960354	0.976679218656625	434.483	10.512
0.489179608656313	7.54379396496483	1219.03	65.245
0.199429840456128	3.42143726285019	1012.49	31.315
57.877053698357	85.1901518478785	5991.161	1916.039
38.3383493293205	67.7505057995954	4675.008	1331.323
4.19838664129069	34.2622525901979	3042.469	552.077
0.817399346080523	11.8029505576396	1740.45	174.951
88.4494292404566	99.997480002016	7233.982	2177.182
53.9607068314345	88.4695692243446	5911.68	1995.292
47.5816019347184	73.9029008776793	5637.595	1766.809
91.5652067478346	100.0	6671.166	2558.949
68.0264855788115	95.311723750621	6898.958	2218.104
48.445541243567	78.3526773178582	5867.673	1934.488
19.0520547583562	54.8605361115711	4298.637	995.633
0.198299841360127	3.41081727134618	1029.85	31.213
0.070359943712045	1.23191901446479	561.124	13.441
77.2972881621695	99.4740404207677	7172.93	2296.473
53.9240068607945	88.0723095421524	6319.657	1941.193
62.7559997952002	89.5666683466653	6580.484	1992.995
85.3116517506786	99.987760009792	7350.172	2380.026
0.0975299219760624	1.7121586302731	780.554	17.458
44.0745447403642	80.1280158975873	5693.644	1581.195
30.8214453428437	53.7934969652024	4050.725	1205.093
13.5065091947926	43.5525851579319	3490.079	864.854
11.0683511453191	33.6624930700055	2694.62	581.386
49.0454907636074	84.8062121550303	6713.322	1797.768
0.199379840496128	3.42683725853019	1018.425	31.094
11.8770604983516	35.967391226087	2756.831	713.713
56.8351245319004	81.3968348825321	6450.216	1676.943
7.46794402564478	30.8339753328197	2330.492	592.79
75.9912992069606	97.6061819150545	7056.21	2112.827
84.9165420667663	99.953560037152	6771.388	2522.356
28.9422468462025	62.9020296783763	5047.557	1312.545
88.7264490188408	99.999460000432	6686.131	2376.399
4.19803664157069	34.1056527154778	2739.478	584.215
43.9413648469081	78.0511775590579	5557.46	1577.037
53.083557533154	81.241135007092	5501.97	1689.783
0.299679760256192	5.02793597765122	1152.343	45.869
24.0921507262794	60.4790516167587	4418.66	1247.855
1.8733785012972	22.1979422416462	2327.735	330.955
76.8875884899292	98.8993008805593	7057.091	2292.907
88.4444492444406	99.996940002448	7295.599	2189.157
29.0134967892026	64.2262886189691	4496.999	1192.214
67.4416760466592	93.0988055209556	6172.332	2161.588
39.076238739009	75.3898796880962	5670.517	1481.916
0.100169919864064	1.76237859009713	849.432	17.149
0.898479281216575	13.1912894469684	2102.236	188.594
24.0092707925834	58.8518529185177	4412.655	1036.582
91.5643267485386	100.0	6698.245	2361.996
33.9111328710937	67.9189856648115	5429.07	1461.826
63.2041194367045	91.6868866504907	6307.058	2172.646
48.9793908164873	83.5782531373975	6178.57	1854.297
9.39939248048602	44.6644442684446	3355.699	817.144
68.2005654395476	96.1071431142855	6838.56	2273.219
81.6259546992362	99.946540042768	7200.363	2137.548
19.0953947236842	55.4226756618595	4284.9	1099.039
0.901519278784577	13.1741894606484	2084.624	185.737
0.592149526280379	9.25955259235793	1549.901	81.97
57.4279040576768	83.3939332848534	5628.824	1797.917
91.5633167493466	100.0	6801.249	2230.598
9.10508271593383	40.602027518378	2779.426	735.184
0.603459517232386	9.43469245224604	1649.128	85.409
6.30202495838003	39.6530682775454	3097.176	702.814
88.7120890303288	99.999460000432	7387.504	2358.923
80.2485858011314	99.2056606354715	7038.393	2540.013
37.0623403501277	62.0637703489837	4574.237	1365.126
0.899629280296576	13.1894894484084	2084.178	190.182
81.5913247269402	99.93430005256	7102.321	2440.757
11.7131406294875	35.4572716341827	2460.552	670.375
1.89964848028122	22.7017618385905	2617.872	343.062
0.399669680264256	6.5581147535082	1334.1	57.932
73.0213915828867	98.7932809653752	7125.407	2066.33
0.145269883784093	2.47949801640159	651.948	21.475
2.79422776461779	28.4136972690422	2672.401	411.07
63.6841690526648	94.9592840325728	6482.754	1917.109
29.0825867339306	65.3743277005378	4841.71	1400.754
24.0893107285514	60.4644716284227	4445.782	1256.323
1.7221186223051	19.9351640518688	1935.018	315.485
1.30399895680083	17.5256859794512	2306.706	227.111
38.7019890384088	70.325223739821	5205.448	1358.994
29.0857667313866	65.4641476286819	5005.22	1393.249
71.4997228002218	94.8721641022687	6973.642	2399.806
44.0508147593482	80.0975959219233	6031.852	1626.422
9.33514253188597	43.4051652758678	3251.789	819.529
19.0969847224122	55.4014356788515	4270.936	988.011
34.0752827397738	69.9736840210528	5323.316	1462.974
4.20482663613869	34.323092541526	3016.286	584.384
0.299639760288192	5.01551598758721	1176.506	45.597
4.18577665137868	33.9828928136858	3333.812	595.317
0.300829759336193	5.02865597707522	1121.668	46.108
0.289669768264185	4.83425613259509	1060.751	41.66
2.79368776504979	28.3598773120981	2712.157	499.987
75.8444293244565	97.3882020894383	6566.557	2043.347
71.3115029507976	94.4619444304445	6430.992	2012.635
0.204509836392131	3.35123731901014	694.137	30.844
6.17979505616395	37.7870097703922	3088.963	677.811
34.0817827345738	70.364643708285	5064.254	1507.678
18.0552455558036	45.9498232401414	3157.913	934.763
58.8168329465336	91.5797867361706	6665.469	2054.626
2.79750776199379	28.3627573097942	2725.76	455.294
80.6592554725956	99.4837604129917	7146.697	2401.879
0.598059521552383	9.36665250667799	1638.502	79.813
1.28136897490482	17.171266262987	2431.322	219.167
67.7489058008754	94.1984246412603	6386.669	1955.008
63.7657289874168	95.6197035042372	6832.073	2177.431
51.3095189523848	74.964540028368	5156.536	1511.722
0.885079291936566	11.5966707226634	1519.933	106.104
24.0902507277994	60.4716716226627	4844.811	1241.468
44.0681147455082	79.9843760124992	6323.721	1522.235
1.90323847740922	22.7348818120945	2451.966	345.149
84.6878822496942	99.9191800646559	7146.116	2359.035
73.0193715845027	98.8156009475192	6477.295	2084.077
0.319989744008205	5.19641584286733	1472.686	47.372
0.398469681224255	6.52373478101218	1311.738	56.861
1.30006895994483	17.4814060148752	2378.614	220.3
84.450592439526	99.8781400974879	6729.25	2523.141
6.29111496710803	39.6134683092254	3156.373	710.626
91.5583067533546	100.0	6891.009	2238.778
6.30000495999603	39.7045482363614	3434.14	720.239
