50.006409994872	99.99640000288	14248.548	8580.366
0.175799859360112	3.11615750707399	5138.507	196.013
0.606089515128388	10.3548517161186	12618.909	662.726
52.8850176919858	99.998560001152	14750.043	9654.82
11.1787510569992	84.4768124185501	11937.75	4774.282
25.1379298896561	98.7745609803512	11840.665	5848.714
0.065569947544042	1.17305906155275	2049.451	71.422
9.54257236594211	82.774373780501	14012.011	4740.108
31.5810047351962	99.6293802964958	12017.159	6476.435
60.5229315816547	99.999640000288	16683.593	10278.022
1.29569896344083	20.8441633246693	16379.915	1216.338
0.876699298640561	14.6246283002974	14883.421	926.41
5.51225559019553	61.6810906551275	10711.949	4286.477
55.5395355683715	99.999460000432	15762.724	9482.589
15.9724272220582	94.6424842860126	11315.88	5034.143
22.3349621320303	98.2783013773589	11608.523	5780.222
2.86181771054583	40.5023075981539	17689.969	1637.409
1.554708756233	24.1424806860154	16205.136	1212.831
29.0527567577946	99.5757403394077	12351.287	6816.066
35.0558919552864	99.8426801258559	12460.35	6914.222
46.854902516078	99.989560008352	13733.968	8309.991
58.0233935812851	99.999460000432	15304.528	9635.423
4.27350658119474	54.0987767209786	16877.246	4613.259
0.251359798912161	4.42601645918683	7010.002	278.499
0.404839676128259	7.0358343713325	10097.399	446.318
17.0107263914189	93.2395654083477	12105.262	5273.267
36.8719505024396	99.7930001655999	12523.962	7168.088
41.6975166419867	99.981820014544	14744.777	8478.942
43.8382549293961	99.970660023472	13427.885	7976.442
0.133749893000086	2.38013809588952	4018.11	149.838
