0.141679886656091	1.86245851003319	1070.365	13.7
0.00402999677600258	0.0716399426880459	45.4	1.999
1.59867872105702	5.23529581176335	2449.524	83.838
0.0129399896480083	0.226079819136145	138.707	3.154
87.3129301496559	90.9474472420422	43593.026	4023.255
1.06646914682468	4.63013629589096	2211.048	60.559
2.39892808085754	6.04925516059587	2853.726	123.299
0.712069430344456	4.12469670024264	1962.783	43.541
3.5972571221943	7.23041421566863	3504.906	183.984
0.0186399850880119	0.322379742096206	199.739	3.768
27.3113381509295	30.9279352576518	14680.869	1301.682
67.3081161535071	70.9343432525254	33289.637	3094.272
0.06257994993604	0.972899221680623	584.013	7.984
0.000939999248000602	0.0169199864640108	12.223	1.423
0.00183999852800118	0.0329399736480211	22.099	1.431
0.0423999660800271	0.68813944948844	419.676	5.794
97.2175922259262	99.8831800934559	47169.789	4575.845
5.39637568289945	9.03995276803779	4284.253	258.996
0.00588999528800377	0.104579916336067	66.252	2.23
12.1358102913518	15.7609673912261	7434.188	579.912
0.314969748024202	2.99231760614592	1573.699	23.614
77.3094981524015	80.9560152351878	39045.316	3554.3
0.0278199777440178	0.469979624016301	287.925	4.703
47.3088421529263	50.9332992533606	24344.562	2201.188
8.08821352942918	11.7080906335275	5557.665	398.82
18.2055554355557	21.857382514094	10311.402	867.063
0.00294999764000189	0.0529199576640339	34.453	1.682
0.207449834040133	2.41307806953754	1369.341	17.657
57.3109441512447	60.948671241063	29445.9	2769.253
0.0949299240560608	1.36943890444888	829.18	9.83
0.471659622672302	3.6008971192823	1805.181	31.235
37.3077801537759	40.9236872610502	19414.184	1774.79
0.0095299923760061	0.168839864928108	108.308	2.597
