34.1002427198058	34.4600724319421	2479.343	841.067
0.199349840520128	0.559439552448358	50.411	10.123
29.1011367190906	29.4665164267869	2249.108	815.21
79.0992967205626	79.4607564313949	5568.163	1848.266
1.30028895976883	1.66409866872107	129.714	42.245
9.39968248025402	9.76247219002225	730.302	235.383
24.1000807199354	24.4648604281117	1865.514	662.371
1.90060847951322	2.26529818776145	182.027	59.003
64.100298719761	64.4647884281693	4809.882	1715.011
2.79881776094579	3.16259746992202	246.589	83.008
0.599659520272384	0.966779226576619	85.792	21.028
49.1007907193674	49.4627004298397	3583.832	1328.216
0.898679281056575	1.2572989941608	106.395	30.814
14.100218719825	14.4647884281693	1141.311	403.079
6.30152495878003	6.66647466682027	522.879	175.577
0.401389678888257	0.768959384832492	65.886	16.511
4.20074663940269	4.56839634528292	367.396	124.552
59.0985527211578	59.4613324309341	4185.74	1424.045
44.1003247197402	44.4650044279965	3374.444	1201.425
69.0985847211322	69.4653644277085	5361.827	1910.497
19.1012847189722	19.4642844285725	1443.876	534.789
99.0592707525834	99.2807205754235	7154.057	2539.427
74.1009407192474	74.4632404294077	5157.465	1740.17
89.100948719241	89.4624484300412	6733.395	2368.12
84.0989027208778	84.462772429782	6359.168	1972.324
94.0992647205882	94.4650044279965	6628.008	2478.493
0.299199760640191	0.664379468496425	56.31	14.176
0.100099919920064	0.456299634960292	36.557	7.897
54.0980767215386	54.4681364254909	4112.136	1465.973
39.100908719273	39.4583084333533	2975.378	928.509
