89.099938720049	89.100108719913	6822.077	2187.968
99.0999307200554	99.1000007199994	7686.079	5594.606
89.099938720049	89.100108719913	6813.277	2197.263
99.0999307200554	99.1001807198554	7692.012	5545.562
94.0999347200522	94.1001447198842	7446.845	5264.848
89.099938720049	89.100108719913	6766.165	2203.375
94.0999347200522	94.1001447198842	7297.728	5207.619
99.0999307200554	99.1001807198554	7311.819	5425.923
94.0999347200522	94.1001447198842	7469.793	5315.495
94.0999347200522	94.1001447198842	7002.195	5276.485
89.099938720049	89.100108719913	7041.92	2341.238
99.0999307200554	99.1001807198554	7522.358	5441.06
