0.00101999918400065	0.0183599853120118	12.649	1.298
0.0018699985040012	0.0336599730720215	23.751	1.852
0.00262999789600168	0.0473399621280303	32.422	2.157
0.00353999716800227	0.0637199490240408	43.892	2.708
0.00521999582400334	0.0939599248320601	62.394	3.688
0.00800999359200513	0.144179884656092	98.219	5.026
0.0102399918080066	0.182519853984117	304.092	10.497
0.0134199892640086	0.240299807760154	419.706	16.07
0.0247199802240158	0.438839648928281	748.312	27.257
0.0271599782720174	0.486539610768311	813.967	28.904
0.0558899552880358	0.989819208144634	1627.123	64.119
0.0839799328160537	1.47599881920094	2342.157	96.34
0.14082988733609	2.45411803670557	3574.491	155.985
0.159669872264102	2.71025783179373	3356.296	176.553
0.198769840984127	3.29903736077011	3468.555	204.876
0.470939623248301	7.57097394322085	6655.624	384.359
0.674809460152432	10.2196718242625	6317.732	464.613
1.06427914857668	15.0739079408736	7462.982	759.102
1.47768881784895	18.2620653903477	6074.231	721.515
1.97469842024126	20.4220636623491	4599.457	665.558
3.51787718569825	30.7832153734277	6478.851	984.252
5.38883568893145	37.470210023832	8120.46	1282.803
8.08275353379717	42.6603258717393	9221.538	1593.712
12.1177003058398	47.8720417023666	10373.2	1988.718
18.1917454466036	54.3930764855388	11735.738	2757.252
27.1752282598174	61.6355506915594	13341.787	4265.2
37.1412902869678	71.1199231040615	15879.435	5646.914
46.1709830632135	73.8282009374392	18220.474	6926.441
53.9224668620265	76.7994585604332	20344.725	8041.051
65.61128751097	91.3697269042185	22954.694	9810.619
74.0802807357754	96.2077630337896	23925.306	10878.313
83.9017828785737	99.96760002592	23123.717	11630.313
90.580877535298	99.999820000144	24009.287	12983.449
