28.6999170400664	60.4889516088387	29323.421	2155.341
38.9031688774649	72.5593819524944	35666.267	2868.133
0.636789490568408	9.13157269474184	5494.792	66.063
66.7797065762347	91.1036871170503	46207.009	4881.433
0.595669523464381	9.31787254570196	5694.838	64.541
58.8797328962137	92.230666215467	45895.854	4395.387
1.30331895734483	17.5186659850672	10494.798	132.392
0.196619842704126	3.37949729640216	2060.36	23.264
19.0885647291482	55.4399556480355	27282.654	1464.473
63.0823995340804	91.0653471477223	45459.4	4772.626
91.5583067533546	100.0	51147.823	6806.513
2.78806776954578	28.187617449906	15333.314	264.127
30.9918152065478	54.1747366602107	26973.674	2297.953
0.0985599211520631	1.73645861083311	1059.896	13.979
43.2229654216277	72.0044423964461	35855.923	3261.996
75.7124594300325	97.1835422531662	49352.006	5397.117
46.5207227834218	70.4659836272131	34624.822	3478.588
73.1690514647588	99.2785605771515	49377.403	5291.496
1.90169847864122	22.7305618155505	13083.507	189.034
85.2997017602386	99.987220010224	50781.081	7750.72
0.392859685712251	6.43103485517212	3905.669	44.47
88.4902192078246	99.99820000144	51068.695	6465.632
2.61970790423368	20.242963805629	10324.246	234.03
9.40097247922202	44.6700242639806	21904.559	767.396
52.1648682681054	77.4274780580176	38636.657	3825.001
20.333263733389	42.6934458452433	20737.893	1529.551
11.1125211099831	33.7620329903736	16496.62	832.123
81.6536946770443	99.955000036	49737.329	5979.815
6.22788501769199	38.4389692488246	19086.969	530.321
0.259139792688166	4.31009655192276	2621.416	30.23
