89.101218719025	89.4638884288893	41585.245	5191.397
39.100928719257	39.4656884274493	18216.856	2078.793
84.0998727201018	84.4690724247421	38668.052	4491.204
0.901159279072577	1.26089899128081	591.397	48.718
49.0999207200634	49.4623404301277	22832.631	2591.255
1.89987848009722	2.26295818963345	1048.667	100.243
0.600409519672384	0.961019231184615	449.644	31.731
9.40100247919802	9.76517218786225	4455.971	485.905
99.1007307194154	99.4483004413596	46026.097	8669.875
0.200509839592128	0.564119548704361	264.353	11.516
4.20103663917069	4.56299634960292	2142.548	227.974
19.1000047199962	19.4664444268445	9028.898	1022.887
6.30048495961203	6.66287466970026	3050.27	333.736
29.0997767201786	29.4672364262109	13487.181	1586.304
44.0998047201562	44.4671644262685	20737.121	2350.934
0.402039678368257	0.76535938771249	373.165	21.612
94.1008647193082	94.4650044279965	43859.922	8246.948
0.101509918792065	0.451619638704289	223.468	7.003
0.299139760688191	0.663659469072425	351.072	16.793
34.1003627197098	34.4656524274781	15946.18	1869.913
69.0996947202442	69.4606844314524	32459.185	3553.065
64.101078719137	64.4642484286013	30136.498	3344.847
54.1008667193066	54.4661564270749	25279.154	2968.148
14.100668719465	14.4644284284573	6736.356	756.659
79.0905467275626	79.3824564940348	36713.239	4250.014
1.29992896005683	1.66607866713707	782.82	70.799
74.1000407199674	74.4623404301277	34534.259	3898.914
24.1018807184954	24.4672004262397	11230.193	1446.706
59.1002227198218	59.4622324302141	27563.232	3108.867
2.79885776091379	3.16457746833803	1501.513	146.775
