81.288864968908	99.8255801395359	3843.93	2523.591
17.8070757543394	44.7494042004766	3414.031	2328.754
0.298399761280191	4.9937360050112	3321.566	2219.729
62.8005697595442	89.7547681961854	4422.06	2467.124
46.1410730871415	69.5758843392925	3897.41	2478.43
6.81106455114836	28.5290771767383	3434.528	2211.931
28.2140174287861	56.8380145295884	3383.57	2275.354
1.27602897917682	17.0783863372909	3778.493	2350.449
2.79667776265779	28.4280972575222	3315.399	2195.659
91.5604867516106	100.0	3597.98	2457.159
53.9957268034186	88.8698889040889	3771.587	2461.68
88.6682390654087	99.999640000288	3493.726	2429.417
66.1032871173703	89.3902684877852	3441.811	2373.722
31.3927948857641	55.1852558517953	3760.856	2440.166
0.889649288280569	12.9632296294163	3293.991	2165.524
0.498569601144319	7.67987385610092	3622.119	2270.945
77.5689979448016	99.8005601595519	3497.195	2421.177
0.382529693976245	6.23267501385999	3333.017	2214.346
56.1503950796839	79.5914363268509	3831.78	2529.566
23.9933108053514	58.5993131205495	3402.118	2307.904
13.8693089045529	46.9533224373421	3374.679	2299.415
43.81872494502	76.7188186249451	3709.208	2425.297
1.88954848836121	22.6123019101585	3685.345	2296.071
84.8634221092623	99.94690004248	3828.751	2507.778
6.06524514780388	36.2627709897832	3724.667	2382.385
3.30450735639411	24.7098402321278	3744.417	2365.049
0.185709851432119	3.17879745696203	3811.773	2313.522
71.5029527976378	94.9078040737567	3579.134	2427.407
37.9144296684563	65.3356277314978	3440.936	2304.111
0.0989499208400633	1.74203860636911	3615.573	2288.408
