0.00116999906400075	0.0208799832960134	3383.903	2089.458
0.00197999841600127	0.0356399714880228	3041.087	1878.079
0.00318999744800204	0.0572399542080366	3513.655	2049.148
0.00403999676800259	0.0719999424000461	3398.809	1995.728
0.00599999520000384	0.106199915040068	3372.618	2053.049
0.00840999327200538	0.148499881200095	3467.599	2064.591
0.0129999896000083	0.226799818560145	3083.147	1913.642
0.0193899844880124	0.332819733744213	3113.419	1918.972
0.028139977488018	0.474119620704303	3044.407	1936.787
0.0409499672400262	0.662039470368424	3419.887	2027.056
0.0631899494480404	0.973439221248623	3382.403	2032.076
0.0950799239360609	1.37699889840088	3328.26	2010.918
0.141969886424091	1.85651851478519	3106.742	1889.052
0.211489830808135	2.43611805110556	3092.893	1939.516
0.314269748584201	3.01067759145793	3053.554	1943.159
0.472909621672303	3.58505713195429	3481.614	2048.053
0.709439432448454	4.12451670038664	3380.632	1984.313
1.06760914591268	4.63355629315497	3460.047	2015.643
1.42658885872891	3.98393681285055	3098.393	1873.653
2.39871808102554	6.05033515973187	3045.422	1895.386
3.5942671245863	7.24247420602063	3073.407	1919.388
5.38896568882745	8.93915284867772	3444.825	2007.045
8.09060352751718	11.7287906169675	3422.601	2051.038
12.1332102934318	15.7539473968421	3406.23	2025.169
18.2087654329877	21.852702517838	3064.651	1946.98
27.3022781581775	30.9273952580838	3504.954	2075.509
37.3153001477599	40.9523072381542	3490.413	2075.529
47.3103921516863	50.9359992512006	3479.567	2105.373
57.3056641554687	60.929051256759	3129.292	2012.877
67.3086661530671	70.9356032515174	3104.441	2014.252
77.3063881548895	80.9461152431078	3496.826	2175.475
87.3042001566399	90.8689673048262	3631.864	2214.376
97.1698422641262	99.7219002224798	3162.317	2109.916
