0.000949999240000608	0.0169199864640108	11.264	0.991
0.00172999861600111	0.0311399750880199	20.303	1.23
0.00284999772000182	0.0512999589600328	31.521	1.21
0.00399999680000256	0.0719999424000461	43.688	1.348
0.00625999499200401	0.112499910000072	68.191	1.542
0.00894999284000573	0.160559871552103	97.198	1.657
0.0120699903440077	0.215819827344138	128.973	2.145
0.0195699843440125	0.351719718624225	212.274	2.962
0.0255399795680163	0.456659634672292	289.931	3.366
0.0367699705840235	0.649259480592416	388.89	4.879
0.0368899704880236	0.657179474256421	416.065	5.245
0.0725199419840464	1.27709897832082	612.832	9.582
0.138809888952089	2.41739806608155	906.471	18.096
0.209389832488134	3.58235713411429	996.253	25.492
0.270439783648173	4.48343641325087	924.061	30.797
0.409699672240262	6.52625477899618	1048.341	43.571
0.414109668712265	6.26759498592401	867.44	45.753
1.06063915148868	14.9995680003456	1627.916	165.946
1.59207872633702	20.1904038476769	1849.755	257.71
2.20704823436141	23.2311414150869	1585.763	249.694
3.58448713241029	32.0318743745005	2310.397	458.074
5.38348569321144	37.6295098963921	2741.025	540.653
8.07782353774117	42.7325058139953	2978.034	649.238
12.1006503194797	47.6645018683985	2973.644	756.476
16.0878971296823	40.7744673804261	2674.536	635.351
23.459471232423	45.7781033775173	2827.681	727.077
34.4566324346941	58.0742535405972	3787.945	985.975
47.2540121967902	82.799393760485	4916.011	1181.468
57.1908742473006	91.7372866101707	5279.327	3515.22
66.6827666537867	96.1253230997415	5523.57	3719.042
73.5944411244471	95.366443706845	5442.877	3779.975
83.1288234969412	99.7969601624319	5991.726	3942.745
90.5422675661859	100.0	6009.087	3976.188
