39.096678722657	42.7411458070834	10122.195	5622.211
2.80056775954579	6.41915486467611	1518.861	386.518
84.0967227226218	87.6584898732081	20442.345	11987.732
1.30042895965683	4.90805607355514	1092.164	205.691
34.1012227190218	37.7389498088402	9038.963	4973.192
0.201519838784129	2.35385811691351	870.605	92.431
89.040058767953	92.1113263109389	21275.333	12354.308
0.0982399214080629	1.4113788708969	748.336	74.849
79.1021467182826	82.756373794901	19786.786	11550.156
94.0845147323882	97.5030419975664	22533.04	13172.669
19.0964647228282	22.7231818214545	5420.923	2716.601
74.1015407187674	77.7361778110578	18996.945	10995.397
4.19517664385868	7.85195371843703	1793.29	581.997
69.1023347181322	72.7532417974066	17435.859	9873.48
29.1058667153066	32.7264938188049	7746.735	4168.079
0.400049679960256	3.36077731137815	779.465	119.533
1.90072847941722	5.54489556408355	1255.217	276.771
49.0983807212954	52.7489578008338	12566.28	7055.718
98.6673010661591	100.0	22987.004	13729.736
9.39674248260601	13.0447695641843	3210.905	1312.467
0.304819756144195	2.9689176248659	816.356	102.402
64.103528717177	67.7382658093874	16251.233	9272.524
44.0991147207082	47.7483818012946	11396.425	6478.061
0.597889521688383	3.91787686569851	923.787	135.729
59.0379027696778	62.0950903239277	14660.453	8579.915
6.30342495726003	9.94679204256637	2449.787	894.564
24.1041607166714	27.7334778132177	6550.494	3399.166
54.1041167167066	57.743773804981	13828.959	7911.781
14.100068719945	17.7335858131313	4221.832	2086.695
0.899269280584576	4.42205646235483	959.514	164.724
