89.100388719689	89.4624484300412	5735.367	1517.327
4.20105663915469	4.56497634801892	5517.074	1617.567
99.1006607194714	99.4684604252317	6078.574	1542.325
24.1000707199434	24.4634204292637	5395.57	1689.512
1.89887848089722	2.26367818905745	5843.626	1604.973
84.1002127198298	84.4625924299261	6006.487	1550.921
0.899799280160576	1.26143899084881	5777.017	1590.231
19.1000847199322	19.4641044287165	5789.609	1639.365
2.80103775916979	3.16439746848203	5355.821	1611.602
69.0995747203402	69.4639244288605	5473.135	1719.249
29.1006167195066	29.4722764221789	5501.307	1351.63
49.1005107195914	49.4609004312797	5565.185	1691.118
0.199459840432128	0.56177955057636	5466.351	1615.998
74.1011507190794	74.4706204235037	5998.712	1301.94
0.301169759064193	0.668339465328428	5316.204	1463.063
39.100868719305	39.4584884332093	5995.746	1650.803
0.600249519800384	0.961019231184615	5930.515	1312.144
14.097738721809	14.4642484286013	5948.129	2214.495
54.0994667204266	54.4621964302429	5503.09	1398.488
1.29942896045683	1.66715866627307	5951.911	1639.283
34.0996727202618	34.4598924320861	5423.861	1574.738
64.099798720161	64.4608284313372	5993.299	1682.544
0.0988099209520632	0.45305963755229	5373.655	1593.319
44.0986447210842	44.4614044308765	5526.376	1541.436
59.1003727197018	59.4618724305021	5505.261	1498.186
6.29925496059603	6.66179467056426	5790.53	1628.253
94.0997747201802	94.4614044308765	5828.175	1556.776
79.1009767192186	79.4621964302429	5517.582	1442.309
0.398279681376255	0.759959392032486	5420.051	1148.203
9.40038247969402	9.76445218843825	5830.397	1416.63
