0.000909999272000582	0.0163799868960105	10.83	1.039
0.00223999820800143	0.0399599680320256	25.177	1.124
0.00277999777600178	0.050039959968032	30.766	1.318
0.00395999683200253	0.0707399434080453	42.995	1.295
0.00604999516000387	0.106559914752068	64.765	1.612
0.00672999461600431	0.118259905392076	70.529	1.57
0.0095299923760061	0.165959867232106	97.727	1.548
0.0129499896400083	0.226259818992145	136.589	1.858
0.0162599869920104	0.269459784432172	157.131	1.964
0.042149966280027	0.68741945006444	403.682	3.631
0.0638299489360409	0.993419205264636	592.939	5.426
0.0944699244240605	1.37321890142488	794.793	8.385
0.138439889248089	1.83167853465717	1059.524	11.137
0.208779832976134	2.40713807428954	1307.325	14.328
0.315809747352202	3.03767756985794	1561.738	20.234
0.474699620240304	3.58289713368229	1699.209	28.766
0.705699435440452	4.11515670787463	1937.897	37.725
1.06684914652068	4.62329630136296	2120.161	55.108
1.59910872071302	5.21891582486734	2410.035	77.338
2.39918808064954	6.02837517729986	2759.794	111.703
3.5922771261783	7.23095421523663	3312.824	159.976
5.40162567869946	9.03059277552578	4181.641	242.6
8.09373352501318	11.7343706125035	5390.549	367.546
12.1346002923198	15.7732073814341	7215.617	531.273
18.1890254487796	21.5918827264938	9883.57	814.726
27.3072281542175	30.9587152330278	14139.133	1221.913
37.3157901473679	40.9580672335462	18773.585	1621.41
47.3093221525423	50.9433792452966	23075.367	2062.4
57.3133941492847	60.946691242647	27946.31	2491.096
67.3101961518431	70.9550432359654	32635.699	3007.813
77.3116181507055	80.9504352396518	36986.087	3413.483
