0.012519989984008	0.224639820288144	5617.002	1445.008
47.1721122623102	81.6500946799243	5671.048	1483.485
0.42178966256827	6.74351460518832	5654.174	1448.382
0.0883299293360565	1.55285875771299	5105.862	1348.304
8.05582355534116	42.112946309643	5161.693	1536.088
0.000929999256000595	0.0167399866080107	5187.53	1473.972
90.5292575765939	99.999820000144	5297.272	1370.552
2.70268783784973	22.3558021153583	5143.163	1166.28
18.1483254813396	53.5533771572983	5175.724	1288.194
0.00527999577600338	0.0943199245440604	5679.813	1472.052
75.9923692061046	99.6428802856958	5242.601	1510.023
83.9983028013578	99.977860017712	5345.161	1565.609
4.27229658216273	26.9038584769132	5686.989	1497.649
1.02828917736866	14.4242884605692	5101.323	1043.604
0.0092199926240059	0.165419867664106	5081.971	1473.653
0.160049871960102	2.71781782574574	5561.301	1437.122
37.2918101665519	73.5972611221911	5245.854	1396.591
1.43197885441692	17.6684258652593	5545.042	1420.241
0.588679529056377	8.82503293997365	5590.572	1277.668
0.026489978808017	0.473939620848303	5067.11	1478.331
0.00289999768000186	0.0521999582400334	5571.634	1462.127
0.0426099659120273	0.751679398656481	5542.99	1059.908
0.139679888256089	2.43917804865756	5112.457	1334.489
0.0412399670080264	0.73439941248047	5069.678	1452.113
66.0447071642343	93.0167255866195	5263.415	1298.978
1.57442874045701	16.4347068522345	5526.006	1486.786
0.010909991272007	0.195119843904125	5088.952	1443.559
0.0039099968720025	0.070379943696045	5656.618	1310.119
27.2943081645535	63.6099691120247	5138.65	1525.275
0.318189745448204	5.3076557538754	5107.933	994.511
9.09279272576582	31.18857504914	5150.222	1482.072
0.00194999844000125	0.0350999719200225	5169.196	1382.589
57.1797442562046	91.7385466091627	5673.282	1105.764
