4.19009664792268	53.19283744573	31031.748	421.344
28.5531771574583	99.3903404877276	45111.836	3855.488
0.612399510080392	10.4527716377827	6253.129	63.881
20.7617933905653	96.5215027827978	44125.351	2660.39
0.248109801512159	4.36463650829079	2672.4	36.708
17.6157259074193	94.4074044740764	43389.642	2257.538
34.356042515166	99.7393602085118	45767.523	4446.131
0.650549479560416	10.980351215719	6617.254	67.688
58.0758535393172	99.999460000432	48355.533	7843.771
55.3949456840434	99.99910000072	49159.898	7396.289
24.2925105659915	98.1506814794548	44825.314	3138.424
0.17205986235211	3.04847756121795	1875.41	18.939
49.8789200968639	99.99640000288	47728.645	6435.524
52.6544978764017	99.998560001152	48326.463	7132.258
0.0672699461840431	1.20401903678477	741.733	7.861
1.18004905596076	19.0859247312602	11530.833	122.621
40.700307439754	99.93790004968	46302.791	5273.232
12.8825596939522	90.8516873186501	42907.174	1126.621
5.86808530553176	64.6752082598334	35995.247	575.495
47.2380222095822	99.993880004896	47418.392	6273.484
16.3313069349545	95.4031636774691	43066.812	2199.317
7.72690381847694	72.2820021743983	37758.782	721.097
2.41427806857755	34.8560721151423	20928.962	231.729
60.5220915823267	99.999640000288	49725.355	8082.422
38.3608893112886	99.940240047808	46946.248	5081.306
31.187285050172	99.5374003700797	45391.515	4013.548
44.6020943183245	99.98920000864	46867.947	5846.573
0.407599673920261	7.08461433230853	4284.542	44.224
1.4046688762649	22.0022823981741	13359.203	141.049
0.10948991240807	1.94957844033725	1187.581	11.785
0.347479722016222	6.04925516059587	3662.45	37.476
15.1201279038977	92.5712259430192	43165.847	1278.482
44.4284344572524	99.989020008784	47839.445	5996.565
26.1921390462888	99.3995204803836	44706.122	3606.158
38.3397593281925	99.93070005544	46349.043	5116.899
5.99257520593984	65.7231674214661	36784.739	591.024
60.5188215849427	99.999640000288	49234.681	8006.784
55.4493556405155	99.99910000072	48736.369	7331.927
19.2115346307723	97.0136223891021	44241.755	2790.255
0.521989582408334	8.93825284939772	5433.331	54.749
0.883219293424565	14.7239882208094	8882.373	92.259
27.4987480010016	98.9284608572313	44817.303	3410.37
3.61951710438632	46.9832024134381	27464.168	366.582
50.1127299098161	99.996760002592	48095.97	6798.795
12.2077902337678	88.4483292413366	42333.422	1089.197
0.193509845192124	3.41999726400219	2068.406	21.655
30.1475458819633	99.2031406374875	45444.727	3862.561
41.6454866836107	99.980020015984	46867.622	7069.744
58.0717435426052	99.999460000432	48824.268	7976.453
9.54550236359811	82.869773704181	41405.224	896.69
