0.00303999756800195	0.054719956224035	36.039	1.611
0.0557199554240357	0.985139211888631	600.337	7.488
83.4053132757494	99.8632001094399	48935.915	5094.057
0.104959916032067	1.81907854473716	1099.844	12.287
0.0112699909840072	0.202319838144129	129.581	2.97
4.95858603313117	32.0419543664365	15451.413	357.071
0.00886999290400568	0.159299872560102	100.282	2.827
0.314139748688201	5.01911598470721	3006.58	31.725
26.9784884172093	59.2440726047419	28221.981	1753.326
0.00316999746400203	0.0570599543520365	38.627	1.79
0.0358299713360229	0.637739489808408	387.245	5.69
0.00439999648000282	0.0791999366400507	50.862	1.949
0.3124197500642	5.22449582040334	3152.514	31.932
8.08121353502917	42.7631057895154	20671.257	586.149
0.0193399845280124	0.346319722944222	213.911	3.812
0.68730945015244	10.4803116157507	6294.857	65.555
45.7543033965573	72.0051623958701	35536.843	2872.862
37.2720501823599	73.1575214739828	35695.772	2448.658
0.769849384120493	10.6046915162468	6351.535	68.685
0.0926799258560593	1.63169869464104	971.226	11.675
90.5149875880099	99.999820000144	48858.216	5388.804
17.9089756728195	50.5084995932003	24071.992	1157.036
66.6319766944186	95.9201232639014	46636.844	4167.205
75.8894192884646	99.4663004269597	49010.896	6141.417
0.000789999368000506	0.0142199886240091	10.183	1.146
0.001559998752001	0.028079977536018	19.323	1.422
1.01656918674465	12.53734997012	7174.969	87.777
3.53838716929026	31.1077551137959	15993.758	341.451
1.82365854107317	18.796484962812	10099.652	148.555
53.6055271155783	76.0994391204487	37565.995	3325.4
0.210829831336135	3.61331710934631	2207.113	22.134
11.8705405035676	44.3224445420444	20993.049	795.203
0.0272299782160174	0.485639611488311	294.94	4.748
