0.000919999264000589	0.0165599867520106	3.438	1.14
0.00216999826400139	0.039059968752025	5.401	1.191
0.00251999798400161	0.045359963712029	5.636	1.305
0.00400999679200257	0.0721799422560462	7.562	1.478
0.00579999536000371	0.104039916768067	9.426	1.449
0.00925999259200593	0.165779867376106	13.51	1.725
0.0121499902800078	0.21833982532814	18.339	1.76
0.0185599851520119	0.332639733888213	25.449	2.121
0.0274299780560176	0.490679607456314	40.875	2.769
0.0414999668000266	0.741059407152474	55.632	3.941
0.0634099492720406	1.12391910086472	83.017	6.315
0.0928999256800595	1.63043869564904	120.769	8.604
0.0976999218400625	1.69757864193709	126.489	9.163
0.166419866864107	2.84075772739382	211.621	16.006
0.316669746664203	5.28407577273938	386.169	28.44
0.447609641912286	7.16543426765259	547.316	40.367
0.666659466672427	10.0893519285185	798.673	58.988
0.945659243472605	13.1070495143604	1090.279	80.326
1.59080872735302	20.2139838288129	1746.67	129.83
2.33207813433749	25.037079970336	2267.918	188.665
3.26240739007409	27.4128980696815	3006.756	244.16
4.63138629489096	29.3919964864028	4507.972	328.117
5.60149551880358	26.573918740865	5471.259	361.48
10.5213815828947	35.8349113320709	8791.002	670.841
18.1221855022516	53.148017481586	14214.61	1168.043
27.2994181604655	63.5572291542167	19630.162	1742.285
37.2824601740319	73.3292413366069	25335.509	2325.642
46.1852330518136	73.8991208807033	29708.396	2829.49
56.9046744762604	88.7030290375768	33816.737	3456.07
65.4814176148659	90.9337672529862	41426.69	3877.968
75.8119593504325	99.3304005356796	44565.099	10686.5
84.0043327965338	99.97930001656	46808.091	12326.207
90.5241475806819	100.0	48432.551	14996.096
