64.099958720033	64.100288719769	8098.593	4537.278
9.40000247999802	9.40013247989402	1215.318	694.467
74.0999507200394	74.1000007199994	8987.98	5007.735
79.0999467200426	79.1000367199706	9479.058	5556.95
1.30000895999283	1.30013895988883	162.147	97.562
99.0999307200554	99.1000007199994	11839.48	9953.593
34.0999827200138	34.1002527197978	4218.728	2675.648
0.600009519992384	0.600299519760384	79.074	45.581
6.30000495999603	6.30017495986003	775.054	470.304
4.20000663999469	4.20011663990669	527.856	315.556
94.0999347200522	94.1001447198842	11375.452	9503.058
0.200009839992128	0.200159839872128	27.768	14.713
0.300009759992192	0.300239759808192	42.833	22.336
19.0999947200042	19.1001447198842	2373.206	1503.539
2.80000775999379	2.80025775979379	352.433	214.972
49.0999707200234	49.1001807198554	5883.238	3434.54
84.0999427200458	84.1000727199418	10252.797	5792.124
1.90000847999322	1.90007847993722	240.931	136.294
89.099938720049	89.100108719913	10612.983	6314.362
54.0999667200266	54.1002167198266	6853.737	4015.177
0.400009679992256	0.400139679888256	51.44	26.762
29.0999867200106	29.1002167198266	3470.27	2005.777
44.0999747200202	44.1001447198842	5373.87	3166.168
59.0999627200298	59.1002527197978	7624.857	4316.274
14.099998720001	14.100108719913	1710.463	1043.385
39.099978720017	39.100108719913	4816.689	2926.773
69.0999547200362	69.1001447198842	8180.515	4832.086
24.0999907200074	24.1001807198554	2955.599	1744.615
0.900009279992576	0.900179279856576	111.333	64.809
0.100009919992064	0.100079919936064	15.144	7.608
