0.00272999781600175	0.0491399606880314	33.677	1.927
0.0279999776000179	0.50003959996832	857.348	28.855
36.2259710192232	64.086788730569	15406.097	5361.64
57.1810542551566	91.7335066131947	20530.205	11335.463
12.0796303362957	47.1162223070222	9677.793	2096.112
0.00920999263200589	0.165059867952106	274.106	8.936
0.0436099651120279	0.772919381664495	1267.423	47.32
6.34859492112406	29.5082763933789	5810.296	1135.581
90.571997542402	100.0	23622.272	15993.802
0.0772899381680495	1.35431891654487	2105.42	84.372
3.56945714443428	31.6396546882762	7191.458	1039.557
0.211849830520136	3.62501709998632	4691.487	233.056
84.0700927439258	99.984880012096	22816.1	14790.713
44.3889244888604	67.8840656927474	17388.207	6538.28
14.8692081046335	37.526909978472	8751.987	2075.424
64.3514485188412	87.7470498023602	22365.099	12028.006
0.000979999216000627	0.0176399858880113	12.227	1.039
1.06611914710468	15.0812879349697	7028.804	771.067
0.665749467400426	10.0672119462304	6301.929	533.764
0.00575999539200369	0.103499917200066	75.216	2.973
0.136409890872087	2.37563809948952	3446.955	151.333
0.00101999918400065	0.0183599853120118	12.877	1.05
2.37111810310552	25.6481794814564	6479.826	903.492
0.166039867168106	2.77091778326577	2941.119	172.754
0.0161199871040103	0.288179769456184	486.441	14.741
26.4211188631049	55.0876959298433	12536.371	3985.421
0.0417799665760267	0.745019403984477	1288.687	44.552
0.00868999304800556	0.1556998754401	167.843	5.593
0.379979696016243	6.05483515613188	4929.45	320.223
1.59674872260102	20.1990438407649	6318.205	846.956
4.78940616847507	30.5254555796355	5751.057	1003.766
75.9167292666166	99.5100403919677	22404.219	13956.815
0.00376999698400241	0.0676799458560433	45.483	2.178
