89.099938720049	89.100108719913	6665.025	2349.764
74.0999507200394	74.1001807198554	5925.946	2049.737
44.0999747200202	44.1001447198842	3379.267	1071.668
29.0999867200106	29.1002167198266	2294.668	706.042
54.0999667200266	54.1002167198266	4024.253	1328.36
14.099998720001	14.100108719913	1144.951	385.701
39.099978720017	39.100108719913	3011.338	957.34
1.90000847999322	1.90025847979322	157.027	54.105
84.0999427200458	84.1002527197978	6929.335	2313.752
34.0999827200138	34.1000727199418	2675.643	927.012
6.30000495999603	6.30017495986003	480.983	174.88
0.600009519992384	0.600119519904384	54.205	16.785
19.0999947200042	19.1001447198842	1473.384	518.714
9.40000247999802	9.40013247989402	711.522	258.693
0.200009839992128	0.200159839872128	21.846	6.082
1.30000895999283	1.30013895988883	108.836	37.538
0.400009679992256	0.400139679888256	36.581	10.534
94.0999347200522	94.1001447198842	7636.894	5332.684
0.100009919992064	0.100259919792064	12.708	3.571
24.0999907200074	24.1001807198554	1803.751	658.688
69.0999547200362	69.1001447198842	5207.477	1914.762
49.0999707200234	49.1001807198554	3747.146	1176.27
2.80000775999379	2.80007775993779	226.641	79.504
79.0999467200426	79.1000367199706	5970.885	1974.565
64.099958720033	64.100288719769	4773.664	1614.793
4.20000663999469	4.20011663990669	353.134	118.19
0.300009759992192	0.300059759952192	28.341	8.03
99.0999307200554	99.1000007199994	7838.044	5560.201
0.900009279992576	0.900179279856576	82.664	24.593
59.0999627200298	59.1000727199418	4489.236	1400.89
