46.5005427995658	99.983980012816	5951.401	1803.587
40.599867520106	99.929440056448	5944.759	1611.317
0.0659199472640422	1.17989905608076	5316.831	1504.504
34.32051254359	99.7330602135518	5642.924	1780.863
25.8677293058166	99.1950406439675	5478.448	1691.782
2.3387781289775	33.8473529221177	5980.362	1391.724
1.83352853317717	28.137397490082	5399.879	1632.024
60.5218915824867	99.999640000288	6107.665	1639.604
50.2431098055122	99.998020001584	5987.387	1537.315
12.7991197607042	90.552347558122	5387.483	1552.828
22.9489116408707	98.7742009806392	5525.767	1367.361
0.102419918064066	1.82429854056117	5803.7	1680.283
5.71359542912366	63.4670492263606	5434.239	1646.677
29.0823567341146	99.5836603330717	5650.503	1448.073
0.402289678168257	6.98759440992447	5944.345	1616.381
55.3949456840434	99.99910000072	5945.333	1564.945
9.36624250700599	81.7989545608363	5999.756	1647.521
1.29389896488083	20.8342633325893	5936.815	1169.254
0.508289593368325	8.71865302507758	5472.868	1619.136
0.26604978716017	4.67909625672299	5457.403	1306.642
0.190029847976122	3.36059731152215	5839.03	1605.562
31.273004981596	99.5595403523677	5511.451	1518.834
58.0453535637171	99.999460000432	5595.966	1764.684
3.56027715177828	46.4108028713577	5535.097	1645.399
43.68357505314	99.965260027792	5490.839	1726.655
0.842409326072539	14.044128764697	5525.247	1320.782
18.4622852301718	95.7961033631173	5807.722	1328.711
38.7259990192008	99.964180028656	5536.465	1729.868
14.9768980184816	92.220406223675	5534.075	1664.915
52.6861878510497	99.998020001584	6126.79	1776.281
