0.198289841368127	2.32523813980949	207.865	21.034
1.89876848098522	5.52743557805154	402.771	86.534
19.0944847244122	22.7258818192945	1661.902	579.29
44.0921147263082	47.7395618083506	3549.366	1136.096
0.400309679752256	3.36653730677015	251.842	32.257
1.18991904806476	3.9011368790905	298.368	57.189
14.092908725673	17.7571657942674	1350.503	453.255
6.30149495880403	9.94049204760636	715.551	210.192
0.599239520608383	3.92363686109051	302.217	42.246
9.39808248153401	13.0420695663443	944.439	311.294
34.1023727181018	37.7362498110001	2704.363	982.78
74.0992707205834	77.7408578073138	5592.446	2071.974
54.0974667220266	57.750793799365	4330.204	1345.013
69.0981747214602	72.7527017978386	5075.467	1869.907
59.0967627225898	62.7322898141681	4671.076	1667.169
98.6520310783751	99.99910000072	7327.493	5322.304
4.20111663910669	7.817573745941	573.773	150.403
0.101719918624065	1.45889883288093	140.741	13.493
0.300459759632192	2.9642376286099	232.217	29.503
0.897059282352574	4.40639647488282	325.434	53.733
79.0938567249146	82.6530538775569	5780.657	2138.366
39.100448719641	42.7355658115474	3037.045	980.298
88.8703189037449	91.3317469346024	6379.103	4792.397
49.1037607169914	52.7341978126418	3721.584	1324.791
2.79662776269779	6.44363484509212	489.299	108.873
24.1039607168314	27.7442778045778	2165.152	718.703
64.099568720345	67.7499658000274	4814.306	1562.756
29.1007867193706	32.7333338133329	2518.386	865.639
93.8376749298601	96.2138830288936	7134.297	4955.947
84.0967127226298	87.7340898127281	6199.845	2336.734
54.1021667182666	57.745573803541	4139.928	1447.644
0.599979520016384	3.9068968744825	285.19	42.568
1.29770896183283	4.90139607888314	369.635	68.685
19.0991647206682	22.7280418175665	1782.421	592.543
44.1011547190762	47.7338018129585	3392.873	1271.9
29.1050567159546	32.751873798501	2340.122	859.925
49.0968907224874	52.7581377934898	3957.999	1314.032
0.897589281928574	4.40657647473882	323.935	53.812
68.793244965404	71.1177631057895	4962.344	1679.778
1.90265847787322	5.52113558309153	389.597	86.648
14.101758718593	17.7251258198993	1296.284	448.469
9.40338247729402	13.0390095687923	951.449	311.933
74.0971307222954	77.7091778326577	5474.789	2050.586
93.9336248531001	96.5267227786218	6674.924	5024.989
89.098948720841	92.7386258090993	6999.888	5024.047
34.0932127254298	37.6309498952401	2702.149	902.693
79.1013467189226	82.733693813045	5830.032	2204.512
98.6036311170951	99.996760002592	7239.22	5123.368
24.0917207266234	27.7174578260337	2094.819	719.098
59.0970327223738	62.7339098128721	4675.168	1523.161
64.083048733561	67.5231659814672	4784.211	1603.109
4.19920664063469	7.84997372002102	578.559	151.342
0.29761976190419	2.92895765683387	233.673	28.601
83.8382129294297	86.2251510198792	6396.421	2125.825
2.79883776092979	6.42707485834011	442.575	110.322
