0.00100999919200065	0.00125999899200081	2.143	1.035
1.59900872079302	1.59929872056102	253.272	45.906
0.14098988720809	0.14111988710409	24.909	4.632
12.1380002895998	12.1382902893678	1886.182	341.744
0.0130099895920083	0.0131399894880084	4.355	1.456
57.3099541520367	57.3099741520207	9022.702	1579.451
0.474009620792303	0.474119620704303	81.483	12.472
0.316009747192202	0.316259746992202	52.674	8.441
77.3099481520415	77.3101181519055	12191.021	2155.622
0.00600999519200385	0.00611999510400392	3.034	1.163
0.0419999664000269	0.042119966304027	9.758	1.963
27.3099881520095	27.3102981517615	4301.75	665.701
0.0280099775920179	0.028079977536018	6.878	1.893
47.3099721520223	47.3100821519343	7481.232	1272.794
3.5969971224023	3.5971171223063	590.793	103.562
0.211009831192135	0.211139831088135	37.012	5.549
8.09200352639718	8.09225352619718	1254.468	228.375
2.39799808160153	2.39813808148954	387.043	68.796
0.0190099847920122	0.0190799847360122	5.2	1.626
87.3099401520479	87.3100101519919	13630.113	2439.351
0.00199999840000128	0.00215999827200138	2.419	1.126
97.3099321520543	97.3102621517903	14902.377	11330.566
5.39499568400345	5.39513568389145	863.272	152.512
0.00300999759200193	0.00323999740800207	2.81	1.115
0.0940099247920602	0.0941399246880602	17.574	3.36
0.00900999279200577	0.00917999265600588	3.709	1.325
0.0629999496000403	0.0631799494560404	12.704	2.727
0.711009431192455	0.711179431056455	116.681	19.883
18.2069954344037	18.2071654342677	2846.255	506.201
1.06599914720068	1.06613914708868	176.609	30.057
37.3099801520159	37.3100101519919	5948.187	1031.56
67.3099561520351	67.3102261518191	10724.53	1641.838
0.00398999680800255	0.00413999668800265	2.696	1.116
