20.0631939494448	95.5736235411012	2959.254	1703.335
44.4880044095965	99.989740008208	3198.045	2205.34
23.2128614297109	97.2195422243662	3111.476	1782.528
15.9519572384342	94.5483443613245	3112.983	1791.183
0.131779894576084	2.3446781242575	264.423	21.611
0.810639351488519	13.5552491558007	1706.321	190.365
32.1716842626526	99.7629401896478	3005.291	2113.726
60.5217015826387	99.999640000288	3300.442	2087.228
0.613519509184393	10.4734716212227	1198.012	90.329
47.1975222419822	99.993880004896	3203.201	2167.069
35.4927816057747	99.8990200807839	3061.003	2058.695
38.2631893894485	99.930160055872	3130.16	1994.013
5.84195532643574	64.4856684114653	3112.397	1170.237
0.0493199605440316	0.882539293968565	71.689	9.671
7.95073363941309	73.6186811050551	3187.466	1378.469
11.4698808240953	85.5926315258948	3214.162	1632.745
0.197309842152126	3.49163720669023	416.204	31.465
1.563058749553	24.2591205927035	2243.257	425.997
4.23295661363471	53.5740771407383	2913.423	863.877
58.0723135421492	99.999460000432	3309.981	2166.44
0.386979690416248	6.7251546198763	791.487	59.381
19.6492542805966	97.6267018986385	3071.08	1956.209
1.23730901015279	19.9702640237888	2181.324	323.135
41.3722569021945	99.96940002448	3085.496	2071.95
52.9314376548499	99.998740001008	3288.232	2041.643
27.6991378406897	99.0218807824954	3073.692	1780.282
0.197439842048126	3.48281721374623	412.414	32.011
2.12672829861736	31.0559151552679	2375.325	553.72
55.5135955891235	99.999460000432	3334.245	2046.61
50.1592798725761	99.997840001728	3286.735	2201.718
