0.0010999991200007	0.0197999841600127	13.984	1.402
0.00167999865600108	0.0302399758080194	20.45	1.595
0.00291999766400187	0.0525599579520336	35.646	2.52
0.00347999721600223	0.06245995003204	42.271	2.603
0.00604999516000387	0.108539913168069	172.009	6.783
0.00922999261600591	0.165959867232106	108.657	5.358
0.00976999218400625	0.175859859312113	116.119	5.63
0.0117999905600076	0.211679830656135	329.338	11.29
0.0279099776720179	0.498599601120319	882.859	32.386
0.0360699711440231	0.642239486208411	1070.652	41.947
0.0572199542240366	1.01141919086465	1672.169	64.948
0.0928199257440594	1.63349869320105	2578.07	107.525
0.134489892408086	2.3365781307375	3409.464	149.651
0.142949885640091	2.43179805456156	2993.431	160.036
0.224589820328144	3.71915702467438	3753.42	233.909
0.449599640320288	7.1956742434606	5945.106	413.932
0.681499454800436	10.3564717148226	6563.087	560.44
0.977369218104626	13.5566891546487	6140.11	497.232
1.18260905391276	14.3958484833212	4267.26	599.12
2.26464818828145	23.9759808192153	5733.986	826.473
3.5881671294663	31.9679744256205	7830.532	1101.334
5.38786568970745	37.565789947368	8797.871	1288.141
6.67786465770827	31.0157751873799	6326.367	1108.413
11.8060605551516	43.6226051019159	8873.52	1842.797
18.1791854566516	53.9500968399225	11823.971	3038.497
27.2969381624495	63.5251891798487	14770.362	4341.645
34.0720127423898	57.1378942896846	15096.984	5173.859
46.6922026462379	76.8628185097452	18712.479	7067.601
56.4872648101882	85.5258515793187	21399.75	8328.042
64.9440380447696	89.2730885815291	23084.501	9789.576
75.042769965784	97.9471016423187	24435.823	11551.042
83.8607429114057	99.961660030672	24474.285	12444.281
90.577017538386	99.999820000144	24382.293	12565.352
