0.20287983769613	3.5956771234583	5872.196	229.474
26.0936591250727	99.3237405410076	12731.675	3432.016
52.8900676879459	99.998920000864	16817.251	6508.893
0.84389932488054	14.070408743673	14546.689	898.992
4.08829672936262	52.0840383327693	16724.019	1695.637
0.0643299485360412	1.15271907782474	2023.324	73.682
19.3183845452924	97.1977622417902	12662.566	2829.538
60.5217015826387	99.999640000288	17497.791	7445.042
44.6200843039326	99.991180007056	15016.842	5731.68
21.1427430858055	96.933882452894	11969.073	3136.982
0.60986951210439	10.4176716658627	12576.283	669.123
58.0634435492452	99.999460000432	16819.253	7304.121
46.5471627622698	99.98470001224	16473.904	5930.06
0.223279821376143	3.92885685691451	6196.384	249.657
5.97443522045182	65.57178754257	11644.167	1999.592
0.407599673920261	7.08623433101253	9973.921	450.025
55.4382856493715	99.99910000072	16129.696	6921.914
0.123609901112079	2.20193823844941	3796.744	138.913
50.2413898068882	99.99820000144	15510.427	6025.46
27.9519076384739	99.1500406799675	13336.255	3966.124
1.80544855564116	27.6918978464817	16582.966	1537.973
15.548607561114	93.6535650771479	12065.835	2855.115
35.4141616686707	99.8932600853919	13441.688	4811.629
1.22762901789679	19.7816241747007	16203.403	1157.262
2.83455773235381	40.1885678491457	17335.035	1820.203
12.467340026128	89.3913484869212	11730.773	2254.868
41.4247668601865	99.97120002304	14268.352	5035.275
38.4452592437926	99.944020044784	14600.453	5129.908
8.15022347982122	74.928720057024	12243.909	2162.31
30.6677554657956	99.3854804916156	14295.462	4339.41
