0.0130099895920083	0.0131399894880084	3.566	1.224
77.3099481520415	77.3101181519055	4646.981	1482.495
3.5970071223943	3.5972971221623	234.002	66.727
0.00100999919200065	0.00107999913600069	1.802	1.123
0.00600999519200385	0.00611999510400392	2.705	1.033
37.3099801520159	37.3101901518479	2416.292	731.607
0.0939999248000602	0.0941399246880602	11.28	2.423
67.3099561520351	67.3100461519631	4117.149	1342.539
3.5970071223943	3.5972971221623	230.902	66.447
0.0280099775920179	0.028079977536018	5.026	1.397
3.5969971224023	3.5972971221623	233.812	66.335
0.0280099775920179	0.0282599773920181	4.926	1.39
0.00099999920000064	0.00107999913600069	2.037	0.994
8.09200352639718	8.09207352634118	508.266	148.024
0.0420099663920269	0.042119966304027	6.988	1.571
5.39500568399545	5.39513568389145	347.407	101.149
0.474009620792303	0.474119620704303	36.897	9.163
0.0280099775920179	0.028079977536018	4.96	1.418
0.211009831192135	0.211139831088135	18.902	4.155
0.00600999519200385	0.00611999510400392	2.526	1.083
47.3099721520223	47.3100821519343	2911.16	944.54
5.39500568399545	5.39531568374745	344.996	100.463
0.211009831192135	0.211139831088135	18.374	3.782
0.00300999759200193	0.00323999740800207	2.376	1.066
37.3099801520159	37.3101901518479	2303.797	752.47
0.474009620792303	0.474119620704303	40.008	7.892
12.1380002895998	12.1381102895118	752.89	243.046
0.00200999839200129	0.00215999827200138	2.002	0.98
0.711009431192455	0.711179431056455	55.711	12.615
97.3099321520543	97.3100821519343	6131.876	4128.283
77.3099481520415	77.3101181519055	4948.296	1509.203
1.59899872080102	1.59911872070502	112.976	29.778
0.711009431192455	0.711179431056455	53.869	13.34
0.0940099247920602	0.0941399246880602	11.19	2.336
0.0190099847920122	0.0192599845920123	3.885	1.277
1.59900872079302	1.59911872070502	115.624	29.654
37.3099701520239	37.3101901518479	2410.017	725.948
57.3099641520287	57.3101541518767	3508.215	1109.439
77.3099481520415	77.3101181519055	4961.276	1416.353
47.3099721520223	47.3102621517903	2890.703	931.666
0.0130099895920083	0.0133199893440085	3.675	1.298
0.00900999279200577	0.00917999265600588	2.954	1.249
0.0420099663920269	0.042119966304027	6.151	1.546
0.14100988719209	0.14129988696009	14.04	2.968
87.3099401520479	87.3100101519919	5779.574	1714.822
0.14100988719209	0.14129988696009	13.742	2.866
97.3099321520543	97.3100821519343	6138.475	4094.428
1.59900872079302	1.59911872070502	116.794	31.192
0.0630099495920403	0.0631799494560404	8.031	1.768
0.0630099495920403	0.0631799494560404	8.545	1.832
2.39800808159353	2.39813808148954	162.103	43.587
0.00400999679200257	0.00413999668800265	2.418	1.069
27.3099881520095	27.3101181519055	1781.541	539.984
0.0130099895920083	0.0131399894880084	3.514	1.191
2.39800808159353	2.39813808148954	168.404	43.415
12.1380002895998	12.1382902893678	827.765	236.453
18.2069954344037	18.2071654342677	1227.146	353.799
0.00300999759200193	0.00323999740800207	2.416	1.038
0.0130099895920083	0.0131399894880084	3.721	1.226
0.0630099495920403	0.0631799494560404	8.959	1.86
37.3099801520159	37.3101901518479	2243.388	726.021
77.3099481520415	77.3101181519055	4790.055	1330.544
57.3099541520367	57.3101541518767	3681.227	1289.045
1.06600914719268	1.06631914694468	82.598	19.273
0.00600999519200385	0.00611999510400392	2.835	1.096
27.3099781520175	27.3102981517615	1802.212	454.901
47.3099721520223	47.3100821519343	3047.932	941.614
5.39500568399545	5.39513568389145	362.329	100.717
87.3099401520479	87.3100101519919	5632.645	1493.07
0.14100988719209	0.14111988710409	14.566	2.9
0.0420099663920269	0.042119966304027	6.762	1.612
0.00200999839200129	0.00215999827200138	2.038	0.943
1.59900872079302	1.59911872070502	111.749	29.819
18.2069954344037	18.2071654342677	1110.247	356.014
0.0940099247920602	0.0941399246880602	10.811	2.211
0.316009747192202	0.316259746992202	26.947	5.234
87.3099401520479	87.3100101519919	5780.674	1724.237
0.00400999679200257	0.00413999668800265	2.511	1.157
47.3099721520223	47.3100821519343	2932.947	915.377
0.474009620792303	0.474119620704303	34.405	8.465
0.0940099247920602	0.0941399246880602	10.623	2.313
57.3099641520287	57.3101541518767	3872.812	1125.789
3.5970071223943	3.5972971221623	232.022	66.77
0.00900999279200577	0.00917999265600588	2.977	1.131
0.14100988719209	0.14111988710409	14.204	2.915
27.3099881520095	27.3101181519055	1776.123	543.625
0.711009431192455	0.711179431056455	58.612	12.913
0.00900999279200577	0.00917999265600588	2.738	1.084
0.0419999664000269	0.042119966304027	6.259	1.511
12.1379902896078	12.1381102895118	801.628	231.365
0.00300999759200193	0.00323999740800207	2.317	1.013
0.0630099495920403	0.0631799494560404	7.755	1.854
1.06600914719268	1.06613914708868	75.101	19.682
97.3099321520543	97.3100821519343	6251.605	4084.476
2.39800808159353	2.39813808148954	154.849	44.687
67.3099561520351	67.3102261518191	4060.692	1323.073
1.06600914719268	1.06613914708868	76.158	20.376
27.3099881520095	27.3101181519055	1716.334	476.194
0.474009620792303	0.474119620704303	39.905	7.772
67.3099561520351	67.3102261518191	4423.301	1303.853
8.09200352639718	8.09225352619718	535.806	144.915
0.0190099847920122	0.0190799847360122	3.532	1.282
0.00100999919200065	0.00125999899200081	2.018	0.988
0.00400999679200257	0.00431999654400277	2.595	1.081
0.00900999279200577	0.00917999265600588	3.146	1.078
18.2069954344037	18.2071654342677	1212.257	353.992
97.3099321520543	97.3100821519343	5768.332	4041.247
18.2069954344037	18.2071654342677	1182.31	352.797
0.00199999840000128	0.00215999827200138	2.239	1.007
8.09200352639718	8.09225352619718	507.596	151.677
0.211009831192135	0.211139831088135	21.099	3.774
1.06599914720068	1.06631914694468	82.249	19.543
0.00100999919200065	0.00107999913600069	1.994	1.06
87.3099401520479	87.3101901518479	5169.174	1414.337
0.0189999848000122	0.0192599845920123	3.942	1.229
0.316009747192202	0.316079747136202	24.984	5.577
0.00300999759200193	0.00305999755200196	2.328	0.982
0.711009431192455	0.711179431056455	56.476	12.2
0.0279999776000179	0.028079977536018	4.933	1.415
57.3099641520287	57.3101541518767	3466.014	960.918
0.211009831192135	0.211319830944135	18.74	3.844
0.316009747192202	0.316259746992202	25.973	5.266
0.0190099847920122	0.0192599845920123	3.778	1.227
0.00600999519200385	0.00629999496000403	2.859	1.066
8.09200352639718	8.09207352634118	540.378	154.338
12.1380002895998	12.1382902893678	811.377	233.915
5.39500568399545	5.39513568389145	369.367	104.945
67.3099561520351	67.3102261518191	4410.225	1121.516
2.39800808159353	2.39813808148954	164.819	43.829
0.316009747192202	0.316259746992202	24.814	5.629
0.00399999680000256	0.00431999654400277	2.336	1.025
0.00200999839200129	0.00215999827200138	2.302	1.067
