0.0762199390240488	1.35989891208087	852.009	12.419
0.101679918656065	1.79945856043315	1079.848	15.363
1.42775885779291	21.914982468014	3308.549	284.56
0.0329499736400211	0.590579527536378	368.597	6.044
0.0141499886800091	0.253799796960162	159.886	3.842
0.00683999452800438	0.123119901504079	78.013	2.56
7.38132409494072	66.1566070747143	4717.973	1032.588
72.6119219104625	99.997840001728	6351.089	1817.163
2.0263883788893	26.1757590593928	3117.335	362.502
0.0538399569280345	0.960479231616615	593.715	9.392
0.00113999908800073	0.0205199835840131	14.235	1.292
38.0836395330884	91.1396870882503	5449.46	1535.134
51.7734385812491	99.8212601429919	5704.923	1547.7
0.168789864968108	2.94119764704188	1120.973	23.661
0.00250999799200161	0.0451799638560289	29.943	1.567
0.242129806296155	4.16933666453067	1223.107	32.569
2.14793828164937	30.5585755531396	4357.478	390.82
66.5773867380906	99.993160005472	6286.215	1789.569
0.0200199839840128	0.35891971286423	220.137	4.618
33.9092028726377	95.7161834270533	5594.665	1368.475
0.909789272168582	14.6694482644414	2580.639	172.167
0.00774999380000496	0.139139888688089	89.034	2.719
17.0365663707469	87.8318297345362	5553.637	1223.262
0.14094988724009	2.48147801481759	1187.785	18.74
0.441269646984282	7.38125409499672	1566.765	55.918
0.000969999224000621	0.0174599860320112	12.137	1.321
0.00446999642400286	0.0804599356320515	51.799	2.092
78.6542570765943	100.0	6388.617	1697.365
19.2595445923643	72.2496022003182	4832.559	1190.014
59.6045423163661	99.971020023184	5736.472	1778.676
8.09846352122918	56.0611351510919	4093.37	852.021
0.00334999732000214	0.0602999517600386	39.392	1.814
4.76672618661905	51.9720784223373	4215.35	770.735
