0.000779999376000499	0.014039988768009	10.41	1.04
0.00173999860800111	0.03131997494402	21.986	1.482
0.00235999811200151	0.0424799660160272	30.006	1.707
0.00325999739200209	0.0586799530560376	41.303	2.103
0.00383999692800246	0.0691199447040442	50.776	2.17
0.006249995000004	0.112499910000072	82.618	3.082
0.0103499917200066	0.185939851248119	320.522	9.038
0.0105499915600068	0.189899848080122	136.492	4.701
0.0245299803760157	0.440999647200282	598.089	18.438
0.0365099707920234	0.654299476560419	1255.73	37.299
0.0435999651200279	0.779399376480499	1507.136	46.347
0.0504999596000323	0.899459280432576	1719.504	55.569
0.0753299397360482	1.33649893080086	2493.857	82.123
0.1557098754321	2.74139780688175	4831.129	171.148
0.282069774344181	4.83587613129909	7102.049	304.544
0.287719769824184	5.01389598888321	8172.393	309.509
0.505329595736323	8.4398332481334	10222.267	533.566
0.963609229112617	15.593027525578	15187.1	901.098
1.10975911219271	16.9745264203789	12916.625	943.882
1.89840848127321	26.8178185457452	14770.871	1241.527
3.126877498498	34.7729121816703	11039.471	1265.797
3.16494746804203	40.2143078285537	17216.372	1265.196
7.38076409538872	66.1407670873863	14868.551	1849.983
10.8340713327429	74.3368805304956	16007.94	2072.659
12.4074300740559	63.8758288993369	15777.78	2374.856
20.7224234220613	76.3532389174089	18669.846	3246.236
28.5895671283463	82.9421336462931	20750.437	4302.685
42.3760960991231	97.7892417686066	20717.675	9633.943
51.496438802849	99.6893202485438	18741.197	9592.497
56.8722045022364	99.3291405366876	24015.858	12159.305
66.1051871158503	99.977500018	23486.771	12613.159
73.0514815588148	99.999460000432	23990.85	13749.562
78.6709670632263	100.0	24162.975	14811.462
