93.8648449081241	96.3191829446536	13060.792	5556.078
0.0994999204000637	1.43531885174492	64.243	11.218
84.1027727177818	87.6869298504561	12052.419	5002.108
79.1012267190186	82.743053805557	11696.823	4732.642
89.096918722465	92.6570858743313	12943.068	5493.611
69.0914847268122	72.5989819208145	9988.331	4162.877
14.097318722145	17.7494258004594	2128.466	834.107
0.895299283760573	4.39055648755481	252.19	56.824
1.89661848270521	5.52527557977954	390.093	107.979
6.30116495906803	9.95255203795837	1046.519	330.76
2.79929776056179	6.45065483947613	537.998	151.003
49.0945007243994	52.7214178228657	7023.798	2880.379
44.1015547187562	47.7555817955346	6440.073	2580.593
0.301149759080193	2.94659764272189	131.024	26.839
0.196539842768126	2.31569814744148	100.244	17.138
0.600969519224385	3.89303688557049	201.091	40.389
9.40051247959002	13.0390095687923	1467.102	491.671
24.1053807156954	27.7363578109138	3462.515	1450.638
54.0960567231546	57.741613806709	7796.296	3188.519
34.1008127193498	37.7411098071122	5092.828	2031.52
4.20140663887469	7.84187372650102	733.187	224.752
0.400739679408256	3.36437730849815	161.991	33.643
1.30330895735283	4.92281606174715	309.926	81.337
74.0992707205834	77.7298778160977	10462.863	4472.266
59.0976727218618	62.7337298130161	8349.414	3513.975
29.0998967200826	32.748273801381	4138.517	1456.047
98.6465810827351	99.999460000432	13642.495	6001.086
39.096188723049	42.7440258047794	5474.168	2386.871
64.095588723529	67.7317858145714	9240.822	3870.853
19.0915847267322	22.7190418247665	2798.443	1167.559
29.1020867183306	32.7246938202449	4242.881	1462.012
1.30377895697683	4.91291606966714	309.205	83.265
64.103898716881	67.7276458178833	9284.744	3764.035
9.40534247572602	13.0501695598644	1467.611	488.944
49.1024507180394	52.7365378107698	6916.875	2973.096
4.20180663855469	7.83323373341301	720.403	221.982
0.0997699201840639	1.43369885304092	60.866	10.547
