14.099998720001	14.100108719913	1772.039	1019.582
1.30000895999283	1.30013895988883	172.191	95.636
79.0999467200426	79.1000367199706	10366.108	5704.348
69.0999547200362	69.1001447198842	8477.638	4994.78
0.200009839992128	0.200159839872128	29.978	14.803
29.0999867200106	29.1002167198266	3625.034	2086.514
4.20000663999469	4.20011663990669	544.082	319.084
6.30000495999603	6.30017495986003	888.634	536.09
89.099938720049	89.100108719913	11606.575	6396.751
0.300009759992192	0.300239759808192	40.315	21.708
2.80000775999379	2.80007775993779	363.606	207.49
0.400009679992256	0.400139679888256	55.932	30.439
74.0999507200394	74.1000007199994	9233.158	5168.007
0.900009279992576	0.900179279856576	126.228	70.211
99.0999307200554	99.1000007199994	12496.695	9990.33
39.099978720017	39.100108719913	4814.25	2754.914
34.0999827200138	34.1000727199418	4337.03	2333.617
94.0999347200522	94.1001447198842	11474.014	9541.558
49.0999707200234	49.1001807198554	6130.174	3639.435
0.600009519992384	0.600119519904384	81.931	45.168
59.0999627200298	59.1000727199418	7264.802	4237.296
44.0999747200202	44.1001447198842	5714.059	3209.568
1.90000847999322	1.90025847979322	251.47	147.441
64.099958720033	64.100108719913	7918.752	4675.627
19.0999947200042	19.1001447198842	2488.903	1465.117
54.0999667200266	54.1002167198266	7036.624	3992.75
9.40000247999802	9.40013247989402	1241.359	693.978
0.100009919992064	0.100259919792064	16.005	8.218
24.0999907200074	24.1001807198554	3101.686	1649.922
84.0999427200458	84.1000727199418	10696.962	6038.863
