0.37548969960824	6.31511494790804	560.938	34.856
0.627129498296401	10.1440718847425	957.832	56.803
0.00481999614400308	0.0865799307360554	11.108	1.556
0.0185299851760119	0.332279734176213	18.788	2.46
0.0916799266560587	1.62935869651304	349.464	8.811
0.0351499718800225	0.629279496576403	137.429	3.35
1.34662892269686	20.6092635125892	1774.843	121.748
0.149289880568096	2.62421790062568	126.377	16.173
2.85673771460983	36.0984311212551	2159.943	262.224
0.0761999390400488	1.35701891438487	127.436	7.461
14.1579686736251	71.0801431358855	11247.816	1210.772
0.00275999779200177	0.0496799602560318	12.936	1.43
3.34135732691414	36.7565105947915	2364.881	312.003
5.64619548304361	50.000179999856	9912.463	449.897
0.0793199365440508	1.41677886657691	304.495	7.486
0.0127399898080082	0.228599817120146	13.493	2.197
0.0621699502640398	1.10861911310471	75.783	6.253
1.44007884793692	22.1135223091822	4762	133.419
0.112069910344072	1.97387842089726	180.436	10.788
1.35772891381687	20.7754033796773	1439.501	120.306
4.57159634272293	42.0267263786189	3617.382	361.792
20.319743744205	75.1924198460641	22799.552	1522.793
0.000619999504000397	0.0111599910720071	2.762	1.166
0.0063999948800041	0.115199907840074	8.892	1.628
0.0345299723760221	0.617039506368395	62.397	3.61
0.00723999420800463	0.130319895744083	11.388	1.698
1.59618872304902	22.6517218786225	2050.383	137.102
0.0434099652720278	0.776339378928497	54.419	4.485
0.00784999372000502	0.14075988739209	16.054	1.64
0.023409981272015	0.420479663616269	41.302	2.492
6.53146477482818	57.4674740260208	4517.691	526.886
0.117929905656075	2.09267832585734	140.369	11.995
0.00133999892800086	0.0241199807040154	3.989	1.372
0.278109777512178	4.8484761212191	1036.637	26.222
0.000419999664000269	0.00755999395200484	2.779	1.157
0.00199999840000128	0.035999971200023	4.888	1.357
0.0342399726080219	0.613619509104393	31.696	3.483
3.03744757004194	38.5325691739447	3528.574	262.213
0.0555199555840355	0.994319204544636	50.438	6.058
0.00245999803200157	0.0442799645760283	6.144	1.246
0.0114299908560073	0.205379835696131	47.166	1.783
16.0496671602663	81.0206351834918	13751.322	1224.9
8.07471354022917	55.9399952480038	9356.026	597.038
0.100949919240065	1.78829856936114	86.478	9.623
0.00203999836800131	0.0367199706240235	4.236	1.227
0.0201699838640129	0.361979710416232	80.232	2.51
0.00116999906400075	0.0210599831520135	3.344	1.187
0.00279999776000179	0.0503999596800323	4.652	1.397
0.0119099904720076	0.214379828496137	13.356	2.179
7.6537038770369	53.6408570873143	12070.32	594.962
0.804209356632515	12.9720496223603	885.294	73.728
4.65504627596298	50.6413394869284	10248.405	409.684
0.00216999826400139	0.039059968752025	4.671	1.248
0.0208099833520133	0.372239702208238	26.942	2.301
1.92697845841723	27.2134582292334	5835.921	173.136
0.00318999744800204	0.0574199540640368	7.584	1.315
0.618009505592396	10.3228117417506	2197.849	58.281
24.5383203693437	89.7097682321854	16339.391	2079.046
15.0976079219137	75.6022795181764	17221.564	1083.527
3.03571757142594	33.8955928835257	3436.282	246.632
1.26383898892881	19.2711445830843	1012.174	124.833
0.000729999416000467	0.0131399894880084	3.059	1.173
15.578527537178	78.2111974310421	19855.495	1142.86
0.00537999569600344	0.096839922528062	23.46	1.375
0.0129899896080083	0.233279813376149	17.655	2.15
0.4689296248563	7.85267371786103	532.371	44.212
0.000699999440000448	0.0125999899200081	4.764	1.218
0.206159835072132	3.5868571305143	315.094	19.534
0.00682999453600437	0.122759901792079	13.76	1.704
0.0847199322240542	1.50983879212897	73.265	8.265
0.167389866088107	2.91455766835387	140.931	15.578
0.00113999908800073	0.0205199835840131	6.258	1.154
0.00169999864000109	0.0305999755200196	4.62	1.266
0.160169871864103	2.82329774136181	189.655	15.912
10.5315415747667	71.812202550238	7965.226	817.074
0.166229867016106	2.92697765841787	621.905	16.259
0.251149799080161	4.3741765006588	291.22	24.743
0.0162399870080104	0.291239767008186	64.446	2.254
0.119519904384076	2.11859830512136	183.547	11.936
1.91397846881722	27.0159983872013	1935.886	170.982
2.83306773354581	35.8525513179589	2654.229	231.691
0.034389972488022	0.616859506512395	135.084	3.306
0.0220299823760141	0.395999683200253	28.379	2.758
24.0251807798554	87.535369971704	23579.399	1692.491
0.32745973803221	5.60537551569959	1196.879	31.117
0.0368199705440236	0.661499470800423	66.357	3.716
0.368239705408236	6.31385494891604	304.846	38.813
0.00324999740000208	0.0584999532000374	6.642	1.498
20.7311834150533	76.3816788946569	17806.572	1452.474
0.402839677728258	6.89777448178041	456.088	37.498
1.8715185027852	26.503538797169	1474.843	171.336
0.375909699272241	6.42815485747611	573.845	34.925
0.832979333616533	13.4438292449366	2856.475	77.003
4.93454605236316	54.2280166175867	4140.73	440.834
0.00284999772000182	0.0512999589600328	13.205	1.372
2.84407772473782	35.957671233863	7550.032	253.565
0.00756999394400484	0.136079891136087	31.587	1.749
0.585409531672375	9.79181216655027	483.045	60.608
11.2672709861832	78.3874172900662	9731.682	867.856
0.0143399885280092	0.258119793504165	25.493	2.098
0.0105299915760067	0.189179848656121	15.163	1.817
0.653119477504418	10.5685115451908	532.087	62.074
0.00524999580000336	0.0943199245440604	7.142	1.509
6.51787478570017	57.3047541561967	6790.281	512.968
