84.0548327561338	87.1964302428558	14003.088	4259.926
44.0969747224202	47.7298418161265	7374.989	2209.284
4.20244663804269	7.84637372290102	930.743	218.695
49.0978107217514	52.7521977982418	8352.284	2610.885
14.097628721897	17.7348458121233	2680.407	721.021
29.1054467156426	32.760333791733	4779.815	1501.961
94.0950747239402	97.6052819157745	15422.407	10961.746
69.0901347278922	72.5669419464464	11023.989	3651.111
0.299979760016192	2.95307763753789	276.692	21.081
0.901489278808577	4.42169646264283	450.84	50.906
0.176359858912113	1.99655840275328	184.384	13.079
0.0982599213920629	1.41983886412891	121.276	9.037
98.5989511208391	99.9955000036	16098.506	11648.6
39.101528718777	42.7451058039154	6550.204	2011.875
58.8334329332537	61.2206510234792	9432.987	2958.555
1.89809848152121	5.52509557992354	580.57	103.371
19.0993647205082	22.7321818142545	3325.873	992.953
9.39215248627801	13.0271295782963	1739.971	488.223
2.80142775885779	6.44903484077213	715.432	147.242
34.1020727183418	37.7258098193521	6313.428	1739.317
78.7918169665464	81.1273750980999	13014.448	4123.915
6.29710496231603	9.95615203507837	1334.931	330.512
0.601119519104385	3.91715686627451	384.173	36.362
64.095208723833	67.7321458142833	10220.434	3272.271
24.1008007193594	27.7453578037138	4119.601	1241.86
54.0977467218026	57.7297338162129	8833.5	2688.68
89.096948722441	92.7105458315633	14667.646	4956.633
1.29970896023283	4.91021607182714	516.988	78.652
0.399849680120256	3.37409730072216	292.455	28.152
74.1001407198874	77.7593977924818	12010.367	3766.177
34.0973327221338	37.7445298043762	5484.961	1774.902
2.80276775778579	6.42041486366811	740.696	144.428
44.0993247205402	47.7420818063346	7063.604	2311.299
84.1004027196778	87.7322898141682	13171.486	4352.099
79.0979767216186	82.759793792165	13277.065	4042.588
49.1043007165594	52.7307778153777	7870.255	2541.935
