3.5970071223943	3.5972971221623	112.031	69.093
0.00300999759200193	0.00323999740800207	2.353	1.088
1.06600914719268	1.06613914708868	36.184	18.143
0.0190099847920122	0.0190799847360122	4.32	1.298
0.711009431192455	0.711179431056455	26.06	11.322
0.00400999679200257	0.00413999668800265	2.447	1.174
1.59899872080102	1.59911872070502	50.359	30.02
0.00200999839200129	0.0023399981280015	2.449	1.001
2.39800808159353	2.39831808134553	75.751	45.75
0.00599999520000384	0.00629999496000403	3.206	1.2
0.00899999280000576	0.00917999265600588	3.147	1.076
27.3099881520095	27.3102981517615	808.953	555.891
12.1380002895998	12.1381102895118	357.289	243.097
18.2069954344037	18.2071654342677	542.147	365.803
67.3099561520351	67.3102261518191	1965.376	1401.91
0.0280099775920179	0.0282599773920181	4.764	1.481
0.0420099663920269	0.0422999661600271	5.26	1.614
0.0630099495920403	0.0631799494560404	5.669	1.932
0.0940099247920602	0.0943199245440604	6.513	2.339
87.3099401520479	87.3100101519919	2551.389	1815.963
77.3099481520415	77.3101181519055	2249.455	1588.793
0.14100988719209	0.14111988710409	7.873	3.102
0.0130099895920083	0.0131399894880084	3.724	1.146
37.3099801520159	37.3101901518479	1093.178	768.865
5.39500568399545	5.39513568389145	166.788	104.955
0.210999831200135	0.211139831088135	10.279	3.808
0.315999747200202	0.316259746992202	13.306	5.215
0.00100999919200065	0.00107999913600069	2.085	1.085
47.3099721520223	47.3100821519343	1381.557	911.343
0.474009620792303	0.474119620704303	18.535	7.709
97.3099321520543	97.3100821519343	2801.12	2130.616
57.3099641520287	57.3101541518767	1696.912	1104.669
8.09200352639718	8.09207352634118	249.407	155.033
