24.0993807204954	24.4621604302717	5893.451	3492.896
0.600319519744384	0.962639229888616	221.963	72.383
64.099748720201	64.4624484300412	14202.74	9370.433
0.901089279128577	1.26449898840081	288.571	116.116
89.060068751945	89.2840685727451	18043.009	11214.177
69.1009547192362	69.4646444282845	15286.326	9865.809
4.19922664061869	4.55849635320292	1080.417	621.895
59.0971727222618	59.4629524296381	12742.838	8385.69
89.098858720913	89.4658684273053	21548.002	12719.482
0.600839519328385	0.965159227872618	245.263	70.861
54.0994467204426	54.4603964316829	11610.727	7694.393
0.898979280816575	1.26251898998481	273.504	120.173
1.30061895950483	1.66445866843307	403.663	180.147
9.39935248051802	9.76715218627825	2345.073	1365.646
29.0989167208666	29.4661564270749	6847.514	4114.426
6.29949496040403	6.66503466797227	1575.121	909.902
34.0990127207898	34.4622324302141	7592.124	4915.289
49.1000507199594	49.4616204307037	11774.383	7037.705
69.0995747203402	69.4592444326045	15734.636	9996.936
89.099768720185	89.4651484278813	20167.845	12806.505
59.0998427201258	59.4669124264701	14114.765	8593.504
14.098348721321	14.4642484286013	3519.539	2062.645
44.1003447197242	44.4687844249725	10879.261	6467.957
0.101549918760065	0.457739633808293	125.973	16.835
0.198459841232127	0.568079545536364	181.103	25.653
94.1002147198282	94.4668044265565	22185.738	13575.993
2.80057775953779	3.16763746589003	726.206	397.789
24.0984007212794	24.4610804311357	5372.671	3460.818
54.1008667193066	54.4661564270749	12268.182	7802.001
99.0906007275194	99.3777404978076	23956.677	14469.969
2.79962776029779	3.16367746905802	741.901	400.259
0.299519760384192	0.658259473392421	175.03	36.247
79.0983567213146	79.4641764286589	17250.446	11403.186
14.098028721577	14.4638884288893	3565.655	2044.042
94.1009747192202	94.4648244281405	21819.304	13857.422
79.0982467214026	79.4560764351389	18973.505	11311.069
24.1012507189994	24.4610804311357	5692.627	3481.308
84.1006127195098	84.4636724290621	18745.9	12220.242
44.1014047188762	44.4615844307325	10726.207	6485.053
0.601079519136385	0.963719229024617	243.032	71.612
39.101268718985	39.4671284262973	9522.428	5638.373
34.0984027212778	34.4595324323741	8444.798	5054.775
1.30134895892083	1.66427866857707	392.976	178.773
0.398539681168255	0.764279388576489	210.519	47.49
99.0592707525834	99.2807205754235	20693.755	12275.95
54.0998667201066	54.4634564292349	13218.97	7851.467
99.0912607269914	99.3853004917596	21330.958	14438.956
99.0997907201674	99.4652204278237	23668.515	14233.38
69.0996747202602	69.4623044301565	16311.36	9737.532
19.0981847214522	19.4601444318845	4670.773	2763.676
39.099638720289	39.4692884245693	9667.818	5642.581
0.199719840224128	0.563579549136361	169.34	26.868
19.0997147202282	19.4610444311645	4677.149	2866.056
0.198229841416127	0.566099547120362	161.202	26.324
29.1010667191466	29.4663364269309	6704.357	4238.87
1.90031847974522	2.25881819294545	534.415	268.943
89.060068751945	89.2840685727451	19710.51	10727.06
9.40001247999002	9.74987220010224	2080.05	1385.828
69.0988647209082	69.4646444282845	16540.719	9796.312
0.0994299204560636	0.458099633520293	134.874	17.026
0.400789679368256	0.763019389584488	187.081	44.258
94.0998047201562	94.4615844307325	22839.18	13678.796
74.1005307195754	74.4610804311357	17589.488	10782.484
24.0999707200234	24.4636004291197	5309.698	3383.188
1.29928896056883	1.65905867275306	428.01	179.374
64.101198719041	64.4642484286013	15501.733	9322.637
34.0999027200778	34.4654724276221	7472.944	5086.676
0.0992399206080635	0.456299634960292	128.154	16.199
39.098568721145	39.4664084268733	8619.898	5677.819
19.1015047187962	19.4641044287165	4163.224	2702.979
0.601109519112385	0.965519227584618	220.915	72
74.1008807192954	74.4661204271037	16450.81	10972.322
84.1005927195258	84.4661924270461	19776.462	11887.675
0.300069759944192	0.664919468064426	176.877	38.375
6.30030495975603	6.65099467920426	1468.415	943.522
4.20172663861869	4.56173635061092	1080.428	605.73
34.0991427206858	34.4602524317981	8762.945	5249.061
64.100738719409	64.4689284248573	15865.632	9380.247
44.0977747217802	44.4639244288605	9720.584	6452.694
9.40034247972602	9.75923219261425	2240.424	1346.853
0.20273983780813	0.563399549280361	155.572	27.288
0.901549278760577	1.26521898782481	307.143	119.063
29.0989767208186	29.4567964345629	6936.022	4142.22
1.29848896120883	1.66103867116906	368.764	172.231
49.0984207212634	49.4630604295517	10749.468	6947.464
79.0996467202826	79.4627364298109	18006.712	11248.268
49.1003207197434	49.4657604273917	11934.654	7145.914
49.0998607201114	49.4682804253757	10847.464	6954.152
79.0997967201626	79.4641764286589	18852.176	11603.992
1.90071847942522	2.26313818948945	547.454	264.884
84.1020027183978	84.4633124293501	21565.864	13291.171
59.0989627208298	59.4597124322301	13354.868	8415.924
0.29736976210419	0.662939469648424	186.967	36.491
6.29724496220403	6.66467466826027	1533.953	938.433
4.20207663833869	4.56911634470692	984.873	624.302
94.0996147203082	94.4628444297245	20718.362	14221.472
29.1016267186986	29.4596764322589	6538.951	4434.521
59.1003127197498	59.4643924284861	14285.869	8384.361
6.29936496050803	6.66395466883626	1533.09	909.245
4.20177663857869	4.56497634801892	1071.398	620.6
2.79779776176179	3.16601746718603	794.413	399.081
0.399629680296256	0.762299390160488	202.713	47.72
0.300969759224193	0.662579469936424	188.954	35.392
1.89862848109722	2.26511818790545	549.72	267.729
0.0998199201440639	0.454499636400291	129.902	17.606
9.39959248032602	9.76337218930225	2435.751	1413.095
64.097698721841	64.4637084290333	14657.439	9438.35
14.099788720169	14.4671284262973	3208.162	2134.331
74.1004907196074	74.4587404330076	16896.24	10694.523
74.0994907204074	74.4632404294077	17705.906	10624.042
0.897429282056574	1.25783899372881	319.7	112.808
39.100768719385	39.4649684280253	8887.557	5560.645
54.1006167195066	54.4672364262109	12852.928	7749.915
44.0973447221242	44.4585244331805	9928.77	6305.725
14.100578719537	14.4633484293213	3235.134	2043.735
84.1010227191818	84.4690724247421	19035.092	11939.479
1.89955848035322	2.26187819049745	505.412	269.369
2.80134775892179	3.16061747150602	707.236	408.729
0.400939679248257	0.760319391744487	192.953	45.985
19.1013747189002	19.4662644269885	4409.568	2702.412
