0.000899999280000576	0.0161999870400104	11.285	1.071
0.000949999240000608	0.0170999863200109	12.207	1.105
0.00195999843200125	0.0352799717760226	24.634	1.423
0.00224999820000144	0.0404999676000259	29.329	1.527
0.00481999614400308	0.0865799307360554	63.146	2.69
0.00693999444800444	0.12473990020808	142.836	4.261
0.00947999241600607	0.170639863488109	124.005	4.492
0.0115899907280074	0.208439833248133	152.995	5.161
0.0214599828320137	0.385019691984246	702.619	18.978
0.0301599758720193	0.541619566704347	992.765	29.842
0.0516999586400331	0.925559259552592	1796.093	55.452
0.0840399327680538	1.49651880278496	2856.879	93.308
0.0855499315600547	1.51973878420897	2840.594	94.193
0.1557598753921	2.73905780875375	4871.154	171.808
0.256859794512164	4.47641641886687	7318.804	281.606
0.365859707312234	6.27353498117202	9067.637	400.505
0.425579659536272	7.13501429198857	9082.291	472.718
0.963399229280617	15.57718753825	15168.468	910.417
1.13809908952073	17.3734061012751	13060.059	950.645
1.92272846181723	27.1324582940334	13696.846	1221.673
3.10090751927398	39.3197085442332	13011.07	1602.297
3.49377720497824	38.2512293990165	11544.024	1393.798
6.0937751249799	53.6140371087703	13286.854	1754.548
10.8403013277589	74.3979004816796	15632.11	2062.849
15.7982873613701	79.4827164138269	17088.668	2645.3
21.2082730333816	77.7899977680018	18225.912	3318.075
34.7583021933582	98.0776015379188	18298.62	8086.147
42.9875956099235	98.6593610725111	20141.014	9482.643
50.8773292981366	99.3352605317916	21548.179	10457.596
59.0911627270698	99.8974000820799	22165.621	11613.941
66.4099468720425	99.98740001008	24852.595	13251.808
73.0575815539348	99.999640000288	23197.019	13506.829
78.6723270621384	100.0	23930.422	14075.168
