59.0982227214218	62.7501097999122	30950.077	4146.381
29.0996567202746	32.7291938166449	16069.674	1730.324
24.0819107344714	27.4629380296496	13703.346	1448.003
34.0856027315178	37.501709998632	18612.165	2041.446
0.903039277568578	4.44113644709084	2175.825	63.108
79.1028767176986	82.7300938159249	40674.149	4677.008
49.0983107213514	52.7287978169617	26125.176	2886.66
94.0887447290042	97.5768419385264	48662.985	9759.243
39.096478722817	42.7434858052114	21092.701	2283.664
0.0991499206800635	1.43009885592092	906.639	9.882
6.30164495868403	9.94139204688636	4862.348	373.426
14.096058723153	17.7384458092434	8798.422	851.134
19.1013047189562	22.7298418161265	11393.099	1135.57
98.6512310790151	99.999460000432	49768.834	9829.221
74.0888807288954	77.5966779226577	38229.203	4482.545
1.29953896036883	4.89779608176313	2367.164	84.33
4.20379663696269	7.83269373384501	3899.581	254.479
2.80216775826579	6.46019483184413	3167.483	173.627
0.198409841272127	2.3437781249775	1345.344	18.209
0.59445952443238	3.79367696505843	1895.845	42.518
69.1049747160202	72.7671017863186	36053.547	4152.732
54.0995867203306	57.742693805845	28560.171	3294.67
64.095418723665	67.7197258242193	33287.797	3687.154
9.39563248349401	12.9857296114163	7225.266	550.799
44.0993747205002	47.7368618105106	23674.175	2655.885
89.098048721561	92.7404258076593	46471.683	5666.159
0.301639758688193	2.95919763264189	1574.754	25.687
84.1007327194138	87.7450698039442	43266.397	4955.19
1.89521848382521	5.53571557142754	2767.058	119.233
0.401999678400257	3.37445730043416	1790.936	31.986
2.80072775941779	6.45119483904413	3100.44	175.029
64.098988720809	67.6950658439473	33461.616	3818.374
9.39798248161402	13.0433295653363	6357.667	561.664
0.399139680688255	3.36815730547416	1780.362	31.614
89.097648721881	92.7199058240753	45836.267	5657.108
6.30357495714003	9.93077205538236	4979.139	381.842
14.104818716145	17.7388058089554	8870.497	838.32
69.0975847219322	72.7473018021586	35887.074	4160.255
0.298019761584191	2.94443764444988	1584.993	24.83
0.0998899200880639	1.42955885635291	872.474	9.984
74.1018107185514	77.7503977996818	38783.175	4505.524
0.198359841312127	2.32829813736149	1340.74	17.865
19.1019447184442	22.7289418168465	11138.615	1170.279
59.0972127222298	62.7367898105682	30905.41	3517.989
94.0985347211722	97.7248018201585	48617.734	9833.782
39.102768717785	42.7568057945554	21066.682	2314.786
44.1012047190362	47.7343418125266	23347.725	2600.513
84.1005127195898	87.7362498110001	43786.027	5038.682
49.0964707228234	52.7059378352497	25962.622	2981.172
4.19863664109069	7.83611373110902	3811.301	257.551
1.89436848450521	5.53427557257954	2666.983	118.522
24.0989507208394	27.7500377999698	13861.104	1480.102
34.0971627222698	37.7166298266961	18628.989	2084.055
29.1000367199706	32.751153799077	16054.713	1760.848
