0.0629999496000403	0.0631799494560404	9.224	2.442
2.39800808159353	2.39813808148954	187.268	51.855
0.0939999248000602	0.0943199245440604	12.21	3.089
97.3099321520543	97.3100821519343	6814.14	1832.219
0.14100988719209	0.14111988710409	15.385	3.849
67.3099561520351	67.3102261518191	4960.493	1308.634
0.00899999280000576	0.00917999265600588	2.879	1.195
0.711009431192455	0.711179431056455	59.516	15.863
0.316009747192202	0.316079747136202	30.338	6.909
0.211009831192135	0.211139831088135	21.307	5.162
0.00200999839200129	0.00215999827200138	2.115	1.093
1.06600914719268	1.06613914708868	89.614	22.722
77.3099381520495	77.3101181519055	5193.28	1542.312
0.00400999679200257	0.00413999668800265	2.321	1.161
47.3099721520223	47.3100821519343	3140.715	931.874
27.3099881520095	27.3101181519055	1937.255	549.38
3.5970071223943	3.5972971221623	253.659	76.463
0.474009620792303	0.474119620704303	43.881	10.448
87.3099401520479	87.3101901518479	6180.807	1704.195
0.0420099663920269	0.042119966304027	6.287	1.962
0.0280099775920179	0.028079977536018	5.204	1.691
8.09200352639718	8.09225352619718	591.181	162.155
0.00600999519200385	0.00629999496000403	2.671	1.114
12.1379902896078	12.1381102895118	838.941	249.976
0.0190099847920122	0.0192599845920123	4.05	1.51
57.3099641520287	57.3101541518767	4067.965	1136.841
18.2069954344037	18.2071654342677	1242.781	369.332
0.00100999919200065	0.00107999913600069	2.074	1.094
0.0130099895920083	0.0131399894880084	3.458	1.309
5.39500568399545	5.39513568389145	373.056	112.922
0.00300999759200193	0.00305999755200196	2.434	1.058
1.59900872079302	1.59911872070502	121.363	35.947
37.3099801520159	37.3100101519919	2517.635	561.364
