88.9541888366489	91.6262266990186	45812.944	5476.575
94.0993047205562	97.7375818099346	48685.689	5757.536
98.6318410945271	99.998560001152	49320.76	6030.491
94.0985347211722	97.7248018201585	48639.977	5685.025
98.6289310968551	99.998920000864	49030.693	5909.971
94.0019447984442	96.813102549518	48500.329	5704.955
94.0160447871642	96.918222465422	48227.838	5756.606
88.9036988770409	91.4347068522345	45080.508	5327.046
89.061588750729	92.2796261762991	45504.411	5372.291
98.6745210603832	99.999820000144	49239.62	5942.101
89.102448718041	92.7485258011794	45859.04	5358.132
98.6036311170951	99.996760002592	49479.428	5851.667
