27.3099881520095	27.3102981517615	1794.721	534.372
0.0130099895920083	0.0131399894880084	3.533	1.488
87.3099401520479	87.3101901518479	5653.285	1574.083
27.3099881520095	27.3101181519055	1813.109	531.443
0.00200999839200129	0.00215999827200138	2.067	1.178
0.211009831192135	0.211139831088135	22.207	4.968
0.0940099247920602	0.0941399246880602	11.51	3.063
47.3099721520223	47.3102621517903	2845.94	954.057
0.00300999759200193	0.00305999755200196	2.52	1.18
0.0190099847920122	0.0192599845920123	4.11	1.489
2.39799808160153	2.39831808134553	174.845	45.715
2.39799808160153	2.39813808148954	159.192	47.393
37.3099801520159	37.3101901518479	2300.459	757.594
0.316009747192202	0.316079747136202	25.943	6.861
0.0630099495920403	0.0631799494560404	8.456	2.47
0.00900999279200577	0.00917999265600588	2.921	1.306
37.3099801520159	37.3101901518479	2458.719	743.191
0.0280099775920179	0.0282599773920181	4.92	1.782
0.00100999919200065	0.00125999899200081	2.108	1.06
0.14100988719209	0.14129988696009	15.397	3.853
1.06600914719268	1.06613914708868	85.138	18.725
57.3099641520287	57.3101541518767	3700.266	1117.796
0.00200999839200129	0.00215999827200138	2.203	1.047
2.39800808159353	2.39813808148954	162.581	47.553
18.2069954344037	18.2071654342677	1203.331	353.814
67.3099561520351	67.3102261518191	4037.914	1352.37
97.3099321520543	97.3100821519343	5906.96	1637.764
0.0420099663920269	0.042119966304027	6.927	2.078
12.1380002895998	12.1381102895118	757.221	242.549
27.3099881520095	27.3101181519055	1849.898	547.473
0.00398999680800255	0.00413999668800265	2.629	1.161
5.39500568399545	5.39513568389145	348.399	87.011
0.0940099247920602	0.0941399246880602	11.532	3.056
1.59900872079302	1.59929872056102	112.779	32.404
87.3099401520479	87.3100101519919	5338.7	1608.311
0.0630099495920403	0.0631799494560404	9.397	2.306
0.00300999759200193	0.00305999755200196	2.205	1.152
0.00200999839200129	0.00215999827200138	2.025	1.159
12.1380002895998	12.1381102895118	795.701	236.985
97.3099321520543	97.3102621517903	6274.496	1913.391
67.3099561520351	67.3100461519631	4388.878	1227.778
0.00299999760000192	0.00323999740800207	2.342	1.27
0.474009620792303	0.474119620704303	37.252	10.281
8.09199352640518	8.09207352634118	537.292	158.553
0.0420099663920269	0.0422999661600271	6.907	2.152
57.3099641520287	57.3101541518767	3724.45	1135.891
47.3099721520223	47.3100821519343	2895.618	933.866
0.474009620792303	0.474299620560304	41.657	10.192
5.39500568399545	5.39513568389145	368.384	101.531
0.14099988720009	0.14111988710409	17.028	3.867
0.00900999279200577	0.00917999265600588	3.119	1.264
87.3099401520479	87.3100101519919	5376.312	1507.21
3.5970071223943	3.5971171223063	238.433	72.977
0.0279999776000179	0.0282599773920181	5.178	1.636
0.00600999519200385	0.00611999510400392	2.895	1.138
0.211009831192135	0.211139831088135	20.269	5.092
87.3099401520479	87.3100101519919	5663.269	1524.225
0.00200999839200129	0.00215999827200138	2.22	1.093
0.0630099495920403	0.0631799494560404	8.962	2.514
0.14100988719209	0.14111988710409	15.295	3.854
57.3099641520287	57.3101541518767	3708.336	1049.746
8.09200352639718	8.09225352619718	490.354	151.38
0.00400999679200257	0.00413999668800265	2.421	1.129
0.00100999919200065	0.00125999899200081	2.104	1.113
12.1379902896078	12.1381102895118	838.872	245.277
97.3099221520623	97.3100821519343	5904.362	2377.905
0.00100999919200065	0.00107999913600069	2.151	1.048
0.00100999919200065	0.00125999899200081	2.072	1.163
3.5970071223943	3.5971171223063	230.385	69.871
0.00600999519200385	0.00611999510400392	2.687	1.221
5.39500568399545	5.39531568374745	362.514	105.763
0.0630099495920403	0.0631799494560404	9.131	2.505
0.00400999679200257	0.00413999668800265	2.437	1.199
1.06600914719268	1.06613914708868	86.199	22.021
27.3099881520095	27.3101181519055	1799.02	543.658
5.39500568399545	5.39513568389145	364.405	102.154
0.211009831192135	0.211139831088135	20.369	5.279
0.0420099663920269	0.042119966304027	6.873	2.156
0.0190099847920122	0.0190799847360122	3.838	1.483
37.3099801520159	37.3101901518479	2280.944	741.415
77.3099481520415	77.3101181519055	4666.979	1505.677
0.00900999279200577	0.00917999265600588	3.214	1.317
1.59900872079302	1.59911872070502	118.308	31.956
0.0130099895920083	0.0131399894880084	3.549	1.264
18.2069854344117	18.2071654342677	1132.011	363.756
77.3099481520415	77.3101181519055	4632.778	1298.464
18.2069954344037	18.2071654342677	1215.506	370.136
0.710999431200455	0.711179431056455	60.446	14.529
1.06600914719268	1.06631914694468	78.364	21.943
0.316009747192202	0.316259746992202	30.963	7.207
0.00599999520000384	0.00611999510400392	2.732	1.143
0.0190099847920122	0.0190799847360122	4.073	1.637
0.0420099663920269	0.042119966304027	6.473	2.057
67.3099561520351	67.3100461519631	4421.336	1310.043
2.39800808159353	2.39831808134553	169.874	46.176
0.00600999519200385	0.00629999496000403	2.736	1.183
0.711009431192455	0.711179431056455	60.046	14.198
67.3099561520351	67.3102261518191	4419.785	1332.458
0.316009747192202	0.316079747136202	27.27	7.412
77.3099481520415	77.3101181519055	4628.907	1448.839
37.3099801520159	37.3101901518479	2269.725	712.109
0.0940099247920602	0.0941399246880602	11.025	3.144
3.5970071223943	3.5972971221623	232.139	69.429
0.0940099247920602	0.0941399246880602	11.863	3.062
0.710999431200455	0.711179431056455	56.195	14.043
0.711009431192455	0.711179431056455	60.5	14.421
0.474009620792303	0.474119620704303	44.33	8.926
47.3099721520223	47.3100821519343	2911.405	933.547
47.3099721520223	47.3102621517903	3088.004	929.949
0.14100988719209	0.14111988710409	14.715	3.861
0.211009831192135	0.211139831088135	19.005	5.126
0.00400999679200257	0.00431999654400277	2.583	1.057
0.0279999776000179	0.028079977536018	5.209	1.587
3.5969971224023	3.5972971221623	238.43	69.045
12.1380002895998	12.1381102895118	772.106	212.324
0.474009620792303	0.474119620704303	40.011	10.273
8.09200352639718	8.09207352634118	537.112	147.233
1.59900872079302	1.59911872070502	117.785	32.296
0.0280099775920179	0.028079977536018	4.844	1.685
1.59900872079302	1.59929872056102	118.542	31.608
77.3099481520415	77.3101181519055	4696.43	1507.602
0.00300999759200193	0.00323999740800207	2.497	1.139
8.09200352639718	8.09225352619718	547.039	148.389
0.0189899848080122	0.0190799847360122	4.613	1.63
97.3099321520543	97.3100821519343	6378.58	1815.354
0.0129999896000083	0.0131399894880084	3.515	1.377
0.0129999896000083	0.0131399894880084	3.825	1.315
0.00899999280000576	0.00899999280000576	3.199	1.293
18.2069954344037	18.2071654342677	1211.598	369.147
1.06600914719268	1.06613914708868	83.323	21.736
0.316009747192202	0.316079747136202	28.498	6.933
57.3099641520287	57.3101541518767	3739.846	1116.089
