59.0999627200298	59.1000727199418	2160.567	1345.185
19.0999947200042	19.1001447198842	703.016	394.565
4.20000663999469	4.20029663976269	157.119	96.32
89.099938720049	89.100108719913	3262.427	1751.331
0.900009279992576	0.900179279856576	36.197	20.733
74.0999507200394	74.1001807198554	2721.228	1664.012
9.40000247999802	9.40013247989402	351.555	211.973
39.099978720017	39.100108719913	1434.569	895.388
94.0999347200522	94.1001447198842	3417.343	2123.842
1.30000895999283	1.30013895988883	54.232	26.539
14.099998720001	14.100108719913	517.854	324.308
54.0999667200266	54.1002167198266	1964.378	1220.973
1.90000847999322	1.90025847979322	76.937	44.94
0.400009679992256	0.400139679888256	20.429	9.094
0.300009759992192	0.300239759808192	15.758	7.155
34.0999827200138	34.1002527197978	1258.869	762.013
24.0999907200074	24.1001807198554	892.866	521.479
84.0999427200458	84.1000727199418	3083.88	1687.566
6.30000495999603	6.30017495986003	235.659	145.011
44.0999747200202	44.1001447198842	1636.412	804.267
0.600009519992384	0.600119519904384	27.339	13.941
79.0999467200426	79.1002167198266	2930.134	1412.111
64.099958720033	64.100108719913	2384.792	1522.108
0.200009839992128	0.200159839872128	11.809	5.795
0.100009919992064	0.100259919792064	7.131	3.315
69.0999547200362	69.1001447198842	2470.178	1559.865
2.80000775999379	2.80007775993779	110.609	65.476
99.0999307200554	99.1000007199994	3592.077	2223.67
29.0999867200106	29.1002167198266	1071.212	664.451
49.0999707200234	49.1001807198554	1776.409	1021.66
0.900009279992576	0.900179279856576	36.11	20.564
69.0999547200362	69.0999647200282	2484.951	1596
19.0999947200042	19.1003247197402	682.076	430.576
0.300009759992192	0.300239759808192	16.016	7.133
64.099958720033	64.100288719769	2339.535	1457.343
0.600009519992384	0.600119519904384	26.349	13.441
4.20000663999469	4.20011663990669	162.498	97.479
99.0999307200554	99.1000007199994	3568.253	2223.42
