0.139289888568089	1.84031852774518	5574.867	1420.397
5.39553568357145	9.02987277610178	5543.631	1458.287
0.00301999758400193	0.0539999568000346	5570.526	1472.638
0.209959832032134	2.41469806824155	5135.51	1194.63
97.1907122474302	99.7960601631519	5363.803	1619.675
0.00105999915200068	0.0190799847360122	5509.61	1451.354
1.60246871802503	5.23313581349135	5675.274	1338.952
0.0428799656960274	0.696419442864446	5676.071	1474.04
47.3068521545183	50.9421192463046	5759.513	1192.223
67.3133261493391	70.9469432424454	5648.572	1564.051
27.3135181491855	30.9534952372038	5577.114	1530.119
1.06436914850468	4.61987630409896	5044.652	1466.529
12.1411902870478	15.7969673624261	5120.912	1073.105
0.473639621088303	3.5908171273463	5106.264	1455.967
0.0191099847120122	0.327059738352209	5085.628	982.646
3.5959471232423	7.23995420803663	5601.76	1486.174
87.3167201466239	90.9478072417542	5304.698	1502.044
57.3108541513167	60.952271238183	5624.327	1490.617
0.00403999676800259	0.0721799422560462	5180.18	1449.92
0.0955199235840611	1.38023889580888	5535.459	1490.057
0.0282099774320181	0.475919619264305	5188.849	1451.635
0.00876999298400561	0.154979876016099	5501.643	1443.126
0.0642999485600411	0.997199202240638	5103.566	1146.016
0.00597999521600383	0.107459914032069	5266.426	1156.234
8.09672352262118	11.7421106063115	5092.245	1332.524
0.313359749312201	3.00617759505792	5183.242	1299.472
0.710979431216455	4.13351669318665	5167.112	1225.096
0.0129999896000083	0.228779816976146	5762.813	1454.227
2.40460807631354	6.02909517672386	5603.514	1429.863
18.2037954369636	21.84406252475	5145.665	1064.807
37.3101201519039	40.9431272454982	5594.426	1506.862
0.00190999847200122	0.0341999726400219	5141.147	1485.391
77.3087881529695	80.9489952408038	5823.165	1409.29
