44.0999747200202	44.1001447198842	5438.824	3167.449
1.90000847999322	1.90025847979322	242.231	148.862
1.30000895999283	1.30013895988883	165.091	96.487
84.0999427200458	84.1000727199418	10354.744	5786.39
6.30000495999603	6.30017495986003	781.962	481.318
74.0999507200394	74.1000007199994	9609.058	5168.002
0.900009279992576	0.900179279856576	114.128	70.7
49.0999707200234	49.1001807198554	6004.303	3606.292
0.100009919992064	0.100079919936064	15.98	7.918
39.099978720017	39.100108719913	4981.97	2892.294
69.0999547200362	69.1001447198842	8596.992	4841.047
24.0999907200074	24.1001807198554	2980.111	1745.333
0.200009839992128	0.200159839872128	29.572	15.639
64.099958720033	64.100108719913	7788.86	4490.856
9.40000247999802	9.40013247989402	1137.507	690.169
94.0999347200522	94.1001447198842	11079.477	9153.555
19.0999947200042	19.1001447198842	2391.404	1400.301
4.20000663999469	4.20011663990669	515.807	306.804
2.80000775999379	2.80007775993779	355.524	202.761
54.0999667200266	54.1002167198266	6761.997	3964.857
89.099938720049	89.100108719913	10758.312	6411.665
0.400009679992256	0.400319679744256	54.998	29.705
99.0999207200634	99.1000007199994	12664.031	10343.338
79.0999467200426	79.1002167198266	10074.15	5609.826
59.0999627200298	59.1002527197978	7441.154	4208.912
14.099998720001	14.100108719913	1786.089	1006.461
0.600009519992384	0.600119519904384	84.235	48.926
34.0999827200138	34.1002527197978	4205.109	2574.702
29.0999867200106	29.1000367199706	3660.71	2159.92
0.300009759992192	0.300059759952192	43.82	24.986
