0.0855399315680547	1.49939880048096	61.967	11.793
60.2194818244145	82.5412739669808	8975.686	4819.827
32.849523720381	60.1235519011585	5705.627	2174.885
0.528169577464338	8.17991345606923	1686.8	50.703
41.1153271077383	64.5049283960573	6872.237	3182.233
2.78461777230578	28.3406173275061	1196.537	230.872
1.21300902959278	16.0466271626983	3233.41	111.133
48.8330809335352	81.8232545413964	12846.23	3360.152
19.1026747178602	55.4345556523555	6660.486	1280.553
0.398469681224255	6.53777476978018	630.078	39.864
38.5474091620727	69.1851046519163	11176.578	2625.116
1.24013900788879	14.2653485877211	810.339	104.716
23.9153808676953	57.834493732405	4775.08	1712.408
0.412799669760264	6.35777491378007	527.841	40.723
0.0971299222960622	1.70531863574509	352.816	11.121
0.700599439520448	10.0837719329825	601.87	64.42
32.4456840434528	58.4063532749174	6257.154	2700.525
53.13018749585	81.4895348083722	8830.007	3677.398
48.5828811336951	79.4236764610588	8947.613	4014.954
0.277679777856178	4.63751628998697	437.038	29.026
6.53064477548418	27.6312378950097	4417.639	472.951
33.9966228027018	68.8558849152921	10698.579	2366.464
27.7437378050098	54.5948563241149	5309.061	2295.246
38.6972590421928	70.4755236195811	9666.134	2485.125
23.8427909257673	56.9017344786124	4960.539	2010.996
8.64427308458153	36.6866706506635	2257.463	628.919
0.101319918944065	1.77605857915314	105.166	13.111
4.19466664426668	34.31031255175	5885.653	340.174
0.400469679624256	6.57269474184421	263.954	39.545
0.293269765384188	4.91381606894714	287.756	31.47
6.26573498741201	39.095788723369	2192.475	473.56
4.19885664091469	34.2030326375739	3330.27	337.07
58.9425828459337	92.9864856108115	10767.942	4927.476
14.104378716497	50.3058197553442	3409.625	1042.77
54.0164167868666	89.127828697737	12936.733	3556.432
63.7768989784808	95.7548833960933	14376.353	4250.49
38.8213689429048	71.6791826566539	7678.077	3116.113
0.399859680112256	6.55289475768419	1356.588	39.918
19.0996247203002	55.4829756136195	4110.503	1386.624
5.96669522664382	35.2257918193665	5691.795	474.976
9.39836248131001	44.6410442871646	2608.931	826.672
0.899109280712575	13.1810294551764	1175.176	83.8
22.5215419827664	48.6699810640151	8371.05	1543.454
43.8583149133481	77.1104983116013	7585.719	3083.621
29.0853367317306	65.2481478014818	10201.403	2010.403
34.0907327274138	70.302183758253	9171.607	2222.302
6.29470496423603	39.6987882409694	2027.854	479.788
38.9052788757769	72.7635017891986	7106.937	2791.833
55.4463156429475	78.0047375962099	8722.216	3629.136
43.9636548290761	78.4554572356342	11619.25	2845.82
44.0631847494522	79.9046360762911	12270.461	3048.651
2.68426785258572	26.538098769521	1431.335	226.75
14.038708769033	49.2288806168955	7780.633	1064.743
0.704119436704451	10.0817919345665	2094.932	67.602
19.0885847291322	55.4255556595555	4227.332	1610.263
1.65701867438506	16.2770269783784	2938.217	138.052
53.3382673293861	82.7360338111729	9563.214	4395.49
3.97966681626655	31.0107351914118	1682.091	325.408
0.595229523816381	9.33011253590997	547.72	58.348
48.9491808406553	83.2551533958773	11876.464	3154.259
0.193139845488124	3.30839735328212	689.727	20.659
0.402059678352257	6.58943472845222	384.278	40.376
1.20154903876077	15.8857072914342	666.194	108.813
14.099898720081	50.3131997494402	3439.172	1233.72
0.200169839864128	3.4356572514742	134.909	20.888
7.01950438439649	29.2289166168667	2948.473	479.047
47.2203422237262	72.6416418866865	7694.977	3225.936
62.493570005144	88.5318491745207	13835.897	4072.963
52.9971876022499	80.7907753673797	13082.739	3632.685
0.745149403880477	10.6792114566308	419.809	69.222
0.597689521848383	9.35009251992598	360.847	56.94
0.0818399345280524	1.43675885059292	128.997	10.681
23.8815408947673	57.3618141105487	6920.635	1586.224
58.7694929844056	90.9893872084902	13645.327	3726.224
29.0986467210826	65.4862876109699	5593.978	2098.348
4.18632665093868	34.0937727249818	1561.166	409.651
18.4286152571078	48.2307814153749	7385.209	1290.343
0.236689810648151	3.94325684539452	152.775	24.39
5.87929529656376	34.300952559238	3381.077	444.134
63.1858594513124	91.6352266918186	11165.057	5195.269
1.25908899272881	16.8528465177228	1508.764	112.258
1.69571864342509	19.5854243316605	3824.943	149.094
1.89984848012122	22.7082418334065	931.331	165.664
0.28191977446418	4.70699623440301	975.992	28.909
28.8850468919625	62.442130046296	8067.447	1925.558
0.177969857624114	3.03263757388994	181.39	19.606
14.089748728201	50.048239961408	5300.101	979.304
0.201649838680129	3.45113723909021	323.049	22.061
1.29606896314483	17.4261460590832	1020.23	117.492
2.79595776323379	28.4783172173462	2558.028	312.59
1.70603863516909	19.7227642217886	1659.98	148.752
58.9455428435657	93.0165455867635	14273.206	4142.489
44.0098547921162	79.0370367703706	11025.123	2860.89
0.297699761840191	4.9926560058752	1028.676	31.61
1.89920848063322	22.7300218159825	930.637	163.757
5.9419752464198	34.9282520573984	3522.614	431.698
1.27325898139281	17.1089863128109	3475.477	116.911
49.0534507572394	84.6157723073822	12004.484	3216.329
6.29629496296403	39.7122882301694	6599.418	506.348
1.80240855807315	21.1215431027655	1924.459	155.934
23.9644408284473	58.4841132127094	9108.251	1717.43
38.9837688129849	73.7603409917272	7367.374	3211.421
29.1011467190826	65.4999676000259	8225.589	1921.557
0.334599732320214	5.22053582357134	1105.355	34.187
17.4071960742431	43.1646854682516	5137.93	1151.686
0.299199760640191	5.02631597894722	487.304	31.203
0.100399919680064	1.76201859038513	73.249	13.689
48.2635113891909	77.2492782005774	8653.004	4052.644
14.093518725185	50.0784799372161	5279.893	961.636
53.7804669756264	86.1796110563112	9620.966	4531.062
1.89493848404921	22.6812418550065	4437.291	170.171
63.0690595447524	90.9838072129542	14441.161	4188.905
6.27993497605202	39.3715485027612	2149.325	477.806
22.8312817349746	49.966880026496	6330.07	1478.167
0.397359682112254	6.51041479166817	1361.288	40.495
35.3982016814387	57.9007336794131	5997.173	2276.772
16.6491666806667	40.7654673876261	6296.732	1162.631
33.9795428163657	68.74392500486	10574.331	2507.54
