34.0965927227258	99.6943602445118	45674.414	4418.982
31.1196251042999	99.5024803980157	45477.396	3999
25.067629945896	98.7214610228312	44742.408	3254.071
15.2675477859618	92.9497656401875	43415.972	1339.044
50.056529954776	99.997840001728	48729.348	6660.052
19.0130647895482	96.6950226439819	44256.802	3126.451
16.0993671205063	94.9047440762047	43367.137	2157.148
46.5858327313338	99.984340012528	48382.407	6256.385
19.5148543881165	97.4650620279504	44465.627	2631.969
12.4025600779519	89.105508715593	43208.906	1119.313
47.4669020264784	99.995140003888	47983.853	6533.756
12.9687996249603	91.1427470858023	43283.799	1184.388
28.5300471759623	99.3797204962236	45553.195	3761.661
32.5832139334289	99.8446601242719	45547.501	4330.796
20.9187532649974	96.6811626550699	44490.118	2601.075
22.2552321958142	98.1609414712468	44629.297	2981.954
15.2473678021058	92.8684057052754	43455.311	1365.872
55.5371655702675	99.999460000432	48760.859	7415.581
55.5286355770915	99.999460000432	48431.731	7358.083
44.3109145512684	99.987220010224	47401.792	7633.961
9.16325266939787	80.7490154007877	41143.245	878.445
41.2306670154664	99.961120031104	50598.973	5566.398
32.5779739376208	99.8502401198079	46223.531	4399.938
35.1095419123665	99.8520401183679	46418.703	4712.105
11.3173009461592	84.9635320291744	41371.026	1043.908
24.0774807380154	97.9822016142387	44770.139	3042.843
38.7381190095048	99.96580002736	46789.991	5374.666
37.0035403971677	99.8079401536479	46367.832	4831.639
27.9597476322019	99.1367206906234	45283.551	3639.496
58.0760235391812	99.999460000432	48922.974	7830.731
34.8462921229663	99.8129801496159	46814.299	4462.516
22.9305216555827	98.7691609846712	44310.489	3059.936
9.38629249096601	81.9897544081965	41274.73	873.645
60.5217015826387	99.999640000288	49724.826	8220.969
20.4492336406131	96.0868031305575	44065.091	2581.128
52.7750777799378	99.99820000144	48752.078	7173.487
58.0754135396692	99.999460000432	49164.891	7898.795
58.0766335386932	99.999460000432	48867.42	7696.246
27.1923382461294	98.7634009892792	44892.96	3352.539
41.3032069574344	99.967420026064	47063.627	5559.018
40.1434578852337	99.8965000827999	46570.98	5173.102
50.2433098053522	99.998020001584	48175.493	6678.235
18.5736551410759	95.9843832124934	43555.048	2448.86
52.8940276847779	99.998740001008	48505.048	7097.902
60.5217015826387	99.999640000288	49032.358	8072.607
9.58377233298213	83.1172735061812	42822.701	882.251
25.1472698821841	98.7661009871192	44873.402	3168.586
44.5440243647805	99.990640007488	47307.818	5859.046
60.5229315816547	99.999640000288	50095.633	8319.697
52.7236678210657	99.998020001584	48499.709	7106.924
49.6045203163837	99.995320003744	47818.906	6734.298
6.24113500709199	67.8075657539474	38453.261	612.279
47.4499620400304	99.995320003744	48338.056	6481.499
50.06414994868	99.997840001728	48204.561	6714.003
34.5471723622621	99.7739201808639	46209.986	4562.026
28.3244473404421	99.3079005536796	45224.606	3845.856
37.46310002952	99.8597801121759	47211.441	4925.633
55.5398755680995	99.999460000432	48673.565	7407.83
44.4718744225005	99.98920000864	47131.715	7771.105
23.5243611805111	97.5102419918064	44557.691	2942.023
60.5204015836787	99.999640000288	49354.799	8037.743
46.5419327664538	99.983260013392	47830.401	6314.116
9.59011232791014	83.0737135410292	42252.957	906.069
37.3708301033359	99.8495201203839	47052.827	4986.896
19.5756443394845	97.5331019735184	43606.725	2590.689
58.0594735524212	99.999640000288	49541.183	7899.543
16.3338469329225	95.4074836740131	43458.478	2296.966
52.8956776834579	99.998920000864	48679.69	7299.657
41.6364966908026	99.979480016416	46932.779	5647.022
43.8734849012121	99.975880019296	47103.385	5738.933
30.8702353038118	99.4443404445276	45734.512	3838.318
12.8469297224562	90.7244274204581	42928.062	1128.729
55.5407455674035	99.999460000432	48748.859	7355.49
