6.19800504159597	37.9718696225043	5417.027	1624.268
84.415522467582	99.8722001022399	6109.896	1794.702
44.0717047426362	80.0997559201953	5626.468	1718.519
1.44492884405692	16.5214667828266	5846.053	1620.263
2.80022775981779	28.4860572111542	5922.92	1651.651
23.8339509328393	56.7742945805643	5446.638	1672.171
80.9093152725478	99.6250602999518	6023.193	1759.35
0.897579281936574	13.1547494762004	5477.051	1378.083
73.0092615925907	98.7803209757432	5613.746	1591.356
68.5664351468519	98.1184615052308	5546.333	1777.702
63.4607192314246	93.2660253871797	5569.691	1546.426
0.465119627904298	7.19747424202061	5792.627	1189.085
39.086508730793	75.2017798385761	5943.194	1381.145
58.5488531609175	89.143128685497	5562.495	1746.681
1.29573896340883	17.4356860514512	5765.209	1537.37
48.0714215428628	76.0920591263527	6026.443	1729.578
0.198839840928127	3.40829727336218	5779.925	1363.951
14.077728737817	50.055439955648	5812.572	1664.161
25.7864693708245	48.7335210131832	6313.715	1580.496
91.5638867488906	100.0	5717.496	1811.284
53.9874168100665	88.7307490154008	5620.095	1384.419
88.6580290735767	99.999640000288	6413.778	1801.28
0.299449760440192	5.02361598110722	5904.429	1618.089
2.58498793200965	20.0134639892288	5804.042	1589.197
0.0688299449360441	1.20347903721677	5357.395	1308.085
18.716585026732	50.5500795599363	5831.585	1306.224
0.400069679944256	6.55235475811619	5408.328	1504.563
76.4542088366329	98.2990013607989	6077.415	1309.324
34.0335927731258	69.6108043113565	6034.459	1675.557
9.39078248737401	44.6504042796766	5772.435	1634.894
