49.0999707200234	49.1001807198554	1779.237	917.474
79.0999467200426	79.1002167198266	2884.913	1550.089
94.0999347200522	94.1001447198842	3437.775	2514.917
2.80000775999379	2.80007775993779	104.422	61.243
0.400009679992256	0.400319679744256	16.644	7.461
9.40000247999802	9.40013247989402	351.755	208.463
6.30000495999603	6.30017495986003	244.869	140.488
59.0999627200298	59.1000727199418	2107.226	1316.977
0.600009519992384	0.600119519904384	23.424	11.699
99.0999307200554	99.1000007199994	3517.598	2517.716
74.0999507200394	74.1000007199994	2733.649	1527.151
0.200009839992128	0.200159839872128	9.608	4.196
64.099958720033	64.100108719913	2327.911	1360.837
69.0999547200362	69.0999647200282	2514.222	1542.761
44.0999747200202	44.1001447198842	1614.812	996.057
89.099938720049	89.100108719913	3292.024	1976.833
1.30000895999283	1.30013895988883	49.758	27.709
54.0999667200266	54.1002167198266	2021.91	1098.519
0.300009759992192	0.300059759952192	14.168	5.734
14.099998720001	14.100288719769	519.251	312.335
24.0999907200074	24.1001807198554	874.137	479.729
0.100009919992064	0.100079919936064	6.334	2.559
39.099978720017	39.100108719913	1469.578	878.214
34.0999827200138	34.1002527197978	1270.987	768.477
29.0999867200106	29.1000367199706	1087.547	592.553
4.20000663999469	4.20029663976269	152.799	95.347
1.90000847999322	1.90025847979322	71.391	42.47
0.900009279992576	0.900179279856576	34.976	17.382
19.0999947200042	19.1001447198842	686.118	422.915
84.0999427200458	84.1000727199418	3049.827	1592.181
19.0999947200042	19.1001447198842	683.709	439.85
24.0999907200074	24.1001807198554	874.331	539.887
0.600009519992384	0.600119519904384	23.145	10.617
84.0999427200458	84.1000727199418	3056.437	1653.303
0.300009759992192	0.300239759808192	14.601	5.872
1.30000895999283	1.30013895988883	49.981	28.295
0.400009679992256	0.400139679888256	16.97	7.305
9.40000247999802	9.40013247989402	329.869	210.806
