84.1003127197498	84.461332430934	3588.984	2430.222
34.1001027199178	34.4685324251741	3419.25	2303.094
0.900449279640576	1.26701898638481	3354.039	2191.653
19.0993247205402	19.4660844271325	3399.844	2199.868
6.29946496042803	6.66323466941226	3456.681	2226.999
0.398209681432255	0.761759390592488	3631.102	2347.989
94.0984147212682	94.4621244303004	3603.705	2403.556
0.598609521112383	0.964799228160617	3417.202	2249.299
99.0997907201674	99.4652204278237	3566.45	2462.023
4.20002663997869	4.56731634614692	3408.339	2271.406
2.79996776002579	3.16043747165002	3344.219	2201.286
1.89864848108122	2.25755819395344	3628.5	2281.018
24.0986207211034	24.4603604317117	4052.776	2273.446
69.1013647189082	69.4671644262685	4197.429	2465.632
1.30004895996083	1.65887867289706	3409.647	2206.566
79.0998467201226	79.4625564299549	3847.857	2563.988
0.0996099203120638	0.452159638272289	3460.906	2209.72
49.0989107208714	49.4600004319997	3433.445	2330.704
54.0982967213626	54.4594964324029	3872.989	2406.581
0.202019838384129	0.56249955000036	3355.62	2208.833
39.099238720609	39.4624484300413	3425.777	2298.474
59.0995027203978	59.4649324280541	3504.047	2329.565
0.301239759008193	0.666539466768427	3737.117	2336.098
9.40047247962202	9.76265218987825	3434.598	2215.062
29.1007967193626	29.4612964309629	3735.81	2376.893
89.100508719593	89.4637084290333	3549.324	2404.326
14.100488719609	14.4669484264413	3430.76	2243.285
44.0983047213562	44.4675244259805	3786.504	2434.17
74.1023407181274	74.4672004262397	3825.256	2516.568
64.097928721657	64.4610084311932	3813.109	2479.125
