0.000869999304000557	0.01565998747201	10.955	0.996
0.00168999864800108	0.0302399758080194	20.67	1.256
0.00207999833600133	0.037439970048024	26.749	1.525
0.0028099977520018	0.0502199598240321	35.739	1.782
0.00563999548800361	0.101339918928065	72.651	3.123
0.00880999295200564	0.158399873280101	227.792	6.071
0.0115099907920074	0.206819834544132	364.24	9.068
0.017149986280011	0.307439754048197	566.117	16.794
0.0264699788240169	0.472679621856303	897.852	27.802
0.0273699781040175	0.487979609616312	882.874	28.932
0.0610799511360391	1.08197913441669	1997.455	68.095
0.0821399342880526	1.43225885419292	2296.963	89.436
0.0924299260560592	1.62917869665704	2878.788	100.887
0.209809832152134	3.60341711726631	5175.679	225.038
0.307699753840197	5.12945589643528	6065.683	311.586
0.467229626216299	7.55945395243684	7479.762	410.632
0.688639449088441	10.4758116193507	7756.241	458.415
0.886649290680567	12.2308102153518	6413.64	544.779
1.58703873036902	20.0474839620128	7550.144	828.55
2.39589808328153	26.1233791012967	8616.212	825.353
3.22368742105006	27.0172583861933	6387.086	862.332
4.11865670507464	25.9835192131846	5949.745	863.817
8.07624353900517	42.4304660556272	10666.94	1612.809
12.1327302938158	47.9681616254707	12620.524	1948.463
17.8724357020514	50.074339940528	11895.066	2712.509
27.0248183801453	59.7844321724543	14927.98	4136.995
37.1275902979278	70.9813232149414	18168.145	5501.395
47.2667821865743	83.2351734118613	21672.816	10371.627
56.9144144684684	88.7989689608248	21656.208	11617.764
66.8626365098908	97.4643420285264	23738.638	13311.991
75.6961894430484	99.1244807004154	23976.165	14071.299
83.2702533837973	99.8277401378079	24301.587	15002.361
90.579317536546	100.0	26337.831	16055.543
