6.0899651280279	36.5306107755114	7001.902	1233.377
4.19961664030669	34.327052538358	8251.46	1054.757
18.80032495974	51.3714189028649	10426.649	2889.628
43.9678548257161	78.5854171316663	18433.556	7004.639
66.8155165475868	91.1998070401544	22956.915	12492.01
63.7733389813288	95.6686634650692	22391.85	12912.022
29.0481567614746	64.3969284824572	14030.884	4462.79
0.591869526504379	9.24659260272592	6694.879	514.314
0.200379839696128	3.4316972546422	4459.085	220.83
2.3509581192335	22.4398620481104	4630.392	596.299
1.29760896191283	17.4884260092592	7041.062	813.721
0.897489282008574	13.1619494704404	7553.4	665.724
14.100498719601	50.2604597916322	11399.803	2428.456
85.0631819494544	99.969580024336	23987.912	14931.75
9.37916249667	44.4705844235325	9665.898	1530.238
38.9723088221529	73.402321278143	16494.416	5939.498
55.5477655617875	78.2038174369461	17574.881	11055.045
0.0990399207680634	1.73717861025711	2686.26	109.971
1.49222880621696	17.0492263606189	4177.912	631.77
88.5392891685687	99.998380001296	23166.453	15389.761
77.5275179779856	99.7645601883519	22450.347	14160.302
52.7449678040258	79.5881963294429	18511.722	10386.777
34.0487827609738	69.5971243223005	16423.984	5674.791
47.3251421398863	72.9660016271987	18387.705	7342.817
0.393769684984252	6.44561484350813	6185.174	490.471
91.5652267478186	100.0	24482.076	16523.386
81.5913247269402	99.93430005256	23024.823	14717.286
0.263169789464168	4.39433648453081	4594.836	282.439
23.8101909518472	56.4891748086602	11594.924	3701.267
72.2286822170542	96.6023227181418	21394.779	13112.86
