34.0623927500858	70.0444239644608	34876.113	2476.361
0.270269783784173	4.49765640187488	2715.949	27.659
0.229689816248147	3.73535701171439	2317.761	23.524
13.7459690032248	45.5779435376452	22007.889	1040.982
0.300539759568192	5.03747597001922	3034.504	31.811
58.5328231737415	89.1740886607291	44295.137	4122.917
43.9868648105082	78.8597369122105	39616.141	3201.325
62.6476298818961	89.2064886348091	45036.687	4477.264
46.0837731329815	69.3726645018684	34166.14	3224.975
1.89621848302521	22.6702618637905	12996.503	176.168
58.9469728424217	92.9742456206035	46354.9	4919.609
2.8065877547298	28.4554572356342	15193.532	256.763
0.602079518336385	9.44189244648604	5739.519	63.141
0.185519851584119	3.17843745725003	1924.225	19.695
2.64190788647369	26.0227591817927	13744.065	235.642
47.5364119708704	73.7619609904312	36562.277	3439.683
2.43845804923356	23.417261266191	12354.799	214.629
4.18009665592268	33.9904528076378	17393.771	355.029
33.7069430344456	65.570707543434	32243.35	2460.991
6.15891507286794	37.51754998596	18173.521	504.298
29.0934567252346	65.5012275990179	32297.615	2172.41
53.7955369635704	86.3945308843753	42345.935	3877.406
0.200209839832128	3.4423172461462	2130.222	21.241
2.57362794109765	25.043919964864	13215.09	226.025
11.7137806289755	35.4306316554947	16951.779	857.696
24.0328007737594	59.2330926135259	28906.137	1760.619
58.9225428619657	92.7344858124114	47045.487	5010.584
3.88863688909049	30.0718559425152	14939.885	319.529
7.28215417427666	30.1386358890913	14407.302	549.232
39.048418761265	74.8608601113119	37675.818	2815.847
23.0772615381908	51.1456990834407	25120.803	1649.524
44.0137347890122	79.3279165376668	39547.383	3184.376
29.0920767263386	65.4619876304099	32341.78	2181.329
29.0755467395626	64.8937280850175	32300.873	2176.442
40.1583178733457	62.3704901036079	31147.658	2764.554
3.39011728790617	25.3517197186242	12603.673	267.375
19.0936047251162	55.2046958362433	26828.303	1419.069
53.6825870539304	85.2760117791906	42428.831	3936.186
2.45757803393757	19.2551245959003	9610.921	205.367
16.3378569297145	39.8489081208735	19220.015	1170.247
21.3352129318297	45.0219239824608	21827.679	1929.956
0.854759316192547	12.3812900949679	7443.755	84.577
53.9961868030506	88.8297489362009	55751.062	3929.42
0.0639499488400409	1.12247910201672	677.487	7.877
52.9679876256099	80.5769355384516	40283.299	3784.857
14.033548773161	48.9776008179193	23521.423	1060.326
49.0491307606954	84.8184521452383	42282.203	3605.964
0.954439236448611	12.430790055368	7314.902	90.026
1.89258848592921	22.6412818869745	12789.874	175.916
63.8000489599608	95.9410032471974	47702.844	5348.161
0.158979872816102	2.71313782948974	1632.181	17.448
14.100008719993	50.2282398174081	24421.156	1086.4
0.592409526072379	9.24029260776591	5649.878	60.607
37.1061503150797	62.2032702373838	30770.266	2635.602
28.6016571186743	59.6650922679262	29067.668	2058.23
0.0570999543200365	1.00493919604864	605.752	7.151
24.0906807274554	60.4729316216547	30146.145	1864.571
1.29522896381683	17.4688060249552	10412.471	124.828
6.29691496246803	39.5576683538653	19432.187	511.14
63.5405691675447	93.8544449164441	46476.014	5120.848
33.9793228165417	68.4121852702518	33741.425	2479.196
0.297779761776191	4.98869600904319	3001.882	31.704
1.01903918476865	13.3158493473205	7814.656	96.115
19.0199847840122	54.1164167068666	26831.89	1417.39
8.70767303386157	37.1096703122638	17617.799	669.119
0.601199519040385	9.41651246679003	5752.669	59.401
55.1096259122993	77.3050781559375	38886.693	4919.686
1.90146847882522	22.7584617932306	13018.912	178.249
0.582239534208373	8.38421329262937	5091.386	58.123
0.28150977479218	4.57919633664293	2825.297	29.349
63.6411190871047	94.6100843119326	47193.642	5184.944
0.396109683112254	6.49475480419616	3918.343	42.22
39.076088739129	75.4067996745603	37637.331	2831.752
1.75580859535312	20.4424036460771	11627.723	162.574
40.7332874133701	63.6205891035287	31719.679	2860.763
35.899441280447	58.9902728077818	29499.872	2599.155
46.2602029918376	69.8737841009727	35414.473	3211.338
0.599359520512384	9.35765251387799	5659.519	61.613
7.51595398723681	31.0258551793159	14651.793	571.204
0.243589805128156	3.95837683329853	2423.596	25.586
0.841239327008538	12.1874302500558	7362.49	81.966
0.09371992502406	1.64969868024106	1014.347	10.323
0.200729839416128	3.4414172468662	2097.625	21.677
6.29450496439603	39.6584682732254	19758.18	507.564
33.5975531219575	64.4314884548092	31684.056	2422.357
6.29370496503603	39.6928482457214	19471.471	516.699
0.87446930042456	12.7115898307281	7614.224	87.59
0.300269759784192	5.03135597491522	3076.91	31.528
0.0507599593920325	0.891719286624571	559.529	6.154
17.9825056139955	45.5525635579492	21987.777	1310.538
1.26129899096081	16.8377265298188	9955.273	123.026
9.39836248131001	44.6477042818366	22041.43	754.666
