1.29893896084883	4.90643607485114	4032.388	2383.507
14.101368718905	17.7341258126994	4209.069	2463.455
0.0977699217840626	1.38815888947289	4055.81	2332.749
0.200859839312129	2.3491781206575	4137.862	2300.645
34.1005027195978	37.7373298101362	4221.882	2517.381
4.19960664031469	7.84799372160502	3774.309	2199.72
68.9936048051161	71.81886254491	4221.875	2582.93
94.0675847459322	97.3410421271663	4289.118	2542.951
0.299099760720191	2.94047764761788	4056.811	2368.22
88.7907589673928	91.1193471045223	4422.2	2703.606
2.79923776060979	6.46487482810014	3733.546	2274.208
0.603709517032386	3.9121168703065	4024.568	2350.189
79.1028767176986	82.733693813045	4759.216	2783.089
54.0952767237786	57.7295538163569	3866.997	2362.045
39.097228722217	42.7467258026194	4171.567	2467.536
0.399009680792255	3.33359733312213	3816.601	2158.571
29.1055467155626	32.745573803541	4267.154	2472.049
64.102248718201	67.7420458063634	4254.702	2486.557
49.0983607213114	52.7399578080338	3807.259	2445.334
6.29646496282803	9.91583206733435	4065.505	2296.644
24.1017207186234	27.7467978025618	3806.769	2323.253
9.40113247909402	13.0352295718163	3757.399	2275.826
19.0966647226682	22.7307418154065	4133.538	2603.625
98.6682710653832	99.999820000144	3917.917	2527.634
59.0985627211498	62.7506497994802	4234.591	2512.187
0.901799278560577	4.41143647085082	3723.758	2216.5
44.0987847209722	47.7510817991346	4178.069	2439.171
1.90281847774522	5.53841556926754	4013.28	2326.186
74.0883607293114	77.5342179726256	3865.539	2482.073
83.7065430347656	85.924371260503	3908.828	2443.921
