58.8854928916057	92.3257061394351	13307.534	4538.994
13.6483490813207	44.7780241775807	4447.7	1076.679
0.154049876760099	2.58713793028966	538.627	16.959
24.0830107335914	60.1159919072065	6666.826	1863.032
1.89482848413721	22.6110419111665	1642.099	171.911
0.401829678536257	6.59285472571622	432.767	47.37
1.29750896199283	17.4875260099792	1780.14	117.067
4.13744669004265	33.2727933817653	5717.788	338.727
33.5422931661655	64.1798486561211	10563.006	2339.299
2.23381821294543	21.2619429904456	1606.666	202.084
1.29661896270483	17.5127259898192	1269.365	126.873
0.362179710256232	5.90273527781178	1219.114	36.797
0.0991899206480635	1.74635860291312	148.768	12.226
58.1831334534932	86.7215906227275	14003.605	3908.75
39.080538735569	75.003239997408	9684.785	2587.537
18.9207448634041	52.9127576697939	5852.473	1253.684
0.597749521800383	9.34685252251798	1938.952	58.416
0.199639840288128	3.42953725637019	227.232	21.079
49.0431007655194	84.5119123904701	11648.474	3211.966
44.0006047995162	78.9238168609465	8334.953	3051.221
55.3161857470514	77.7059378352497	9202.326	4335.202
4.15436667650666	33.6084931132055	3004.226	319.081
48.5940711247431	79.5485963611229	12070.941	3344.359
43.5013351989318	73.8481809214553	12001.247	3056.062
34.0481427614858	69.7026042379166	6932.088	2311.69
62.9470296423763	90.4522676381859	13747.378	4732.705
0.29619976304019	4.96025603179517	414.667	30.83
0.721649422680462	10.3411717270626	739.578	72.471
9.33989252808598	43.679485056412	3292.277	705.514
0.18799984960012	3.129117496706	210.164	22.513
22.9769416184467	50.6544794764164	4977.267	1859.024
29.0704367436506	64.8991280806975	10187.448	2087.758
42.8823856940914	70.2309038152769	9897.782	3135.385
2.79914776068179	28.4338572529142	2032.772	239.26
0.397479682016254	6.52175478259617	530.894	40.589
17.209236232611	42.4736660210672	6614.16	1217.288
0.598279521376383	9.36269250984599	839.028	60.345
24.0783307373354	60.0259919792064	9429.996	1719.682
35.3163917468866	57.7140738287409	10155.499	2399.583
1.54185876651299	17.5786059371152	1321.045	144.736
0.597839521728383	9.39149248680601	614.317	59.506
63.0690595447524	90.9838072129542	10551.694	4158.305
34.0599627520298	69.8037641569887	8609.803	2647.987
0.901939278448577	13.2249494200405	2725.933	88.984
1.29499896400083	17.4587260330192	3544.612	119.031
29.1035667171466	65.5521675582659	6192.651	2096.654
1.7229786216171	16.8170265463788	1552.994	136.324
0.571899542480366	8.29277336578131	590.33	54.447
4.20036663970669	34.346492522806	2439.414	331.625
35.5882315294148	58.3080733535413	7670.709	2833.258
36.9264004588796	61.6805506555595	6683.18	2440.21
14.011538790769	48.8957008834393	5099.289	960.606
0.598699521040383	9.37241250207	629.425	61.235
12.5943099245521	38.5651491478807	6593.759	891.909
29.1056467154826	65.545147563882	7894.851	2493.213
44.0745247403802	79.9472960421632	11031.101	2837.02
48.9959108032714	83.9022528781977	11507.449	3880.816
7.85018371985302	32.4131140695087	2949.496	589.138
52.8737277010178	80.1838158529473	13216.628	3587.798
0.196859842512126	3.38237729409816	277.626	21.776
9.12039270368584	40.7975073619941	3992.451	648.968
9.28886256890994	42.8865856907315	6863.292	688.908
5.04438596449123	28.2783373773301	2130.475	376.416
1.89409848472121	22.6551418758865	1987.824	223.704
6.30201495838803	39.6797082562334	6582.025	503.06
18.9572148342281	53.4158572673142	4699.252	1318.402
0.110309911752071	1.88909848872121	400.818	13.633
63.7726689818648	95.7152834277733	13887.151	3953.287
23.497741201807	53.8271569382744	7064.468	1514.97
16.4371968502425	40.1721878622497	4522.756	1224.833
28.9838868128905	63.7339890128088	7263.902	2475.831
0.202179838256129	3.46607722713822	223.675	24.272
50.2544697964242	72.6430818855345	10484.15	3154.006
0.0987599209920632	1.73357861313711	115.43	11.16
6.29500496399603	39.7056282354974	3897.386	479.408
0.283709773032182	4.74929620056304	306.176	30.45
0.0991599206720635	1.74329860536112	363.406	12.287
49.0239107808714	84.1585726731419	9099.151	3285.128
1.20723903420877	15.9672472262022	1136.07	107.742
0.100199919840064	1.76129859096113	116.698	13.877
32.2432142054286	57.7117338306129	7805.344	2102.313
1.79655856275315	21.0225431819655	4052.811	160.876
4.19853664117069	34.356932514454	2575.162	348.877
57.6895438483649	84.373492501206	13024.003	3697.835
6.30704495436404	39.7473882020894	3111.322	539.096
0.887649289880568	12.9817696145843	1107.591	84.992
14.102978717617	50.3227397418082	4111.752	1015.975
0.399519680384256	6.55487475610019	429.139	39.789
61.1962510429992	84.7104522316382	12903.142	4195.544
51.9972984021613	76.9126784698572	10524.543	4185.815
52.0947683241853	77.2105782315374	8557.572	3450.616
2.46585802731358	23.7992209606232	4319.065	211.255
0.56228955016836	8.7449330040536	1818.663	55.11
3.70257703793837	28.059817552146	2920.085	283.927
0.401399678880257	6.59825472139622	547.454	41.691
4.04667676265859	23.5528011577591	3882.314	312.637
53.067927545658	81.1009151192679	11102.716	4283.692
41.2433970052824	64.8003081597535	8872.71	3194.131
49.0672707461834	84.8848720921023	8689.216	3169.466
1.90079847936122	22.6454218836625	2077.986	162.215
63.2201594238725	91.8013665589068	10635.854	4163.723
53.6737570609944	85.2108518313185	9437.013	3589.934
0.299129760696191	5.01155599075521	325.265	30.2
19.1003147197482	55.4811756150595	6282.117	1282.494
19.0979247216602	55.4514756388195	8774.421	1376.486
0.274749780200176	4.57919633664293	396.62	28.696
44.0666847466522	79.7723361821311	12400.015	3078.575
0.603669517064386	9.42857245714203	623.43	58.714
37.2737301810159	62.8460497231602	10742.48	3008.248
3.58257713393829	26.9843184125453	4486.432	286.395
55.9883152093478	79.2019166384667	9155.304	3598.395
58.3092533525973	87.465170027864	14144.36	3920.104
21.2820729743416	44.8912440870047	4417.008	1450.608
0.185299851760119	3.17465746027403	207.373	20.336
48.7575609939512	81.0172151862278	12919.011	3381.139
0.100569919544064	1.76561858750513	170.194	13.205
0.130459895632083	2.22047822361742	461.172	14.277
