1.30284895772083	4.89851608118714	1060.611	203.437
44.1026247179002	47.7339818128145	11310.214	6134.907
0.100669919464064	1.43783884972892	827.393	69.766
24.0950907239274	27.7244778204177	6698.705	3368.105
53.9024868780105	56.4166348666921	13249.417	7715.126
64.097828721737	67.7589657928274	16200.925	9252.767
49.1008307193354	52.7289778168177	12593.555	7205.633
98.6682710653832	99.999820000144	22993.391	16499.983
84.0973327221338	87.7105098315921	20892.185	12225.85
14.101688718649	17.7463658029074	4410.416	2030.953
6.29786496170803	9.93203205437436	2304.481	878.148
2.79718776224979	6.44093484725212	1496.892	367.502
79.1042067166346	82.746473802821	19039.407	10703.888
9.40124247900602	13.0265895787283	3159.492	1361.679
59.0868327305338	62.572809941752	15107.536	8760.429
0.898829280936575	4.42835645731483	992.097	162.697
1.89717848225721	5.50493559605152	1289.958	280.057
69.1003047197562	72.7505417995666	16972.591	9733.5
34.1046327162938	37.7506497994802	9129.193	5125.904
0.299989760008192	2.94839764128189	830.151	106.699
0.597929521656383	3.89033688773049	900.327	135.346
0.200389839688128	2.3383781292975	763.465	91.326
29.1090967127226	32.752053798357	7736.94	4100.474
94.0899147280682	97.6200419039665	22640.388	15964.376
73.9032608773913	76.4182188654249	17734.719	10477.055
0.400619679504256	3.36689730648216	842.961	114.144
89.087738729809	92.6237859009713	21629.645	15122.604
19.0967547225962	22.7451418038866	5484.107	2721.733
4.19381664494668	7.83197373442101	1910.137	556.357
39.076118739105	42.3955460835631	9968.73	5630.617
