0.0130099895920083	0.0131399894880084	3.214	1.233
5.39500568399545	5.39513568389145	169.223	86.894
0.711009431192455	0.711179431056455	26.115	11.39
77.3099481520415	77.3101181519055	2451.097	1359.412
0.0190099847920122	0.0192599845920123	3.732	1.401
0.0280099775920179	0.028079977536018	4.469	1.455
0.00300999759200193	0.00305999755200196	2.312	1.03
8.09200352639718	8.09207352634118	250.166	129.655
27.3099881520095	27.3102981517615	860.743	466.007
0.0940099247920602	0.0941399246880602	7.42	2.277
67.3099561520351	67.3102261518191	2105.71	1130.775
0.00400999679200257	0.00413999668800265	2.294	1.07
12.1379902896078	12.1381102895118	389.244	292.142
47.3099721520223	47.3102621517903	1516.523	788.275
0.0630099495920403	0.0631799494560404	6.621	1.844
0.00100999919200065	0.00107999913600069	1.84	0.953
0.00199999840000128	0.00215999827200138	2.153	0.943
0.316009747192202	0.316079747136202	13.66	5.216
0.0420099663920269	0.042119966304027	5.43	1.697
87.3099401520479	87.3101901518479	2731.56	1435.497
0.14100988719209	0.14111988710409	9.785	2.907
18.2069954344037	18.2071654342677	571.44	306.73
0.474009620792303	0.474299620560304	18.008	7.466
37.3099701520239	37.3100101519919	1152.283	636.827
1.06600914719268	1.06631914694468	37.717	18.253
0.00600999519200385	0.00611999510400392	2.675	1.197
57.3099641520287	57.3101541518767	1767.727	959.363
2.39800808159353	2.39813808148954	84.34	38.979
1.59899872080102	1.59911872070502	58.286	30.228
97.3099321520543	97.3102621517903	3069.101	2537.453
0.00900999279200577	0.00917999265600588	3.166	1.185
3.5969971224023	3.5971171223063	115.756	57.391
0.211009831192135	0.211139831088135	10.613	3.912
