54.1036567170746	57.7279338176529	28221.626	3239.775
2.60582791533767	5.12567589945928	2431.637	161.637
0.896329282936574	4.41197647041882	2169.716	63.867
1.29834896132083	4.90121607902714	2333.154	90.249
94.0393247685402	97.1025423179661	47815.889	5713.082
0.198819840944127	2.32847813721749	1321.599	20.281
6.29646496282803	9.91583206733435	4779.272	399.478
0.400579679536256	3.36635730691415	1773.48	34.403
14.099098720721	17.7470858023314	8761.458	897.077
89.083188733449	92.4833860132912	46280.178	5459.951
79.0969367224506	82.7378338097329	40945.451	5203.531
59.1085827131338	62.7250898199281	31013.36	3566.452
0.0997999201600639	1.43279885376092	864.589	13.646
29.1031567174746	32.7268538185169	16257.663	1771.563
49.0991307206954	52.7390578087538	26311.737	2970.926
68.9069848744121	71.4217828625737	35238.962	4078.376
9.39432248454201	13.0426095659123	6690.156	579.351
84.0897627281898	87.568669945064	48464.176	5155.551
19.1025547179562	22.7224618220305	11294.486	1171.192
34.1013027189578	37.7292298166161	18869.382	2081.549
24.0980507215594	27.7221378222897	13834.743	1495.897
39.098228721417	42.7519457984434	21155.162	2368.399
98.6673010661591	100.0	49006.951	6130.267
0.299289760568192	2.92589765928187	1560.684	26.833
0.601919518464385	3.91823686541051	1984.151	48.139
44.0961347230922	47.7321818142545	23688.928	2729.89
1.89662848269721	5.52455558035554	2739.035	126.336
4.20661663470669	7.84025372779702	3817.925	266.671
74.0995307203754	77.7550777959378	38627.033	4369.83
64.099078720737	67.7470858023314	33780.444	3898.519
