0.00300999759200193	0.00305999755200196	5243.25	1442.562
0.316009747192202	0.316079747136202	5150.817	1117.354
0.00100999919200065	0.00125999899200081	2395.25	1135.633
0.0280099775920179	0.0282599773920181	5513.02	1293.496
0.00299999760000192	0.00323999740800207	2403.564	1428.335
0.0940099247920602	0.0941399246880602	2402.857	1224.827
18.2069954344037	18.2071654342677	2456.398	1135.483
27.3099881520095	27.3102981517615	2426.19	1199.499
0.00200999839200129	0.00215999827200138	2802.983	1313.463
57.3099641520287	57.3101541518767	5137.316	1559.275
0.710999431200455	0.711179431056455	5225.803	1449.442
3.5969971224023	3.5971171223063	2395.642	1256.682
0.474009620792303	0.474119620704303	5215.071	1055.823
0.00200999839200129	0.00215999827200138	2385.419	1596.545
57.3099641520287	57.3101541518767	2420.765	1655.021
77.3099481520415	77.3101181519055	5321.102	1352.957
8.09200352639718	8.09207352634118	2403.023	1260.45
1.06600914719268	1.06613914708868	2379.321	1236.89
0.00400999679200257	0.00413999668800265	2435.05	1352.299
5.39500568399545	5.39513568389145	2438.838	1123.047
47.3099721520223	47.3100821519343	5680.973	1523.44
1.59899872080102	1.59911872070502	2358.814	1058.92
8.09200352639718	8.09225352619718	2377.284	1143.467
5.39500568399545	5.39531568374745	2859.979	1371.955
47.3099721520223	47.3100821519343	2407.121	1561.645
8.09200352639718	8.09225352619718	5219.083	1341.75
77.3099481520415	77.3101181519055	2394.173	1162.403
0.315999747200202	0.316259746992202	2400.388	1519.206
0.0630099495920403	0.0631799494560404	2412.298	1087.497
0.316009747192202	0.316259746992202	2391.602	1075.928
1.06600914719268	1.06631914694468	2386.112	1132.43
1.59900872079302	1.59911872070502	5619.957	1131.379
5.39499568400345	5.39513568389145	2421.765	1610.708
0.0190099847920122	0.0190799847360122	5670.961	1003.15
3.5970071223943	3.5971171223063	2424.607	1127.138
0.0420099663920269	0.042119966304027	2407.926	1510.634
2.39799808160153	2.39813808148954	5609.171	1071.98
0.00600999519200385	0.00629999496000403	2375.781	1090.873
12.1379902896078	12.1381102895118	2411.934	1617.044
1.59900872079302	1.59929872056102	2896.05	1679.914
0.0630099495920403	0.0631799494560404	2827.103	1341.49
0.316009747192202	0.316079747136202	2880.735	1604.956
0.0940099247920602	0.0943199245440604	5568.971	1457.875
0.0190099847920122	0.0192599845920123	2398.943	1576.321
1.59900872079302	1.59911872070502	2436.254	1691.172
8.09200352639718	8.09207352634118	2875.577	1678.058
0.0940099247920602	0.0943199245440604	2404.819	1124.418
37.3099801520159	37.3100101519919	5133.485	1500.716
0.14100988719209	0.14111988710409	2367.816	1064.472
67.3099461520431	67.3100461519631	5302.499	1551.6
0.00600999519200385	0.00611999510400392	5685.015	1468.545
0.0280099775920179	0.0282599773920181	2885.648	1106.44
0.0189999848000122	0.0190799847360122	2863.844	1646.429
18.2069954344037	18.2071654342677	5071.529	1498.023
2.39800808159353	2.39813808148954	2388.32	1094.55
12.1379902896078	12.1381102895118	5157.506	1335.969
0.00100999919200065	0.00107999913600069	2391.53	1575.43
5.39500568399545	5.39531568374745	5767.551	1480.978
0.0130099895920083	0.0131399894880084	5154.585	1457.701
27.3099781520175	27.3101181519055	2881.629	1506.282
0.00200999839200129	0.0023399981280015	5121.009	1419.542
47.3099721520223	47.3100821519343	2457.787	1126.872
57.3099641520287	57.3101541518767	2859.057	1182.938
0.711009431192455	0.711179431056455	2854.367	1608.511
0.00100999919200065	0.00125999899200081	2845.48	1154.993
0.711009431192455	0.711179431056455	2406.413	1208.027
0.0630099495920403	0.0631799494560404	5102.563	1273.021
57.3099641520287	57.3101541518767	2413.534	1118.262
0.0280099775920179	0.028079977536018	2393.324	1171.628
0.00400999679200257	0.00413999668800265	2875.427	1249.319
0.00599999520000384	0.00611999510400392	2889.22	1120.424
0.474009620792303	0.474299620560304	2828.963	1600.17
67.3099561520351	67.3102261518191	2467.125	1148.51
0.14100988719209	0.14129988696009	5669.823	1026.332
0.0420099663920269	0.042119966304027	2373.238	1056.484
27.3099881520095	27.3102981517615	5244.776	1518.544
0.00100999919200065	0.00125999899200081	5092.943	1454.71
0.00900999279200577	0.00917999265600588	2396.431	1127.689
37.3099801520159	37.3101901518479	2466.448	1271.666
0.00900999279200577	0.00917999265600588	5145.813	1180.781
1.06600914719268	1.06613914708868	5172.482	1477.013
0.00900999279200577	0.00917999265600588	2407.405	1405.517
0.211009831192135	0.211139831088135	2879.382	1495.42
3.5970071223943	3.5971171223063	2935.982	1303.321
0.474009620792303	0.474299620560304	2378.331	1113.112
77.3099481520415	77.3101181519055	2440.272	1168.992
0.0940099247920602	0.0943199245440604	2882.561	1349.382
0.0130099895920083	0.0133199893440085	2904.197	1632.86
2.39800808159353	2.39813808148954	2456.017	1304.681
12.1379902896078	12.1381102895118	2851.877	1088.002
0.14100988719209	0.14111988710409	2887.453	1192.17
0.0280099775920179	0.0282599773920181	2386.564	1573.48
1.06600914719268	1.06631914694468	2827.387	1274.212
0.00600999519200385	0.00611999510400392	2426.697	1625.494
3.5970071223943	3.5971171223063	5165.375	1341.773
0.00900999279200577	0.00917999265600588	2823.951	1589.685
0.00200999839200129	0.00215999827200138	2409.171	1215.537
0.0130099895920083	0.0131399894880084	2377.719	1075.783
0.00300999759200193	0.00323999740800207	2372.579	1022.19
18.2069954344037	18.2071654342677	2387.216	1077.42
0.0420099663920269	0.042119966304027	5147.444	1400.642
0.00400999679200257	0.00431999654400277	2396.736	1140.715
0.0630099495920403	0.0631799494560404	2393.662	1495.527
0.00300999759200193	0.00305999755200196	2873.236	1670.125
0.211009831192135	0.211139831088135	5665.091	1044.064
2.39800808159353	2.39813808148954	2857.439	1146.211
0.0420099663920269	0.042119966304027	2862.339	1566.875
0.211009831192135	0.211139831088135	2387.72	1038.909
0.0190099847920122	0.0192599845920123	2438.384	1053.647
37.3099801520159	37.3100101519919	2449.335	1681.181
0.211009831192135	0.211139831088135	2407.863	1555.799
12.1380002895998	12.1381102895118	2424.795	1208.234
0.00399999680000256	0.00431999654400277	5565.447	1237.679
77.3099481520415	77.3101181519055	2814.089	1785.663
67.3099561520351	67.3102261518191	2861.426	1723.722
0.14099988720009	0.14111988710409	2372.53	1514.542
0.0130099895920083	0.0131399894880084	2390.82	1566.517
67.3099561520351	67.3102261518191	2396.796	1692.876
0.710999431200455	0.711179431056455	2366.842	1093.863
47.3099621520303	47.3102621517903	2862.301	1741.611
37.3099801520159	37.3101901518479	2833.517	1185.4
27.3099881520095	27.3101181519055	2485.554	1234.448
0.473999620800303	0.474119620704303	2414.865	1573.072
18.2069954344037	18.2071654342677	2867.925	1702.031
