3.26468738825009	41.7313466149227	24372.643	304.921
57.0192643845885	99.3745005003996	46747.654	3962.566
0.00722999421600463	0.129959896032083	83.593	2.436
65.7685873851301	99.96220003024	47767.253	4462.321
0.121509902792078	2.13461829230537	1290.539	14.112
0.00933999252800598	0.167939865648107	107.013	2.616
0.00366999706400235	0.0660599471520423	43.092	1.935
73.0024715980227	99.999640000288	48221.974	4969.493
0.000509999592000326	0.00917999265600588	7.329	1.343
3.74004700796239	40.7175874259301	22136.068	332.195
33.2416134067093	93.9046648762681	44354.788	2410.92
0.0153299877360098	0.275579779536176	174.574	3.456
7.6578038737569	53.6604770716183	26433.572	592.91
0.00245999803200157	0.0442799645760283	30.295	1.57
0.00317999745600204	0.0572399542080366	37.336	1.869
5.58385553291557	49.5354203716637	25419.215	466.205
0.192089846328123	3.34709732232214	2019.063	21.087
2.12066830346536	30.1184759052193	18288.364	197.201
0.0744199404640476	1.32047894361685	802.81	9.656
0.0400399679680256	0.714779428176457	437.886	5.98
22.7869217704626	82.9192736645811	39248.486	1692.213
0.0377699697840242	0.676439458848433	414.676	5.975
43.4489652408278	99.2971005623196	45794.815	3089.351
50.3449497240402	98.9725608219513	46626.971	3478.752
0.0145799883360093	0.261719790624168	164.726	3.27
0.569959544032365	9.25775259379792	5593.334	55.129
0.059339952528038	1.05767915385668	648.041	7.856
16.7639665888267	85.7681313854949	40721.837	1275.978
1.37068890344888	20.9788032169574	12866.84	129.989
78.6471470822823	100.0	49114.44	5429.882
0.00164999868000106	0.029699976240019	20.041	1.368
0.417349666120267	7.15301427758858	4276.719	42.053
0.461229631016295	7.71641382686894	4678.032	46.028
