0.194149844680124	3.33989732808214	2056.22	24.567
4.16605666715467	33.7690529847576	17249.51	367.914
0.919399264480588	12.0020303983757	7203.104	91.238
50.6730394615684	73.463161229471	37488.264	3793.555
2.79686776250579	28.4369172504662	15259.251	272.01
0.298969760824191	4.9991360006912	3060.884	33.354
88.5224191820647	99.998020001584	51288.705	6518.794
19.0930247255802	55.4381556494755	27240.123	1493.297
9.28755256995794	42.7893857684914	20770.046	768.909
0.363609709112233	5.9315352547718	3569.563	38.992
66.2164270268584	89.6957282434174	45178.042	4758.759
91.5643267485386	100.0	51167.889	6733.262
81.5480647615482	99.9161200671039	49590.314	5902.091
0.598509521192383	9.38897248882201	5737.893	64.647
0.90575927539258	13.2528493977205	7979.072	95.44
28.3651373078902	57.8879536896371	28273.704	2205.288
14.095378723697	50.2269798184161	24637.655	1129.044
42.7698957840834	69.7573241941407	35081.163	3216.847
48.1102215118228	76.2992389606088	37553.704	3569.36
84.9595620323504	99.958780032976	50578.673	6218.738
0.100599919520064	1.76957858433713	1104.875	13.97
1.8756384994892	22.1977622417902	12660.487	182.893
38.9704288236569	73.3540813167349	36469.628	2936.93
58.9029028776777	92.4857260114192	46429.911	4376.709
23.6536110771111	55.0120959903232	27061.442	1772.319
73.1058015153588	99.0778607377114	49315.725	5388.117
60.6395214883828	83.3716133027094	41605.229	4464.76
77.2989881608095	99.4753004197597	49483.658	5771.353
33.6605430715655	65.1462678829857	32187.961	2534.882
6.29690496247603	39.4493084405532	19426.46	544.407
