0.272349782120174	4.78745617003506	7435.606	302.942
43.786194971044	99.969220024624	14421.671	8547.594
0.180979855216116	3.20255743795405	5270.171	196.628
1.22863901708879	19.8410241271807	16209.809	1154.123
6.29126496698803	68.2599053920757	16601.301	4598.899
15.0660779471376	92.4544060364752	12302.056	4973.823
1.27599897920082	20.5712835429732	15906.849	1228.648
32.5263939788848	99.8324201340639	13146.978	7141.396
0.364999708000234	6.35255491795607	9083.657	410.299
22.2392622085902	98.1458214833428	12210.571	6080.713
55.4490656407475	99.999280000576	17543.252	10347.922
0.168759864992108	2.98835760931391	4943.566	187.385
0.313959748832201	5.47667561865951	8116.19	343.146
0.614789508168394	10.5056915954467	12874.843	668.936
2.59782792173766	37.1757302594158	17486.273	1867.023
11.8363305309356	87.0531503574797	11872.836	4717.461
26.0054391956486	99.2882805693755	13242.946	6014.59
12.9665096267923	91.1299670960263	11807.865	4687.269
8.93104285516572	79.4200764639388	11670.338	4361.779
52.6376078899137	99.998020001584	15710.636	9035.444
1.2554589956328	20.239543808365	16137.052	1177.941
50.2411298070962	99.997660001872	15563.527	8575.848
60.5204015836787	99.999640000288	17402.532	10261.732
41.2110670311464	99.959860032112	14315.225	7608.562
55.4134056692755	99.999280000576	16940.905	9328.791
0.0677399458080434	1.21193903044878	2077.945	74.064
15.8172873461701	94.2540445967643	11553.486	4973.705
3.47837721729823	45.5025235979811	12094.286	3930.694
16.6843266525387	92.5714059428752	13032.924	5145.842
0.524889580088336	8.99081280734975	11367.5	570.222
0.392879685696251	6.83999452800438	9690.762	431.447
0.263899788880169	4.64021628782697	7281.318	296.356
23.3354713316229	97.3248421401263	12245.761	6096.851
1.23379901296079	19.9132040694367	16192.161	1056.97
0.133299893360085	2.36969810424152	3978.649	149.958
0.70291943766445	11.8312105350316	12830.533	753.62
44.2477046018363	99.984340012528	14709.788	8731.631
24.3511905190476	98.2014414388468	12129.179	5650.712
52.8459877232098	99.998920000864	16127.867	9186.202
0.553489557208354	9.46763242589406	11796.034	672.57
0.876699298640561	14.6246283002974	14978.306	768.415
50.006409994872	99.99640000288	15368.981	8742.214
0.114919908064074	2.04209836632131	3447.945	128.542
58.0456035635171	99.999640000288	18164.546	10390.644
0.7819893744085	13.1246895002484	13876.244	818.115
6.39261488590809	69.0331847734522	16684.557	4668.031
58.0233935812851	99.999460000432	16357.052	9672.461
1.7248086201531	26.589038728769	16678.396	1442.302
1.65070867943306	25.5614195508644	16403.459	1383.354
9.38462249230201	81.9076744738604	11087.675	4363.086
47.0538323569341	99.993340005328	15938.883	8899.706
60.5217015826387	99.999640000288	17215.196	10085.905
22.8861116911106	98.7340610127512	12792.692	5633.19
60.5217015826387	99.999640000288	17291.154	10066.573
0.0514599588320329	0.92159926272059	1628.891	55.548
47.4462520429984	99.995680003456	15424.065	8945.868
12.9125496699603	90.9290872567302	11621.447	4725.652
0.0573199541440367	1.02689917848066	1769.891	63.027
26.8190885447292	98.5538811568951	12788.195	6208.924
31.7475746019403	99.6706002635198	12851.648	6441.323
40.8223873420901	99.944740044208	15195.028	7830.637
0.194989844008125	3.44771724182621	5594.933	213.214
47.3639321088543	99.994240004608	14947.009	8429.325
1.89688848248921	29.0609767512186	16839.603	1578.773
9.33143253485397	81.7120146303883	12345.323	4508.134
44.6328442937246	99.991180007056	14785.777	8380.924
60.5216515826787	99.999640000288	17540.982	10224.989
58.0754135396692	99.999460000432	16952.959	10048.302
47.4302420558064	99.995680003456	16001.761	8536.584
35.5147415882067	99.9107200714239	13944.541	6897.781
30.4901756078595	99.3165405467676	13047.243	7089.265
11.7960505631596	86.8772904981676	11825.99	5268.268
0.194989844008125	3.44771724182621	5618.591	218.092
52.7582677933858	99.998740001008	16570.629	8971.59
3.21853742517006	42.6408858872913	14196.097	1455.094
25.2760697791442	98.8755408995673	12972.415	5947.149
19.5820843343325	97.5437219650224	12044.33	5919.05
2.71726782618574	38.6528090777527	17388.58	1744.659
37.0335203731837	99.8117201506239	14732.697	7303.486
0.12524989980008	2.22839821728143	3805.16	135.95
29.3992464806028	99.6850002519998	12812.546	6179.178
0.240779807376154	4.23251661398671	6621.646	268.672
29.2974265620587	99.6493602805118	12744.548	6802.709
2.26613818708945	32.9268336585331	16411.711	1607.43
37.0143703885037	99.8099201520639	14611.346	7277.576
40.7872473702021	99.941140047088	14209.222	7557.128
15.7568273945381	94.1145447083642	11358.822	4903.593
50.2421298062962	99.998020001584	15843.503	9400.556
7.73574381140495	72.3381621294703	11679.117	4343.802
44.6319242944606	99.990640007488	15225.936	8230.639
0.0504899596080323	0.904679276256579	1589.913	54.256
3.71835702531438	48.1598614721108	11605.148	4035.635
40.9028272777382	99.94870004104	15325.622	7675.347
35.4667716265827	99.9024400780479	14510.645	7165.819
20.8830532935574	96.6703626637099	12852.545	5493.821
52.8385177291858	99.99820000144	15923.118	9211.531
0.408829672936262	7.10567431546055	10054.686	427.305
29.3819564944348	99.6848202521438	13106.145	6270.575
0.115269907784074	2.04983836012931	3469.279	125.76
19.7875641699487	95.2384638092289	13497.897	5428.548
50.2341098127121	99.997480002016	15714.95	9388.356
6.37271490182808	68.9314848548121	15664.465	4436.512
0.215859827312138	3.81203695037044	6046.461	236.875
18.6169351064519	96.1076831138535	12469.48	5211.283
55.5412155670275	99.999460000432	16440.201	9415.318
2.24270820583344	32.5398339681328	16761.974	1547.007
0.51585958731233	8.82287294170165	11183.865	559.905
32.5681439454848	99.8443001245599	13269.006	6564.154
38.1313194949444	99.9202600637919	14431.727	7204.893
55.3635557091554	99.999280000576	17364.896	9874.267
0.876619298704561	14.6260682991454	14378.208	956.732
16.3345269323785	95.4118036705571	12690.013	5019.702
34.7921321662943	99.8081201535039	13962.601	6967.128
19.4409644472284	97.3628221097423	12282.332	5356.048
58.0532935573652	99.999460000432	16643.66	9731.75
1.563058749553	24.2591205927035	15998.168	1330.972
6.22880501695599	67.6948858440913	15063.265	4401.402
3.46415722867422	45.356903714477	16046.006	1841.416
38.4949992040006	99.945460043632	13774.04	7348.825
33.7966629626696	99.6450402839678	14208.602	6966.274
