83.7816429746856	99.948340041328	49303.971	12177.523
0.0710499431600455	1.2481190015048	267.127	7.247
90.5303875756899	100.0	50232.561	14558.304
0.0612099510320392	1.0859391312487	232.765	6.123
14.8447881241695	37.46985002412	13370.378	954.094
0.00396999682400254	0.0714599428320457	17.244	1.411
5.09707592233926	33.5562931549655	7636.848	367.551
27.3002381598095	63.6792690565848	22847.56	1759.753
0.696819442544446	10.6050515159588	2280.712	61.485
0.000819999344000525	0.0147599881920094	5.523	1.179
10.3112517509986	35.0079919936064	10706.173	667.063
76.0156891874486	99.6684402652478	45767.635	10330.838
66.0111071911142	92.8820856943315	43343.182	4855.449
1.97864841708127	20.4625636299491	4103.49	153.765
1.14584908332073	14.005068795945	2952.055	96.818
0.0188499849200121	0.336779730576216	74.383	2.39
0.00746999402400478	0.134099892720086	30.917	1.549
0.0978799216960626	1.69721864222509	362.412	10.041
3.49786720170624	30.4770356183715	6145.828	267.612
0.0127799897760082	0.229139816688147	50.97	2.082
0.208819832944134	3.56183715053028	753.953	19.985
0.299339760528192	4.98419601264319	1064.372	27.844
0.00215999827200138	0.0388799688960249	10.188	1.302
46.0879131296695	73.425181259855	32048.276	2845.793
0.0356899714480228	0.636119491104407	137.811	3.487
0.00278999776800179	0.0502199598240321	13.161	1.378
7.79179376656499	38.6915090467928	9835.969	538.317
0.464469628424297	7.47539401968478	1588.415	39.4
0.00553999556800355	0.0997199202240638	23.606	1.446
0.0174399860480112	0.3124797500162	69.123	2.46
56.1291250966999	83.6349530920375	37927.416	3409.834
36.2121910302472	64.018028785577	26140.861	2197.812
0.994869204104637	13.8891488886809	2972.451	85.01
