0.707429434056453	10.7938713649029	952.335	61.618
0.00413999668800265	0.0745199403840477	9.137	1.423
17.7730557815554	49.0964007228794	15288.089	1078.04
0.00165999867200106	0.0298799760960191	4.663	1.339
0.000669999464000429	0.0120599903520077	3.08	1.147
0.00117999905600076	0.0212399830080136	3.668	1.202
0.141699886640091	2.46761802590558	236.818	13.601
0.0620299503760397	1.10303911756871	99.195	6.611
1.08257913393669	13.2856093715125	1252.222	86.856
0.0907399274080581	1.60019871984102	141.255	9.094
10.8566013147189	37.2974101620719	10273.962	678.241
0.579769536184371	8.15363347709322	711.865	50.135
37.1760202591838	71.5773027381578	27818.703	2293.822
0.0131299894960084	0.235799811360151	24.996	2.064
0.0039099968720025	0.070379943696045	8.652	1.334
47.1462622829902	81.30377495698	34228.471	2833.103
0.0267099786320171	0.477179618256305	47.288	3.022
8.08677353058118	42.6974058420753	9469.301	559.95
0.00886999290400568	0.159479872416102	18.666	1.732
0.384639692288246	6.12935509651592	537.547	35.186
2.39830808135354	26.1500190799847	2731.396	189.96
0.195609843512125	3.33971732822614	302.723	18.476
83.7781129775096	99.943120045504	49097.383	9194.088
5.39091568726745	37.6919698464241	6430.893	378.235
66.8096665522668	97.0609623512301	45209.454	4883.421
0.317189746248203	5.30117575905939	472.903	27.76
90.5191675846659	100.0	52253.074	10377.318
26.6909186472651	56.8677145058284	20647.628	1595.507
54.1631166695067	77.3426981258415	37413.935	3218.121
75.9699092240726	99.5996803202557	48567.211	8419.447
0.0409099672720262	0.728099417520466	65.904	4.379
3.57438714049029	31.6799746560203	3863.324	358.621
0.0184299852560118	0.329399736480211	32.275	2.322
