58.0754135396692	99.999460000432	6021.327	1749.663
52.7699077840738	99.998740001008	6224.003	1789.98
24.8501001199199	98.5828611337111	5577.846	1702.214
8.37084330332536	76.1624390700487	5964.254	1678.664
0.152879877696098	2.71223783020974	5515.667	1451.105
55.5180955855235	99.999460000432	5783.354	1778.851
2.66588786728971	37.9787096170323	5584.268	1661.351
41.7030266375787	99.98290001368	5778.004	1748.533
28.2086074331141	99.2504805996155	5573.303	1556.734
0.631079495136404	10.6406914874468	5352.193	1600.586
38.6689790648167	99.959680032256	6126.61	1259.166
1.23191901446479	19.8840440927647	5931.335	1639.639
4.01380678895457	51.2783589773128	5488.082	1619.917
11.7872205702235	86.8456105235116	5561.247	1546.421
4.87352610117912	56.1495150803879	5919.026	1473.462
34.7328522137182	99.8012801589759	6028.093	1512.645
0.133889892888086	2.38103809516952	5972.917	1420.829
0.0572999541600367	1.02563917948866	5966.566	1325.572
0.201829838536129	3.55859715312228	5481.88	1604.728
60.5218915824867	99.999640000288	6150.896	1485.338
22.4079920736063	98.3105213515829	5958.498	1684.117
46.7283326173339	99.987040010368	5598.554	1293.338
1.38852888917689	21.7308426153259	5897.989	1187.002
44.5231643814685	99.98920000864	5611.66	1310.749
50.1188499049201	99.996940002448	5647.176	1566.337
14.094228724617	89.8519681184255	6008.956	1244.392
0.492999605600316	8.45135323891741	5578.453	1432.683
0.399549680360256	6.94439444448444	5928.559	1234.938
17.7009958392033	94.5604043516765	5600.717	1617.817
32.0838243329405	99.7474602020318	6202.832	1723.803
