0.901329278936577	1.26467898825681	63.311	28.947
14.102378718097	14.4703684237053	823.509	443.344
74.0989407208474	74.4677404258077	3089.576	1798.36
0.101039919168065	0.459719632224294	24.552	5.27
49.1012107190314	49.4655804275357	2095.309	1399.478
24.1023607181114	24.4679204256637	1026.328	703.784
69.0982047214362	69.4615844307325	2862.575	1915.413
1.29985896011283	1.66427866857707	81.096	41.035
94.1007047194362	94.4615844307325	3937.334	2871.728
34.0595427523658	34.2833125733499	1485.018	977.655
4.19882664093869	4.56353634917092	203.755	123.965
0.600649519480384	0.969839224128621	50.151	19.996
44.0996347202922	44.4642844285725	1830.388	1241.424
0.399569680344256	0.763739389008489	41.665	13.669
79.0998067201546	79.4632764293789	3294.02	2221.684
1.89983848012922	2.26421818862545	106.783	58.005
64.099668720265	64.4620884303293	2702.033	1548.624
2.80243775804979	3.16565746747403	145.721	86.436
89.098898720881	89.4678484257213	3696.541	2168.866
84.1007627193898	84.4638524289181	3445.864	2321.054
54.0920267263786	54.3829964936028	2281.872	1536.517
99.0592707525834	99.2807205754235	4131.405	3006.951
39.099618720305	39.4626284298973	1657.046	1119.858
59.1004027196778	59.4678124257501	2526.333	1645.613
9.40066247947002	9.75977219218225	422.218	243.752
29.1017367186106	29.4692164246269	1263.692	848.856
19.1000047199962	19.4662644269885	833.251	554.412
0.200439839648128	0.563759548992361	28.081	7.96
6.29979496016403	6.65711467430826	301.279	185.03
0.298179761456191	0.664559468352425	32.82	11.58
