47.3128821496943	50.9527392378086	24064.826	2156.678
0.0127499898000082	0.221399822880142	136.278	3.223
0.210919831264135	2.43179805456156	1337.473	18.179
77.3095281523775	80.9392752485798	38344.761	3622.366
27.3064681548255	30.9394552484358	14824.315	1276.289
0.0429699656240275	0.702359438112449	430.563	5.807
0.00190999847200122	0.0340199727840218	22.293	1.411
8.09094352724518	11.7232106214315	5587.998	380.446
0.709769432184454	4.09949672040262	2002.175	43.401
0.0931099255120596	1.34621892302486	804.036	10.544
1.45496883602493	4.09625672299462	1920.786	70.46
97.1827422538062	99.7721201823039	47015.984	5408.629
0.00573999540800367	0.102419918064066	64.344	2.175
0.0638599489120409	0.993959204832636	605.149	8.148
18.2055154355877	21.846942522446	10457.128	880.71
0.00297999761600191	0.0534599572320342	34.533	1.742
0.00433999652800278	0.0779399376480499	49.67	1.944
0.00868999304800556	0.152639877888098	95.346	2.743
12.1347602921918	15.7831073735141	7489.718	575.101
1.06510914791268	4.62293630165096	2189.918	59.257
0.14081988734409	1.85813851348919	1095.645	13.696
5.39385568491545	9.02915277667778	4314.762	268.779
0.0188599849120121	0.324539740368208	199.2	3.696
0.0277399778080178	0.462959629632296	280.783	4.612
2.39939808048154	6.02135518291585	2859.062	122.454
0.316559746752203	3.01769758584193	1562.232	24.12
67.3098861520911	70.9518032385574	33619.888	3049.598
57.3058341553327	60.947951241639	29417.842	2616.246
87.3080601535519	90.9357472514022	43018.639	4006.6
3.5912371270103	7.16075427139658	3422.779	173.264
0.473559621152303	3.60593711525031	1803.64	31.505
0.00105999915200068	0.0190799847360122	13.359	1.39
37.3147901481679	40.9533872372902	19548.04	1726.776
