12.9717896225683	91.1659670672263	12161.039	2605.825
0.455659635472292	7.83179373456501	10399.121	465.664
0.841279326976538	14.054388756489	14494.654	906.19
33.3635133091894	99.5539603568317	14069.962	4547.552
60.5217015826387	99.999640000288	17681.528	7534.27
0.268259785392172	4.71077623137901	7305.034	300.887
0.194369844504124	3.4423172461462	5638.428	217.182
0.0643299485360412	1.15271907782474	2022.69	72.781
2.4985680011456	35.899711280231	16601.66	1704.334
1.67064866348107	25.8350193319845	16573.272	1413.152
3.98787680969855	51.0508391593287	14990.123	1707.401
0.403649677080258	7.00721439422848	10104.711	374.93
26.0054391956486	99.2882805693755	13179.448	3455.705
55.5007255994195	99.999280000576	17693.602	6916.608
7.51246399002881	71.0068831944934	12903.189	2254.655
44.6319242944606	99.990640007488	15267.193	5937.398
46.6020527183578	99.984520012384	14911.565	6121.121
29.4033164773468	99.6891402486878	13146.294	3704.484
6.3986848810521	69.1064447148442	17317.072	2068.097
58.0296535762771	99.999460000432	16650.7	7190.444
37.6498898800881	99.8722001022399	14140.573	5186.148
31.8899144880684	99.7026402378878	14113.085	4072.5
21.846882522494	97.7554017956786	12543.081	3428.66
50.1436398850881	99.997840001728	16418.451	6267.933
14.9196480642815	92.0015263987789	11585.07	2817.243
40.3283077373538	99.9128800696959	14353.546	5097.082
52.9136776690579	99.998740001008	15820.598	6444.012
19.4547644361885	97.3876620898703	12563.389	3212.89
0.133719893024086	2.38103809516952	4056.755	146.016
1.27484898012082	20.5342035726371	16279.005	1116.703
