67.7240058207953	94.1177847057722	20507.469	10288.695
51.628238697409	75.8170193463845	16682.006	7632.281
11.7800605759515	35.6399714880228	6583.52	1728.615
44.0534747572202	80.0678959456832	18792.925	6925.69
88.4494292404566	99.997480002016	24310.604	12619.208
2.25008819992944	21.4594028324777	4639.782	714.15
9.38680249055801	44.6244843004126	9797.148	1681.496
58.9241328606937	92.7951457638834	21381.124	8910.234
58.1865434507652	86.7100706319435	19180.55	8527.444
0.117819905744075	2.02085838331329	2573.584	131.951
81.6689946648043	99.96040003168	23206.469	11775.878
75.3247797401762	96.6043027165578	21422.722	10969.776
85.2721817822546	99.98830000936	24614.388	12610.48
6.29915496067603	39.7083282333374	8855.521	1315.653
23.2228114217509	51.8880184895852	10482.429	3270.97
67.3902860877711	92.9317656545875	23167.233	10205.348
88.5867191306247	99.99910000072	23581.125	12910.176
0.289749768200185	4.8488361209311	5085.278	313.962
44.0563247549402	80.1614958708033	18879.896	6667.463
9.08111273510981	40.4047476762019	7662.239	1425.891
36.2714209828632	59.8830720935423	16166.318	5957.391
72.7170118263905	97.9235216611827	21079.951	10325.57
0.26601978718417	4.44329644536284	4533.776	291.09
51.8943384845292	76.594798724161	19619.485	7600.203
19.0803647357082	55.3206157435074	12767.051	3134.855
9.380452495638	44.5254843796125	9593.33	1721.955
36.2873909700872	59.9037720769823	12894.262	5312.894
46.1036731170615	69.4761644190685	18269.26	6840.855
3.9058468753225	30.2522157982274	6003.011	969.294
33.9111328710937	67.9189856648115	15474.509	5372.767
29.0760067391946	65.3160077471938	14807.274	4611.511
23.6486210811031	54.8585561131551	11438.363	3702.141
77.1562682749854	99.2877405698075	21943.023	11062.8
0.597569521944382	9.33101253518997	7003.017	524.595
91.5613267509386	100.0	24240.48	13134.485
56.5519747584202	80.6001555198756	17915.745	8337.896
5.69689544248365	32.6912138470289	6330.98	1110.658
0.098489921208063	1.72853861716911	2672	109.608
51.496408802873	75.4692596245923	19480.376	7697.475
0.901559278752577	13.1830094535924	7738.682	674.824
3.51941718446625	26.3921188863049	4967.753	858.944
1.8699185040652	22.1972222422222	6171.671	846.848
0.0998399201280639	1.75445859643312	2702.619	113.777
0.818799344960524	11.8267105386316	6126.65	511.219
81.4292348566121	99.8709401032479	23707.086	11994.317
43.9289648568281	78.0382175694259	18139.649	6784.267
63.6719590624327	94.8462441230047	22149.143	9526.813
6.53126477498818	27.6386178891057	5359.765	1045.132
5.99614520308384	35.5208115833507	6752.899	1059.26
0.48455961235231	7.48403401277279	5120.521	332.063
1.80223855820915	21.1507030794375	5578.073	806.772
6.28658497073202	39.6858282513374	9108.129	1387.628
37.9118896704883	65.2731677814658	13860.511	5518.148
1.80165855867315	21.1021031183175	5680.648	818.385
2.79970776023379	28.4424972460022	7401.991	1006.692
85.3116517506786	99.987760009792	23615.107	12816.445
23.8596709122633	57.0349343720525	11753.803	3716.3
91.5613267509386	100.0	24226.264	13015.894
72.2286822170542	96.6023227181418	21902.854	10676.195
2.79565776347379	28.3789572968342	7452.082	1001.51
19.0894247284602	55.1649158680673	12598.532	3000.247
34.0847627321898	70.303443757245	16494.357	5387.405
24.0328007737594	59.2330926135259	12684.571	3829.631
61.9180104655916	86.6857706513835	22299.272	9393.253
12.7830597735522	39.3787484970012	7448.935	1998.565
1.29029896776083	17.3496461202831	6332.984	800.388
33.9564828348137	68.4906652074678	15467.4	5181.652
58.8279729376217	91.6462066830346	21416.167	8923.291
53.9385068491945	88.2029894376085	20023.761	8001.908
77.2972881621695	99.4740404207677	23639.161	11768.211
60.8031713574629	83.8127929497656	21949.913	9014.147
0.399289680568256	6.54569476344419	6207.987	398.486
28.3481873214501	57.6859938512049	11912.67	4406.302
0.200999839200129	3.45005723995421	4420.516	223.694
26.602788717769	50.7331394134885	10529.643	3928.027
19.0851547318762	55.0867959305633	11984.731	3063.286
61.6010007191994	85.8037713569829	22088.108	9290.096
0.29675976259219	4.98041601566719	5436.931	329.856
65.3406177275058	87.7713497829202	23082.789	9463.131
33.8580629135497	67.192866245707	15290.857	5309.981
70.9622332302134	93.71782502574	24647.082	10726.783
85.2438218049426	99.986320010944	24191.394	12142.302
0.252539797968162	4.10885671291463	3782.201	245.418
77.0308083753533	99.1005407195674	22136.761	11777.868
47.5100419919664	73.6636810690551	18901.253	7305.593
0.400009679992256	6.54515476387619	6136.91	317.112
0.589469528424377	9.20213263829389	6781.805	453.92
49.0280707775434	84.342532525974	19126.019	7215.715
0.833039333568533	10.937511249991	3838.679	504.788
91.5643267485386	100.0	24102.428	13219.634
0.401919678464257	6.58799472960422	6247.095	396.693
0.602129518296385	9.43613245109404	7074.593	533.956
72.7170118263905	97.9235216611827	21241.314	10635.931
80.1309258952593	99.1145807083354	24725.074	11809.325
4.18416665266668	33.9220528623577	7502.167	1148.031
0.904459276432579	13.2598693921045	7625.303	663.162
14.104378716497	50.2075398339681	11454.384	2170.482
0.17232986213611	2.94767764185789	3645.541	193.02
88.5748991400807	99.998560001152	24733.905	12978.167
17.7145958283233	44.3652845077724	10084.351	2911.236
81.33042493566	99.8408801272959	22599.707	11744.434
39.075838739329	75.3986996810403	17866.782	6046.471
41.0001471998822	64.2061286350971	13854.313	6132.196
66.0524871580103	89.3130485495612	23011.487	9610.11
13.987018810385	48.488361209311	9737.323	2147.148
0.290349767720186	4.8500961199231	5167.814	305.589
85.1925718459425	99.980740015408	24008.673	12040.782
0.0998599201120639	1.76129859096113	2734.233	110.993
91.5633167493466	100.0	24103.88	12728.673
1.29780896175283	17.5283859772912	6634.888	735.771
88.6926490458808	99.999640000288	23948.536	13001.097
0.901359278912577	13.2298094161525	7294.051	696.385
0.0957999233600613	1.68065865547308	2633.813	106.45
3.50332719733824	26.2733189813448	5140.703	851.849
29.0882167294266	65.2351878118498	15077.524	4483.965
0.198989840808127	3.40631727494618	4317.67	207.834
48.365021307983	77.9030376775699	18912.421	7237.919
1.30331895734483	17.5186659850672	6515.503	791.315
1.07967913625669	12.6939498448401	3630.467	506.743
2.77715777827378	28.0257975793619	6907.767	788.764
