64.099958720033	64.100108719913	7772.917	4581.459
49.0999707200234	49.1001807198554	6188.576	3575.353
14.099998720001	14.100108719913	1750.679	1090.489
24.0999907200074	24.1001807198554	2959.03	1766.11
0.200009839992128	0.200159839872128	29.349	15.971
79.0999467200426	79.1000367199706	9622.505	5636.383
39.099978720017	39.100108719913	4952.653	2806.557
99.0999307200554	99.1000007199994	12014.585	6952.976
74.0999507200394	74.1001807198554	9194.869	5485.961
89.099938720049	89.100108719913	11037.38	6114.784
0.900009279992576	0.900179279856576	124.752	70.584
44.0999747200202	44.1001447198842	5547.545	3178.294
34.0999827200138	34.1002527197978	4558.814	2579.257
6.30000495999603	6.30017495986003	762.335	452.869
19.0999947200042	19.1001447198842	2322.302	1356.318
0.300009759992192	0.300239759808192	42.945	23.895
4.20000663999469	4.20029663976269	540.583	319.597
0.600009519992384	0.600119519904384	83.477	46.027
0.100009919992064	0.100259919792064	17.527	9.135
84.0999427200458	84.1000727199418	9923.482	5644.449
1.90000847999322	1.90007847993722	242.134	144.063
1.30000895999283	1.30013895988883	176.948	102.237
9.40000247999802	9.40013247989402	1163.869	701.767
2.80000775999379	2.80025775979379	345.789	215.373
59.0999627200298	59.1000727199418	7132.629	4077.848
69.0999547200362	69.1001447198842	8580.052	4840.037
0.400009679992256	0.400139679888256	55.954	30.043
94.0999247200602	94.0999647200282	11549.449	6568.845
29.0999867200106	29.1002167198266	3669.515	2178.979
54.0999667200266	54.1002167198266	7118.584	4021.003
