0.000789999368000506	0.0142199886240091	10.211	1.056
0.00118999904800076	0.0214199828640137	14.844	1.002
0.00244999804000157	0.0440999647200282	28.665	1.299
0.0035999971200023	0.0647999481600415	41.532	1.319
0.0043699965040028	0.0786599370720503	50.03	1.335
0.00528999576800339	0.0952199238240609	59.297	1.324
0.0112099910320072	0.201599838720129	125.099	1.857
0.0150099879920096	0.269279784576172	165.806	1.924
0.0177599857920114	0.318959744832204	195.528	2.191
0.0255399795680163	0.457559633952293	278.247	2.832
0.0429699656240275	0.768959384832492	467.31	4.32
0.0821299342960526	1.46555882755294	879.348	8.001
0.0825499339600528	1.46627882697694	877.643	8.091
0.163999868800105	2.89025768779385	1725.388	15.309
0.207229834216133	3.61079711136231	2157.375	19.424
0.393009685592252	6.60347471722023	4016.324	35.153
0.42255966195227	7.24409420472464	4357.738	38.087
0.839879328096538	13.5181691854647	8044.31	72.735
0.857459314032549	13.2582493934005	7973.299	73.708
1.92137846289723	24.9213400629279	14577.257	157.179
2.14599828320137	30.5304955756035	18242.365	182.984
4.49344640524288	48.7234410212472	26662.351	359.35
5.88444529244377	51.9112384710092	26620.718	443.326
9.05006275994979	61.4823708141033	29733.924	644.691
16.0273971780823	80.8852752917798	38168.666	1075.838
19.5490643607485	73.0367415706068	34928.197	1255.157
31.221035023172	88.8493689205049	41910.101	1952.706
41.6076167139066	96.6548826760939	45017.632	3565.317
51.2420990063208	99.5456803634557	46729.046	5020.589
59.388182489454	99.944020044784	47097.253	5762.717
65.4124076700739	99.940420047664	47275.561	6385.72
72.5272219782224	99.99730000216	48318.927	7507.12
78.6686370650904	100.0	48954.834	8918
