0.597259522192382	3.88799688960249	3749.412	2342.602
84.0972227222218	87.7184298252561	3477.189	2379.997
14.099598720321	17.7463658029074	3356.281	2199.331
34.0991727206618	37.7461498030802	3385.083	2349.536
1.29911896070483	4.89221608622713	3690.445	2302.122
49.0978707217034	52.7169178264657	3863.894	2398.049
0.901939278448577	4.40549647560282	3333.71	2195.254
24.0992807205754	27.7349178120657	3393.476	2303.843
69.1003247197402	72.7451418038866	3797.378	2478.049
6.30161495870803	9.94571204343037	3609.103	2328.652
1.89989848008122	5.54075556739555	3307.021	2214.685
74.1063507149194	77.7568777944978	3458.574	2404.945
98.6512310790151	99.999460000432	3505.089	2427.462
19.0961547230762	22.7269618184305	3337.716	2277.815
79.0990367207706	82.748993800805	3926.444	2545.674
29.1054967156026	32.7320738143409	3329.217	2248.043
43.796694962644	46.1024631180295	3764.051	2443.141
54.0957167234266	57.7234338212529	3855.61	2426.999
0.201519838784129	2.35385811691351	3379.979	2231.554
94.0936947250442	97.6580218735825	3478.64	2436.156
0.0995299203760637	1.42361886110491	3368.651	2169.752
0.304089756728195	2.95793763364989	4059.193	2218.112
39.101808718553	42.7451058039154	3441.709	2280.336
4.19884664092269	7.85411371670903	3351.006	2211.052
2.80238775808979	6.44291484566812	3614.897	2360.862
0.401239679008257	3.35915731267415	3774.922	2361.167
89.101228719017	92.7481658014674	3563.632	2432.64
9.39857248114201	13.0226295818963	3417.107	2215.136
59.0934127252698	62.7385898091282	3834.782	2476.437
64.099258720593	67.7316058147154	3461.41	2384.155
79.1021867182506	82.7317138146289	4490.765	2472.35
49.0918507265194	52.7374378100498	3765.679	2385.308
2.80207775833779	6.43085485531612	3826.355	2390.755
14.104278716577	17.7445658043474	3666.653	2305.22
18.79097496722	21.1213631029095	3686.923	2369.111
64.101328718937	67.7424058060754	3484.291	2369.166
34.1039527168378	37.7571297942962	3752.446	2435.834
39.101818718545	42.7440258047794	3376.056	2270.622
0.398269681384255	3.37265730187416	3649.823	2280.242
0.200569839544128	2.35475811619351	3448.751	2180.407
69.0979647216282	72.7494618004306	3505.618	2388.572
1.89880848095322	5.53625557099554	3734.599	2327.464
44.1003447197242	47.7492818005746	3419.81	2301.772
0.901969278424577	4.41053647157082	3711.321	2313.65
0.600229519816384	3.9045568763545	3684.739	2329.065
93.9336248531001	96.5267227786218	3535.749	2427.743
54.0955167235866	57.745753803397	3842.814	2484.198
29.1049767160186	32.750793799365	3388.37	2298.441
9.40314247748602	13.0373895700883	3299.95	2214.783
0.300339759728192	2.95793763364989	3628.805	2342.176
1.29958896032883	4.91993606405115	3325.576	2222.173
74.0979707216234	77.7453578037138	3461.458	2389.735
88.9017288786169	91.4231868614505	3835.507	2521.143
24.1006807194554	27.7662377870098	3433.323	2246.614
