0.000619999504000397	0.0111599910720071	8.197	1.027
0.00099999920000064	0.0179999856000115	12.612	1.137
0.00170999863200109	0.0307799753760197	20.385	1.299
0.00195999843200125	0.0352799717760226	22.961	1.275
0.00420999663200269	0.0757799393760485	47.245	1.332
0.00748999400800479	0.134819892144086	82.291	1.727
0.0114099908720073	0.205019835984131	126.31	2.21
0.0118899904880076	0.213839828928137	130.423	2.134
0.0254299796560163	0.456479634816292	276.388	3.452
0.0345299723760221	0.618299505360396	381.115	4.614
0.0388799688960249	0.695519443584445	434.381	5.464
0.0785099371920503	1.3985988811209	887.809	10.294
0.0915699267440586	1.62215870227304	942.411	11.873
0.1561898750481	2.75075779939376	1306.082	19.799
0.166629866696107	2.90987767209786	1129.161	21.522
0.370469703624237	6.35291491766807	1657.934	46.087
0.45372963701629	7.59689392248486	1672.126	52.876
0.662649469880424	10.7175514259589	1877.508	78.417
0.992739205808635	15.2515677987458	2391.925	171.65
1.61073871140903	22.8747417002066	3238.098	289.705
3.23617741105807	41.3315669347465	4708.1	570.295
4.09740672207462	44.3539445168444	3704.192	643.887
6.04831516134787	53.2425174059861	3844.762	796.958
9.41633246693403	63.7638689889048	4713.599	959.354
12.9406296474963	65.9125272699782	4653.93	943.704
24.3913004869596	89.076348738921	5818.825	1414.177
33.8035829571336	95.4332236534211	5738.144	3821.927
43.4484552412358	99.2965605627516	5594.549	3960.553
51.8695485043612	99.8574401140479	6070.357	4083.435
57.9979836016131	99.6698802640958	6066.941	4036.053
65.2445678043458	99.930880055296	5701.871	4006.343
72.7521617982706	99.998560001152	6189.288	4169.194
78.6534770772183	100.0	5888.859	4021.791
