44.0534747572202	80.0678959456832	18792.925	6925.69
88.4494292404566	99.997480002016	24310.604	12619.208
9.38680249055801	44.6244843004126	9797.148	1681.496
58.9241328606937	92.7951457638834	21381.124	8910.234
0.117819905744075	2.02085838331329	2573.584	131.951
23.2228114217509	51.8880184895852	10482.429	3270.97
0.26601978718417	4.44329644536284	4533.776	291.09
51.8943384845292	76.594798724161	19619.485	7600.203
33.9111328710937	67.9189856648115	15474.509	5372.767
91.5613267509386	100.0	24240.48	13134.485
3.51941718446625	26.3921188863049	4967.753	858.944
0.818799344960524	11.8267105386316	6126.65	511.219
5.99614520308384	35.5208115833507	6752.899	1059.26
37.9118896704883	65.2731677814658	13860.511	5518.148
72.2286822170542	96.6023227181418	21902.854	10676.195
77.2972881621695	99.4740404207677	23639.161	11768.211
19.0851547318762	55.0867959305633	11984.731	3063.286
61.6010007191994	85.8037713569829	22088.108	9290.096
65.3406177275058	87.7713497829202	23082.789	9463.131
85.2438218049426	99.986320010944	24191.394	12142.302
0.400009679992256	6.54515476387619	6136.91	317.112
0.589469528424377	9.20213263829389	6781.805	453.92
81.33042493566	99.8408801272959	22599.707	11744.434
13.987018810385	48.488361209311	9737.323	2147.148
0.0998599201120639	1.76129859096113	2734.233	110.993
29.0882167294266	65.2351878118498	15077.524	4483.965
48.365021307983	77.9030376775699	18912.421	7237.919
1.30331895734483	17.5186659850672	6515.503	791.315
1.07967913625669	12.6939498448401	3630.467	506.743
2.77715777827378	28.0257975793619	6907.767	788.764
