0.000949999240000608	0.0170999863200109	2247.674	1048.968
0.00176999858400113	0.0316799746560203	2171.936	1062.338
0.00297999761600191	0.0532799573760341	2218.655	1103.943
0.00422999661600271	0.075059939952048	2166.98	997.876
0.00581999534400372	0.103319917344066	2240.729	1339.174
0.00878999296800563	0.154799876160099	2244.45	1050.764
0.0127999897600082	0.224279820576144	2250.491	948.311
0.0197499842000126	0.340559727552218	2227.482	1092.329
0.0271899782480174	0.462419630064296	2164.006	1084.669
0.0417799665760267	0.679859456112435	2251.237	1026.673
0.0623799500960399	0.976319218944625	2212.472	1047.577
0.0933099253520597	1.35161891870487	2266.377	1121.198
0.141479886816091	1.8685785051372	2251.474	1085.485
0.210739831408135	2.41469806824155	2280.267	1266.297
0.315819747344202	3.00977759217793	2228.889	1340.649
0.473099621520303	3.57839713728229	2313.212	1106.348
0.710489431608455	4.13351669318665	2221.818	1022.457
1.06305914955268	4.61411630870695	2243.531	1077.11
1.59917872065702	5.22899581680335	2235.959	1091.006
2.40287807769754	6.03359517312386	2183.047	1275.26
3.5928671257063	7.1893742485006	2231.293	1075.87
5.39178568657145	9.01799278560577	2267.247	1228.879
8.09476352418918	11.7286106171115	2258.434	1234.124
12.1361002911198	15.7841873726501	2249.789	1090.249
18.2047054362357	21.853782516974	2266.103	1191.928
27.3146781482575	30.9583552333158	2224.313	997.795
37.3073801540959	40.9339472528422	2172.507	1179.43
47.3107821513743	50.9484192412646	2270.448	1183.445
57.3087841529727	60.928331257335	2234.778	1185.759
67.3116461506831	70.9698032241574	2244.058	1215.653
77.3134281492575	80.9425152459878	2239.631	1249.442
87.3133001493599	90.9695872243302	2248.805	1283.851
97.2235022211982	99.9094600724319	2240.644	1255.417
