58.0756135395092	100.0	13844.937	8824.076
52.5325979739216	99.99730000216	13794.339	8693.659
0.0653499477200418	1.17107906313675	77.303	7.776
0.246109803112158	4.32899653680277	277.266	24.344
1.89863848108922	29.0613367509306	1955.968	186.15
60.5142215886227	100.0	14190.384	11014.555
19.6559742752206	97.6713418629265	8410.529	2996.833
41.6490166807867	99.98020001584	11439.834	6367.143
9.33723253021398	81.7681745854603	6266.623	875.621
43.6128751096999	99.964540028368	12325.198	6837.408
27.8882376894098	99.0931607254714	9650.785	3824.335
37.4105200715839	99.8520401183679	10856.976	4743.552
2.69961784030573	38.4992692005846	2697.954	259.576
0.744859404112477	12.507469994024	814.149	78.569
0.507509593992325	8.71361302910958	565.468	50.194
46.5237227810218	99.9820000144	12811.825	7784.754
50.1232799013761	99.996760002592	13356.758	8362.667
0.295709763432189	5.16941586446731	343.117	32.31
22.4185920651263	98.3089013528789	8823.3	3219.882
55.5413155669475	100.0	13640.799	8737.394
5.25385579691536	59.4996724002621	4424.921	505.004
0.20258983792813	3.5879371296503	231.578	21.878
35.2204118236705	99.8668001065599	10414.262	4582.458
12.1352402918078	88.1963294429364	6929.087	1105.295
0.12424990060008	2.21093823124941	144.02	14.417
25.6739194608644	99.1189007048794	9302.414	4106.998
14.1856386514891	90.0805679355456	7208.058	1280.952
31.9511744390604	99.7125402299678	10021.505	5726.869
4.28776656978674	54.2352166118267	4001.403	448.316
1.29352896517683	20.8702633037894	1399.317	127.444
22.4965820027344	98.377661297871	8571.976	3743.967
4.13721669022665	52.6258378993297	3897.098	428.666
38.1033195173444	99.9170200663839	10900.185	5667.641
0.270329783736173	4.75487619609904	312.773	26.787
28.3807672953862	99.3352605317916	9502.421	4967.812
