89.099938720049	89.100108719913	3916.623	2492.287
94.0999347200522	94.1001447198842	3572.033	2392.852
79.0999467200426	79.1002167198266	3488.987	2403.122
29.0999867200106	29.1002167198266	3751.063	2366.724
14.099998720001	14.100288719769	3373.748	2196.789
6.30000495999603	6.30017495986003	3677.036	2343.821
24.0999907200074	24.1001807198554	4522.122	2406.383
0.200009839992128	0.200159839872128	3675.092	2316.474
9.40000247999802	9.40031247975002	3687.252	2398.25
0.900009279992576	0.900179279856576	3307.989	2184.009
0.300009759992192	0.300239759808192	3321.882	2156.916
84.0999427200458	84.1000727199418	3515.571	2400.106
0.400009679992256	0.400139679888256	3362.326	2180.518
69.0999547200362	69.0999647200282	3561.862	2375.749
99.0999307200554	99.1000007199994	3896.419	2592.302
44.0999747200202	44.1001447198842	3447.212	2292.959
0.100009919992064	0.100079919936064	3373.475	2196.066
39.099978720017	39.100108719913	3515.833	2281.938
54.0999567200346	54.1000367199706	3837.165	2438.119
49.0999707200234	49.1001807198554	4454.821	2469.501
34.0999827200138	34.1000727199418	3423.212	2288.753
74.0999507200394	74.1001807198554	3886.009	2473.102
1.30000895999283	1.30013895988883	3614.242	2300.428
2.80000775999379	2.80025775979379	3642.877	2308.706
0.600009519992384	0.600119519904384	3335.799	2213.217
64.099958720033	64.100108719913	3958.578	2454.127
1.90000847999322	1.90025847979322	3372.631	2210.387
4.20000663999469	4.20011663990669	3672.093	2309.771
19.0999947200042	19.1003247197402	3356.497	2237.293
59.0999627200298	59.1002527197978	3459.156	2343.531
