0.18737985009612	3.20453743637005	1917.632	20.96
63.5306391754887	93.74032500774	46156.829	4529.622
9.374292500566	44.1377646897882	21180.812	660.236
88.5312791749767	99.998560001152	49130.349	5588.832
84.5720023423981	99.9101800718559	49399.167	5268.284
0.891519286784571	13.0998495201204	7819.77	83.385
80.1780358575713	99.1388806888955	48170.421	4948.97
0.601819518544385	9.44081244735004	5622.315	60.197
1.29535896371283	17.4448660441072	10269.082	116.741
26.9615184307853	51.7738985808811	24866.106	1731.643
6.16890506487595	37.6262698989841	18039.966	461.628
34.1010827191338	70.4902836077731	34265.928	2187.682
50.7250094199925	73.6570210743831	36202.739	3142.602
91.5659867472106	100.0	49013.276	5663.141
56.1636350690919	79.5880163295869	38995.197	3543.68
42.191356246915	67.4958060033552	32777.438	2711.021
2.87968769624984	21.7882625693899	10659.976	210.512
1.04878916096867	12.3722901021679	6981.5	92.425
2.80312775749779	28.4795772163382	15086.749	234.459
77.2104882316094	99.3565005147996	48419.776	6308.743
0.398269681384255	6.52913477669218	3881.094	40.271
49.0648607481114	84.8393321285343	41367.024	3204.4
14.095028723977	50.2386798090562	24197.117	995.846
38.9327088538329	72.9478216417427	35601.884	3316.217
0.0970999223200621	1.7114386308491	1036.137	11.502
15.9742372206102	38.9701488238809	18293.568	1025.705
67.9003256797395	94.7915241667807	46399.642	4264.402
24.0942807245754	60.5069515944387	29020.31	1594.004
72.9616516306787	98.6329010936791	48047.237	4488.506
0.161069871144103	2.69711784230573	1652.912	17.841
1.85814851348119	22.0336023731181	12226.832	166.618
48.3048113561509	77.5246779802576	37385.727	3221.597
24.0651907478474	59.8447321242143	28959.643	1681.951
0.0987799209760632	1.73861860910511	1049.981	12.064
2.52844797724162	24.5003203997437	12757.964	205.7
4.03718677025058	31.8084945532044	15903.568	315.401
84.7957421634063	99.94420004464	49110.224	6844.758
0.893059285552572	13.0649295480564	7867.418	81.256
