0.0636699490640407	1.14029908776073	1990.789	72.288
0.136009891192087	2.41397806881754	4085.864	155.452
19.5289243768605	97.4675820259344	12044.51	2875.613
2.55264795788163	36.6225907019274	17321.859	1692.278
5.90829527336378	65.0622079502336	12860.638	1802.36
27.8930876855299	99.1253806996954	13717.204	3690.695
34.9681720254624	99.8302601357919	13467.563	4461.873
10.992261206191	83.6014731188215	12072.657	2179.987
0.269509784392172	4.73903620877103	7365.262	246.469
60.5204015836787	99.999640000288	17766.059	7865.41
55.4490656407475	99.999280000576	17448.139	7172.566
22.7684817852146	98.6402810877751	12080.914	3431.057
0.596019523184381	10.1766518586785	12519.28	652.815
47.1897022482382	99.993880004896	16528.511	5939.223
3.22949741640207	42.7755257795794	15460.967	1551.012
38.7388190089448	99.964720028224	14262.187	5573.065
52.7582677933858	99.998740001008	16615.77	6531.235
9.375402499678	81.9202744637804	11664.67	2262.736
44.0688747449002	99.978760016992	14769.701	5747.744
40.2981777614578	99.9087400730079	14091.595	5574.017
0.835719331424535	13.9390088487929	14394.79	910.307
15.7380674095461	94.0940247247802	12183.284	2745.192
32.5229539816368	99.8417801265759	13646.579	4474.66
0.196709842632126	3.47921721662623	5675.404	223.138
1.86530850775319	28.6113371109303	16753.288	1537.234
0.408799672960262	7.08803432957254	10160.218	458.73
23.8692709045833	97.8157017474386	12856.964	3370.423
58.0758535393172	99.999460000432	17585.571	7311.426
1.02431918054466	16.6595266723787	14795.147	1015.231
50.033639973088	99.997120002304	16235.461	6204.637
