6.30179495856403	9.93689205048636	749.339	209.172
39.098738721009	42.7298058161553	3271.664	1136.53
68.75132499894	71.0187631849895	5064.145	1877.205
74.1039207168634	77.7311378150898	5419.37	1794.408
94.0983547213162	97.7375818099346	6851.075	5271.571
0.303829756936194	2.9703576237139	233.325	28.501
84.0975027219978	87.7470498023602	6357.833	2201.531
1.30559895552084	4.89473608421113	359.544	67.87
4.19967664025869	7.83827372938102	588.947	151.088
19.1001347198922	22.7527017978386	1667.327	591.931
89.098228721417	92.7438458049234	7272.229	4820.101
54.0981267214986	57.748813800949	4384.951	1506.598
0.897959281632575	4.42889645688283	312.357	53.945
79.1052667157866	82.735133811893	6271.31	2198.581
98.6036311170951	99.996760002592	7722.754	5419.281
34.0980027215978	37.7434498052402	2839.663	913.949
0.200439839648128	2.32415814067349	176.466	21.196
29.1026767178586	32.749173800661	2346.911	863.961
14.093478725217	17.6039859168113	1294.651	381.495
2.80068775944979	6.44327484538012	444.309	111.313
24.1041007167194	27.7525577979538	2100.72	719.55
1.90005847995322	5.56469554824356	406.563	84.855
0.0995999203200637	1.42361886110491	132.302	12.984
9.39419248464601	13.0454895636083	964.582	308.389
49.1018007185594	52.7422978061618	3998.496	1414.443
0.603619517104386	3.9040168767865	269.2	43.221
59.1007127194298	62.7344498124401	4758.131	1497.627
44.0939247248602	47.7332618133905	3353.579	1270.522
0.398939680848255	3.36293730965015	242.368	34.163
64.102208718233	67.7524857980114	5084.748	1656.908
