60.5229315816547	99.999640000288	4300.555	2576.333
35.4675216259827	99.8974000820799	4445.639	2617.238
0.770619383504493	12.9178696657043	4048.487	2378.512
52.7898377681298	99.998740001008	3880.625	2469.667
58.0209335832531	99.999640000288	4285.511	2600.603
8.79052296758163	78.5841571326743	4249.089	2470.073
0.0645399483680413	1.15415907667274	4076.582	2352.992
37.3700601039519	99.8500601199519	4295.592	2556.723
3.82724693820245	49.3284205372636	3786.185	2287.455
0.514279588576329	8.80343295725363	3745.388	2382.882
41.6142167086266	99.976780018576	3932.121	2506.761
5.53507557193954	61.9689104248717	3808.918	2331.598
49.951090039128	99.996040003168	3871.955	2699.423
0.110359911712071	1.96109843112126	3740.396	2288.78
47.4703920236864	99.995140003888	4275.995	2467.12
21.2270830183336	97.0847223322221	3808.357	2455.072
32.4520540383568	99.8187401450079	3878.66	2410.341
1.18555905155276	19.2009446392443	3761.796	2320.79
0.357239714208229	6.21971502422798	3711.293	2278.732
1.89876848098522	29.1025567179546	4141.977	2477.128
0.201889838488129	3.57353714117029	3699.045	2341.066
25.9493992404806	99.2380606095515	4231.664	2480.429
12.9679396256483	91.1355470915623	4309.572	2337.418
44.3974944820044	99.988840008928	4380.279	2500.286
55.4418356465315	99.999280000576	4237.67	2493.041
13.5862191310247	88.3810092951926	4343.173	2509.337
2.31417814865748	33.5325331739735	4095.41	2349.972
29.4126164699068	99.6914802468158	4361.792	2556.168
0.228749817000146	4.02443678045058	3757.314	2324.389
19.6227943017646	97.6015019187985	4222.363	2405.444
