0.597939521648383	0.959759232192614	452.232	33.252
0.901489278808577	1.26647898681681	586.787	51.166
54.0994667204266	54.4621964302429	25392.377	3014.95
49.0988707209034	49.4618004305597	22891.644	2551.428
44.0993547205162	44.4655444275645	20841.864	2327.137
64.100208719833	64.4642484286013	30392.505	3528.63
69.1009047192762	69.4673444261245	32109.181	3803.711
6.30119495904403	6.66107467114026	3034.184	343.747
74.0998907200874	74.4634204292636	34597.444	3996.658
2.80065775947379	3.16187747049802	1487.377	155.029
99.0912607269914	99.3853004917596	46604.611	5854.692
0.400609679512256	0.764459388432489	364.779	22.943
79.0997067202346	79.4641764286589	36625.153	4183.238
4.20075663939469	4.57253634197093	2181.06	231.406
0.200439839648128	0.566099547120362	272.125	13.662
29.1006067195146	29.4683164253469	13960.117	1654.388
14.099698720241	14.4626284298973	6654.002	768.48
59.0996527202778	59.4615124307901	27878.776	3099.788
89.100058719953	89.4586684330653	41581.054	4851.942
24.1007307194154	24.4657604273917	11522.338	1267.719
9.39982248014202	9.75707219434224	4501.896	569.7
84.0998427201258	84.4606124315101	39765.551	4414.099
19.0989647208282	19.4574444340445	9198.741	1037.618
1.30158895872883	1.66427866857707	773.107	73.914
0.0998099201520639	0.455219635824291	230.352	8.433
0.299449760440192	0.660779471376423	318.647	18.703
94.0995447203642	94.4664444268445	44076.16	5042.9
1.90374847700122	2.26997818401745	1058.566	108.759
39.100648719481	39.4653284277373	18101.481	2207.861
34.1003327197338	34.4627724297821	15877.889	1891.556
