2.26223819020945	28.8266169387065	3593.047	2371.063
0.530349575720339	8.84321292542966	3210.522	1942.58
0.0665199467840426	1.18385905291276	3437.71	2174.995
0.00479999616000307	0.0863999308800553	3451.072	2095.819
56.5518847584922	99.1991806406555	3307.386	2108.778
66.5697667441866	99.99190000648	3653.396	2253.161
0.00750999399200481	0.134999892000086	3484.709	2057.065
0.186339850928119	3.27275738179409	3153.985	1989.91
50.5676595458724	99.1345606923514	3540.583	2221.462
0.0333499733200213	0.596699522640382	3258.744	1995.884
42.8133857492914	98.420501263599	3648.28	2269.58
0.427679657856274	7.3430941255247	3149.068	2039.776
1.43948884840892	20.5387035690371	3226.794	1997.948
0.0435199651840279	0.777779377776498	3123.489	1985.517
13.2194594244325	67.0467063626349	3492.336	2144.979
0.117819905744075	2.08835832931334	3250.313	1983.109
4.71352622917902	51.3379389296489	3148.371	2066.388
0.0111699910640071	0.200699839440128	3182.369	2065.023
73.0288215769427	99.999640000288	3665.409	2163.299
0.000429999656000275	0.00773999380800495	3237.756	2046.75
10.966021227183	75.5543995564803	3580.997	2250.486
33.4896732082614	94.5911843270525	3259.572	2119.145
0.010959991232007	0.196199843040126	3445.216	2118.234
78.6599970720023	100.0	3404.607	2204.53
25.4354796516163	93.8852248918201	3223.114	2104.318
0.00274999780000176	0.0494999604000317	3563.501	2146.338
0.735449411640471	11.8697305042156	3210.663	1977.605
0.18688985048812	3.26357738913809	3429.8	2155.759
5.26853578517137	47.1581622734702	3294.026	2014.794
0.00230999815200148	0.0415799667360266	3485.556	2117.31
0.0253299797360162	0.454859636112291	3228.335	1988.901
1.28308897352882	19.5600443519645	3477.85	2108.272
0.00164999868000106	0.029699976240019	3186.768	1982.526
