59.6042423166061	99.970480023616	5999.733	1584.749
7.40424407660474	66.4383068493545	4583.625	1025.547
0.0142099886320091	0.255419795664163	26.558	3.838
22.0663123469501	80.5267155786275	5304.009	1189.932
0.0991799206560635	1.75805859355313	156.185	15.3
3.50661719470624	38.3921692862646	2866.858	554.395
34.8596121123103	98.371181303055	6063.694	1642.417
78.6713170629463	100.0	6404.108	1700.154
0.505139595888323	8.4376732498614	725.292	63.197
0.162479870016104	2.83733773012982	254.428	23.13
0.854479316416547	13.2080294335765	1126.994	161.703
0.0573299541360367	1.02527917977666	100.463	9.536
2.55055795955363	32.2516541986766	2494.576	465.006
0.00203999836800131	0.0367199706240235	5.643	1.55
0.0149099880720095	0.267659785872171	27.676	3.866
0.000919999264000589	0.0165599867520106	4.153	1.294
0.809179352656518	13.0471095623124	1141.099	159.692
0.00771999382400494	0.138599889120089	16.013	2.783
0.0293099765520188	0.525779579376336	55.35	5.602
66.5511067591146	99.992080006336	6431.983	1946.322
0.00534999572000342	0.0962999229600616	13.521	2.175
0.159939872048102	2.8186177451058	281.601	23.447
14.7691481846815	73.9306208555033	4999.034	1021.37
0.403909676872258	6.92081446334843	621.426	49.745
43.5103151917478	99.3833204933436	6172.595	1602.57
51.8761684990652	99.8601401118879	6045.371	1734.167
0.0476699618640305	0.850499319600544	80.627	8.655
8.14091348726921	56.2758749793	3844.081	870.612
0.00143999884800092	0.0259199792640166	4.398	1.589
0.00158999872800102	0.0286199771040183	4.71	1.603
2.16719826624139	30.8960752831398	2662.722	387.487
0.00588999528800377	0.106019915184068	13.21	2.253
72.6454718836225	99.997840001728	6492.909	1585.621
