0.446819642544286	7.47449402040478	4475.906	39.4
50.7522593981925	99.2551605958715	45564.103	4359.947
0.00778999376800499	0.14021988782409	87.773	1.468
2.09988832008934	29.754156196675	17641.758	229.463
59.4623324301341	99.955540035568	47613.761	5860.47
0.00250999799200161	0.0451799638560289	29.216	1.131
7.09117432706054	62.8462297230162	31630.1	546.075
0.0665799467360426	1.18781904974476	711.916	6.731
0.0473599621120303	0.845999323200541	507.148	4.929
0.00927999257600594	0.167039866368107	102.226	1.739
3.11539750768199	34.6510522791582	19116.457	250.637
72.5678119457504	99.997480002016	47826.531	7685.278
43.5283351773319	99.3952004838396	45823.77	4089.101
0.366949706440235	6.29441496446803	3743.532	32.66
0.0331999734400212	0.59417952465638	357.724	3.421
66.5324867740106	99.990820007344	47912.601	6918.483
0.00318999744800204	0.0574199540640368	36.791	1.279
0.000479999616000307	0.00863999308800553	6.618	1.001
0.18799984960012	3.31127735097812	1966.797	17.199
7.25249419800464	51.501738798609	25525.224	506.348
78.6596970722423	100.0	48506.59	8798.679
1.20995903203277	18.5007451994038	11187.18	102.434
0.10899991280007	1.92959845632123	1159.611	10.197
0.00178999856800115	0.0322199742240206	21.508	1.303
2.26148819080945	28.8190569447544	17051.825	182.176
20.7856333714933	76.545298763761	36315.771	1287.063
0.262439790048168	4.56353634917092	2714.214	24.146
0.00338999728800217	0.0608399513280389	38.329	1.179
16.1355770915383	81.5728747417002	38529.343	1103.95
0.915509267592586	14.7803281757375	8961.291	80.002
32.840943727245	92.8516657186674	43569.152	2688.476
0.010929991256007	0.196739842608126	122.832	1.672
0.0190599847520122	0.342179726256219	207.488	2.285
