89.098858720913	89.4658684273053	21548.002	12719.482
1.30061895950483	1.66445866843307	403.663	180.147
6.29949496040403	6.66503466797227	1575.121	909.902
49.1000507199594	49.4616204307037	11774.383	7037.705
0.198459841232127	0.568079545536364	181.103	25.653
99.0906007275194	99.3777404978076	23956.677	14469.969
14.098028721577	14.4638884288893	3565.655	2044.042
79.0982467214026	79.4560764351389	18973.505	11311.069
24.1012507189994	24.4610804311357	5692.627	3481.308
44.1014047188762	44.4615844307325	10726.207	6485.053
0.601079519136385	0.963719229024617	243.032	71.612
0.398539681168255	0.764279388576489	210.519	47.49
54.0998667201066	54.4634564292349	13218.97	7851.467
39.099638720289	39.4692884245693	9667.818	5642.581
19.0997147202282	19.4610444311645	4677.149	2866.056
69.0988647209082	69.4646444282845	16540.719	9796.312
94.0998047201562	94.4615844307325	22839.18	13678.796
4.20172663861869	4.56173635061092	1080.428	605.73
34.0991427206858	34.4602524317981	8762.945	5249.061
64.100738719409	64.4689284248573	15865.632	9380.247
0.901549278760577	1.26521898782481	307.143	119.063
29.0989767208186	29.4567964345629	6936.022	4142.22
84.1020027183978	84.4633124293501	21565.864	13291.171
0.29736976210419	0.662939469648424	186.967	36.491
59.1003127197498	59.4643924284861	14285.869	8384.361
2.79779776176179	3.16601746718603	794.413	399.081
1.89862848109722	2.26511818790545	549.72	267.729
0.0998199201440639	0.454499636400291	129.902	17.606
9.39959248032602	9.76337218930225	2435.751	1413.095
74.0994907204074	74.4632404294077	17705.906	10624.042
