52.8912776869779	99.998560001152	3653.484	1994.262
1.83428853256917	28.134157492674	2144.222	427.224
2.42129806296155	34.9527320378144	2190.537	576.007
32.5568839544928	99.8401601278719	7006.266	1908.255
0.188419849264121	3.34007732793814	162.231	29.981
26.545048763961	98.389001288799	2839.612	1832.036
0.612049510360392	10.4569116344707	959.741	89.444
41.4580468335625	99.973360021312	3517.924	1881.194
1.2574789940168	20.268883784893	1830.384	324.197
44.2379146096683	99.984160012672	3545.143	1924.673
16.2922969661624	95.347723721821	6685.871	1838.641
32.2778041777567	99.7894001684799	3250.506	1856.145
17.6313458949233	94.3577245138204	2754.05	1615.733
1.22061902350478	19.7360842111326	1891.238	271.681
0.0536999570400344	0.961379230896615	49.92	10.361
0.131119895104084	2.33135813491349	109.901	23.211
32.3700841039327	99.8072201542239	2939.567	2145.125
1.12597909921672	18.2968053625557	2275.109	311.153
2.75282779773776	39.112348710121	3272.99	661.352
49.5790303367757	99.9955000036	3645.17	1991.464
18.788204969436	96.3717429026057	6770.151	1976.425
38.5299291760567	99.948160041472	6898.952	1837.224
4.07174674260261	51.8721785022572	4143.026	896.732
13.7740489807608	88.9447688441849	3220.631	1797.994
0.135309891752087	2.40515807587354	215.97	23.111
47.3547021162383	99.993880004896	6771.71	2128.127
38.0312895749683	99.9146800682559	3451.705	1846.295
0.460989631208295	7.91891366486907	406.779	73.415
58.0723135421492	99.999460000432	3524.226	2430.013
58.0320635743491	99.999640000288	3696.594	2029.304
34.9936520050784	99.8372801301759	6991.499	1970.395
15.602847517722	93.723045021564	2716.187	1748.482
1.21420902863278	19.6275442979646	1318.885	293.193
38.6791090567128	99.961120031104	3013.494	2087.943
28.5007971993622	99.3784604972316	3339.124	1766.047
3.4445872443302	45.1275838979329	2255.36	816.472
0.26548978760817	4.66937626449899	1296.065	40.233
15.582997533602	93.740505007596	2973.513	1542.829
19.5259443792445	97.4785620171504	3191.285	1689.202
52.9230676615459	99.998920000864	4267.135	2337.373
32.5415839667328	99.8453801236959	3337.037	1815.076
0.0493099605520316	0.883439293248565	85.934	9.94
43.8610549111561	99.975520019584	3013.369	2353.287
55.5450255639796	99.999460000432	3223.426	2120.359
0.196079843136126	3.46247723001822	309.077	32.005
52.8629177096658	99.998560001152	7080.459	2064.667
0.684409452472438	11.5057707953834	2044.438	99.668
58.0634435492452	99.999460000432	3248.061	2064.493
33.3635133091894	99.5539603568317	3393.774	2128.501
38.7281390174888	99.964540028368	4100.528	2054.5
2.78860776911378	39.5646883482493	2149.709	632.521
49.5790303367757	99.9955000036	3159.719	2202.322
49.8013001589599	99.995860003312	6915.069	1989.886
55.5435755651395	99.999460000432	4285.61	2099.44
24.7354502116398	98.484761212191	3245.783	1858.187
0.409859672112262	7.11881430494856	679.219	60.962
0.705719435424452	11.8409305272556	1135.951	172.55
18.5308251753399	95.9656632274694	3082.21	1631.6
47.4462520429984	99.995680003456	3480.531	2150.595
1.84249852600118	28.2621373902901	1831.235	443.612
21.0455531635575	96.868002505598	2787.813	1976.454
10.3058517553186	80.6784554572356	3161.549	1539.466
55.4144056684755	99.99910000072	3750.06	2021.751
33.6715330627735	99.6079603136318	2910.556	2105.621
55.5465155627875	99.999460000432	6776.406	2139.526
0.133309893352085	2.37077810337752	200.746	22.417
28.6177871057703	99.4216604626716	6899.309	1985.609
21.0908331273335	96.92506245995	3322.005	1708.709
0.456959634432292	7.85033371973302	707.235	69.601
0.40693967444826	7.07201434238853	634.103	60.774
41.7204466236427	99.981820014544	6750.728	1888.243
0.710159431872454	11.9406504474796	1050.58	162.868
43.3176853458517	99.958240033408	7084.883	2114.36
0.810639351488519	13.5552491558007	820.749	183.709
0.271639782688174	4.77377618097906	443.983	42.38
10.888491289207	83.2438134049493	6067.616	1556.046
60.5216515826787	99.999640000288	3559.101	2399.739
0.400179679856256	6.95051443958845	1902.249	61.315
21.3095329523736	97.1693222645422	3121.416	1681.581
1.90760847391322	29.1612366710107	2683.011	457.013
25.03534997172	98.7005810395352	3278.854	1701.59
0.259269792584166	4.56137635089892	406.323	40.903
60.5204015836787	99.999640000288	7080.246	2059.28
28.097827521738	99.2024206380635	3332.741	2064.894
0.520729583416333	8.93087285530172	1972.361	75.853
0.400179679856256	6.95051443958845	342.48	66.069
60.5204015836787	99.999640000288	3178.828	2277.357
44.4880044095965	99.989740008208	3483.155	1981.558
0.193509845192124	3.41999726400219	328.346	31.033
20.352063718349	95.9537832369734	6577.122	1888.499
12.1372302902158	88.0600695519444	2929.582	1604.361
4.03632677093858	51.516498786801	2368.388	839.39
50.0976199219041	99.997660001872	3495.83	2139.389
0.118409905272076	2.10581831534535	537.884	20.66
25.8184593452325	99.1826206539035	2847.096	1883.53
0.0628799496960402	1.12391910086472	81.041	11.733
2.55923795260964	36.7021506382795	2478.48	624.13
10.8223213421429	82.9808336153331	2684.107	1626.963
24.6621702702638	98.438861248911	6756.833	2260.715
35.1443218845425	99.8569001144799	3469.849	2046.566
52.9322176542259	99.998920000864	3144.641	2173.227
58.0773735381012	99.999460000432	6558.608	2281.092
0.0692299446160443	1.23965900827279	291.414	12.608
41.4838368129305	99.972460022032	3473.259	1999.51
60.5218915824867	99.999640000288	3729.187	2057.42
40.7267274186181	99.940060047952	3048.054	1966.302
46.7528525977179	99.987760009792	3585.348	1946.512
3.71835702531438	48.1598614721108	2612.676	832.42
0.257489794008165	4.5304163756669	216.723	43.833
0.190839847328122	3.37409730072216	898.564	31.342
4.96597602721918	57.0133343893325	2893.027	1059.259
46.816752546598	99.98920000864	3121.709	2294.18
1.53796876962498	23.9209008632793	2281.95	422.636
