2.39307808553753	35.3058917552866	4817.643	488.717
47.3264721388223	99.999280000576	6296.511	1757.807
67.3123061501551	100.0	6434.659	1640.964
97.3112921509663	100.0	6095.158	1873.085
1.59693872244902	25.1673998660801	3677.83	358.11
0.0029699976240019	0.0534599572320342	35.113	1.87
0.00216999826400139	0.039059968752025	26.785	1.464
77.2970381623695	100.0	5856.575	1684.606
37.3106701514639	99.97570001944	5639.863	1683.266
57.3273041381567	100.0	6343.863	1592.112
5.38610569111545	63.0935495251604	5089.825	874.372
1.06635914691268	17.5363059709552	2672.551	195.238
0.0123799900960079	0.222839821728143	139.871	3.336
87.3190101447919	100.0	5920.432	1885.634
0.315819747344202	5.53463557229154	2306.441	39.602
0.042259966192027	0.758699393040486	470.942	7.674
0.710479431616455	12.0304703756237	2399.977	153.082
0.211589830728135	3.7429170056664	2181.267	29.094
12.1562902749678	90.2945877643298	5244.552	1252.472
0.00876999298400561	0.157499874000101	99.802	2.793
0.141539886768091	2.51981798414561	1584.313	20.109
0.0191899846480123	0.344699724240221	219.604	5.247
18.2137254290197	97.3428421257263	5857.325	1311.458
0.00626999498400401	0.112679909856072	74.958	2.522
0.470599623520301	8.14301348558921	2250.864	60.052
3.60711711430631	48.3384213292629	5795.277	630.189
0.00386999690400248	0.0696599442720446	46.179	2.067
27.3353681317055	99.6886002491198	6139.385	1587.039
0.0630099495920403	1.12697909841672	712.896	10.376
0.0944499244400605	1.68569865144108	1052.66	14.511
0.000969999224000621	0.0174599860320112	12.598	1.325
8.08376353298917	78.059277552578	4854.375	1190.522
0.0277299778160177	0.497879601696319	308.909	5.701
