1.89439848448121	29.1502566797947	5569.526	1534.634
29.0844367324506	99.7973201621439	6100.579	1728.509
6.29558496353203	68.9707248234201	5884.459	1625.313
4.20315663747469	53.9133768692985	5943.358	1509.006
0.400189679848256	6.97031442374846	5847.67	1526.592
34.0978627217098	99.943840044928	5563.965	1350.694
19.0967647225882	97.7959017632786	5352.668	1421.951
99.0973107221514	100.0	5951.162	1794.594
0.898079281536575	14.9867880105696	5778.61	1646.834
94.1049347160522	100.0	5640.55	1799.556
74.1099707120234	100.0	6135.505	1329.457
54.0787867369706	100.0	6008.289	1828.761
0.601339518928385	10.2796117763106	6123.747	1350.02
24.1063507149194	99.3061005551196	5977.014	1616.792
59.0831327334938	100.0	5553.717	1518.347
84.0962927229658	100.0	5670.91	1712.096
64.105508715593	100.0	6000.354	1785.192
9.40072247942202	83.0735335411732	5839.192	1637.039
0.200349839720128	3.54689716248227	6370.153	1667.3
0.100059919952064	1.78505857195314	5327.788	1583.395
14.102768717785	93.4982252014198	5564.39	1836.757
44.1227947017642	99.997660001872	5563.645	1395.878
0.298619761104191	5.24357580513936	5874.474	1454.851
89.108498713201	100.0	5532.548	1786.011
39.086178731057	99.986680010656	6079.588	1357.134
49.1187307050154	99.999460000432	5532.535	1772.664
69.1187247050202	100.0	5531.508	1372.925
79.0904567276346	100.0	5991.662	1557.079
2.79748776200979	39.9889480088416	5424.654	1643.233
1.30524895580084	21.0929231256615	5395.976	1628.692
