57.3217341426127	100.0	3213.175	2134.575
97.3122021502383	100.0	3672.774	2225.433
0.318309745352204	5.57387554089957	3477.15	2136.012
8.08078353537317	78.091317526946	3119.299	2011.615
0.00293999764800188	0.0529199576640339	3147.192	1997.31
0.0949199240640607	1.69631864294509	3146.323	1985.925
0.0132599893920085	0.238319809344153	3437.408	2203.185
2.39651808278553	35.4176716658627	3180.049	1978.759
0.211019831184135	3.72851701718639	3110.968	1951.273
0.0623599501120399	1.11887910489672	3156.047	1947.535
3.60431711654631	48.364881308095	3560.878	2170.786
12.1383902892878	90.3032277574178	3491.978	2091.93
0.0419899664080269	0.753119397504482	3155.852	1955.358
37.3261801390559	99.980740015408	3186.927	2097.673
27.3206181435055	99.6729402616478	3180.931	2097.447
87.3096001523199	100.0	3277.692	2251.997
0.471489622808302	8.15039347968522	3508.959	2124.537
0.0186599850720119	0.335519731584215	3514.358	2092.489
0.141819886544091	2.52395798083362	3492.381	2087.431
0.00904999276000579	0.162719869824104	3511.013	2147.992
0.00623999500800399	0.112319910144072	3108.282	1933.473
1.06540914767268	17.5147059882352	3520.851	2177.393
18.2368454105237	97.3513021189583	3507.602	2122.134
0.712919429664456	12.0761903390477	3446.497	2152.934
0.00106999914400068	0.0192599845920123	3174.028	2007.856
0.0278999776800179	0.501119599104321	3110.219	1991.283
0.00189999848000122	0.0341999726400219	3242.598	1979.436
47.3218621425103	99.998740001008	3300.822	2113.628
5.38704569036345	63.0757295394164	3533.967	2164.221
67.3295161363871	100.0	3295.287	2112.028
0.00393999684800252	0.0709199432640454	3465.342	2113.001
77.3294781364175	100.0	3262.456	2158.31
1.59808872152902	25.1882798493761	3450.029	2150.898
