0.0429699656240275	0.770399383680493	465.08	4.669
67.3135061491951	100.0	49422.394	8710.376
77.3317981345615	100.0	50858.333	9868.544
0.00894999284000573	0.161099871120103	100.048	1.591
0.315389747688202	5.52761557790754	3298.137	30.838
0.0123099901520079	0.220859823312141	137.664	1.882
27.3198081441535	99.6729402616478	45123.885	3547.578
8.10891351286919	78.2306374154901	40902.459	674.053
0.00618999504800396	0.111419910864071	69.791	1.581
0.0276399778880177	0.496619602704318	298.71	3.062
47.3287821369743	99.998560001152	47453.576	6078.537
0.0017199986240011	0.0309599752320198	20.639	1.142
18.2314354148517	97.3378021297583	43758.403	2353.314
0.00378999696800243	0.0680399455680435	43.835	1.473
0.000939999248000602	0.0169199864640108	12.078	1.089
57.3247441402047	100.0	48096.889	7389.492
0.00304999756000195	0.0548999560800351	35.482	1.207
87.3146801482559	100.0	52327.076	11592.54
3.5992671205863	48.2615613907509	28746.308	330.394
97.3106821514543	100.0	53166.102	12619.105
1.06485914811268	17.5352259718192	10582.479	97.471
0.476299618960305	8.23337341330127	4998.429	44.956
1.59978872016902	25.1978198417441	15214.702	144.769
5.39756568194745	63.1122695101844	35949.931	464.212
12.1337902929678	90.2657877873698	42717.184	958.733
0.0626399498880401	1.11995910403272	688.166	6.205
2.40298807760954	35.4576316338947	21316.853	224.245
0.0192499846000123	0.345419723664221	213.071	2.373
0.0944099244720604	1.68425865259308	1014.772	9.39
0.212909829672136	3.76415698867441	2282.304	21.042
37.3357001314399	99.977320018144	46522.908	4811.447
0.710049431960454	12.0538703569037	7255.276	66.005
0.14102988717609	2.5057779953776	1532.647	13.468
