0.00111999910400072	0.0201599838720129	5541.94	1491.644
0.00203999836800131	0.0367199706240235	5535.625	1231.399
0.00275999779200177	0.0496799602560318	5539.703	1414.028
0.00446999642400286	0.0804599356320515	5201.669	1501.927
0.00620999503200397	0.111779910576072	5132.666	1295.893
0.00866999306400555	0.1558798752961	5118.9	1068.792
0.0132999893600085	0.239039808768153	5084.835	1098.833
0.0180999855200116	0.325619739504208	5064.851	1444.082
0.0276999778400177	0.497339602128318	5576.007	1457.962
0.0414799668160265	0.745379403696477	5085.617	2094.713
0.064129948696041	1.14749908200073	5102.19	1506.225
0.0944099244720604	1.68749865000108	5564.839	1057.28
0.142999885600092	2.54573796340963	5118.519	1265.511
0.212979829616136	3.76703698637041	5270.108	1477.45
0.319939744048205	5.61167551065959	5090.068	1166.738
0.475409619672304	8.22005342395726	5239.233	1336.01
0.710439431648455	12.0412703669837	5558.485	1161.796
1.06733914612868	17.5501659598672	5547.227	1295.009
1.59183872652902	25.068759944992	5633.584	1053.917
2.40448807640954	35.5132515893987	5103.705	1041.39
3.5980371215703	48.2723613821109	5111.933	1502.053
5.40295567763546	63.2433094053525	5540.607	1497.388
8.08020353583717	78.0319175744659	5240.129	1341.581
12.1582502733998	90.3185277451778	5600.684	1400.328
18.2085154331877	97.3513021189583	5237.77	1509.925
27.3255081395935	99.6643002685598	5253.08	1553.064
37.3117501505999	99.977680017856	5628.634	1525.81
47.3258421393263	99.999640000288	5662.789	1616.95
57.3204341436527	100.0	5726.323	1614.66
67.3184661452271	100.0	5736.932	1605.4
77.3323281341375	100.0	5220.333	1520.905
87.3069201544639	100.0	5264.363	1614.003
97.3099421520463	100.0	5864.054	1288.112
