0.317549745960203	5.56793554565156	2696.246	1017.85
0.0419699664240269	0.752579397936482	2787.788	1006.907
0.706929434456452	12.0056303954957	2661.393	971.705
27.3265081387935	99.6635802691358	2730.271	1405.522
0.0626399498880401	1.12031910374472	2798.885	1107.2
0.00288999768800185	0.0518399585280332	2724.382	1053.387
2.39523808380953	35.3129117496706	2724.732	1160.007
3.5962871229703	48.3135813491349	2717.578	984.268
0.028139977488018	0.505079595936323	2714.493	1093.67
87.3239801408159	100.0	2671.739	1096.875
57.3126241499007	99.999820000144	2653.579	1230.219
97.3113221509423	100.0	2743.401	1280.339
0.00601999518400385	0.108359913312069	2732.223	1079.833
0.009379992496006	0.168839864928108	2730.672	1074.57
0.0122999901600079	0.220859823312141	2770.798	1407.426
0.00110999911200071	0.0199799840160128	2648.472	964.943
37.3373601301119	99.979660016272	2810.71	1249.252
0.0936299250960599	1.67057866353707	2781.301	981.551
0.138519889184089	2.46527802777758	2670.872	1088.853
47.3266821386543	99.999640000288	2772.69	1145.64
77.3348981320815	100.0	2671.384	1147.281
0.00201999838400129	0.0363599709120233	2669.715	1119.332
0.00379999696000243	0.0683999452800438	2671.467	1044.063
0.209399832480134	3.70241703806637	2669.735	1087.123
12.1324602940318	90.2787477770018	2737.405	1096.726
0.0204199836640131	0.367019706384235	2803.866	965.114
8.09088352729318	78.111657510674	2736.569	1046.638
18.2314054148757	97.3388821288943	2649.258	1023.434
1.06658914672868	17.5638459489232	2749.372	1095.773
1.60023871980902	25.2266198187041	2737.96	1129.1
67.3146661482671	100.0	2808.166	1285.624
5.39881568094746	63.2375494099605	2683.637	1057.238
0.467509625992299	8.08451353238917	2793.398	1086.263
