14.097928721657	93.5462851629719	6110.459	1686.694
0.0997199202240638	1.78037857569714	1182.898	17.4
89.108928712857	100.0	6708.587	2510.672
1.90315847747322	29.1993966404827	4121.616	456.203
69.1115147107882	100.0	6468.496	2234.452
99.0994407204474	100.0	7390.688	2353.731
0.301039759168193	5.28119577504338	2529.108	46.945
0.398899680880255	6.93953444837244	2520.277	60.484
2.79342776525779	39.9329680536256	5265.693	615.031
34.0811627350698	99.944380044496	6278.197	2012.895
64.092528725977	100.0	6942.062	2281.416
0.199159840672127	3.52169718264225	2220.656	32.078
24.1019307184554	99.3037605569915	6549.732	1773.137
9.42152246278203	83.1773934580852	5354.223	1681.322
94.1098947120842	100.0	6892.728	2562.807
0.898109281512575	14.9858880112896	2689.099	204.192
74.0828807336954	100.0	6954.735	2385.057
29.1218167025466	99.7890401687679	6472.39	2266.601
59.1064827148138	100.0	6833.481	2346.172
54.1026967178426	99.999820000144	6431.745	2113.97
4.20049663960269	53.7754969796024	6484.46	958.884
49.1148307081354	99.999460000432	6279.516	2249.168
79.1098467121226	100.0	7311.082	2169.458
0.599999520000384	10.2592717925826	2540.518	88.342
6.31133495093204	69.0592847525722	5240.042	1222.911
39.086108731113	99.986860010512	6254.963	1917.581
19.0961947230442	97.8128217497426	6376.973	1711.487
84.1132127094298	100.0	6628.449	2280.738
1.30373895700883	21.0275831779335	3304.77	321.461
44.0890147287882	99.996760002592	6379.334	2165.72
