0.0614499508400393	1.1001591198727	658.866	6.139
1.59605872315302	25.1400398879681	15182.147	134.17
0.712959429632456	12.0734903412077	7188.39	64.013
0.0420799663360269	0.754919396064483	460.873	4.042
57.3144341484527	99.999820000144	48189.104	7081.464
27.3263981388815	99.6760002591998	44598.798	3375.129
0.209519832384134	3.70853703317037	2243.585	19.346
0.472819621744303	8.17811345750923	4918.424	42.697
2.40083807932954	35.4354916516067	21519.644	211.919
3.5865971307223	48.1204415036468	28541.609	320.014
67.3251361398911	100.0	49831.347	8743.674
8.08016353586917	78.054777556178	40113.418	641.865
12.1268202985438	90.2296078163137	42613.684	905.457
47.3287621369903	99.99910000072	46854.354	5811.615
37.3284601372319	99.98020001584	46055.306	6029.786
87.3229401416479	100.0	52088.459	11354.926
0.0284799772160182	0.511019591184327	311.768	3.023
18.2316654146677	97.3399621280303	43833.362	2234.513
0.09368992504806	1.67345866123307	1011.604	9.341
0.0038999968800025	0.0700199439840448	45.37	1.313
5.38806568954745	63.1707694633844	36041.129	429.904
0.0018799984960012	0.0338399729280217	21.842	1.151
0.14106988714409	2.51351798918561	1534.247	13.15
0.0190199847840122	0.341639726688219	207.049	2.365
1.05950915239268	17.4248860600912	10433.091	95.798
0.316969746424203	5.56343554925156	3350.706	29.791
0.00106999914400068	0.0192599845920123	13.403	1.043
77.3081781534575	100.0	51345.251	9684.758
97.3113521509183	100.0	53344.127	12612.92
0.00872999301600559	0.1567798745761	98.94	1.569
0.00602999517600386	0.108539913168069	67.939	1.401
0.012569989944008	0.226079819136145	138.719	1.716
0.00292999765600188	0.0527399578080338	34.649	1.349
