0.29734976212019	5.22071582342734	8929.703	323.867
1.29533896372883	20.8978032817574	16334.79	1196.537
84.0941327246938	100.0	24843.766	6885.472
74.1092407126074	100.0	26080.361	6425.131
54.0785567371546	100.0	19670.655	5354.08
34.0969227224618	99.946540042768	19844.26	3675.419
9.41432246854203	83.1183535053172	19111.264	2230.546
44.0915647267482	99.997840001728	19964.468	4422.513
1.30008895992883	20.9820432143654	18977.701	1209.572
64.115558707553	100.0	20578.438	5995.103
19.0908447273242	97.8184017452786	18941.35	2662.318
19.0974847220122	97.7942817645746	16844.771	3598.809
49.0869207304634	99.99910000072	21710.875	4848.831
0.901069279144577	15.0280079775936	16836.555	956.948
0.595049523960381	10.1957318434145	12797.27	658.405
69.1155447075642	100.0	21128.243	5817.312
99.0994407204474	100.0	34741.866	7150.186
89.110798711361	100.0	30933.835	7146.114
0.398309681352255	6.92099446320443	11154.421	434.906
29.0830067335946	99.7942601645919	18322.796	3781.995
0.202269838184129	3.57587713929829	6589.438	225.722
74.0985907211274	100.0	22390.882	6029.455
49.0937807249754	99.998740001008	20549.674	4863.364
54.0895867283306	100.0	22134.737	4974.054
84.1110027111978	100.0	24701.657	6903.14
84.1084827132138	100.0	28839.065	7093.383
0.602379518096386	10.3028317577346	14316.029	581.202
6.31253494997204	69.0159047872762	16704.276	1780.699
0.200229839816128	3.54419716464227	5828.759	222.074
54.0897167282266	100.0	22110	5135.651
29.0933767252986	99.8005601595519	16249.154	3429.979
79.1153367077306	100.0	23038.984	6238.568
49.0916507266794	99.998740001008	18482.415	4595.963
54.0890267287786	100.0	19645.899	5195.852
2.79530776375379	39.9731080215136	17615.946	1785.526
89.109258712593	100.0	25522.555	6878.34
2.8072877541698	40.0982079214337	20747.541	1444.568
34.1191527046778	99.948520041184	20743.116	3857.968
9.41363246909402	83.0429335656531	19680.662	2224.916
9.39586248331001	83.0396935682451	16729.186	2076.186
24.0937807249754	99.3003405597276	18882.127	3062.418
1.89094848724121	29.0962567229946	19611.969	1244.815
9.39817248146201	83.1098935120852	16853.192	2692.843
59.1025027179978	100.0	22735.222	5321.273
64.091978726417	100.0	22938.907	5427.275
84.1110027111978	100.0	28549.712	6992.937
0.100809919352065	1.79927856057715	3138.338	115.237
29.1184567052346	99.8005601595519	18130.881	3507.62
14.099958720033	93.5792251366199	16561.29	2640.644
4.19598664321069	53.7960169631864	20119.882	1566.339
44.0968047225562	99.996940002448	17166.021	4517.687
2.79657776273779	40.0253079797536	17623.413	1863.97
1.89533848372921	29.1538566769147	16779.638	1387.498
99.0973107221514	100.0	28351.722	6739.932
0.401359678912257	6.98219441424447	11196.708	439.857
24.1105707115434	99.3079005536796	15196.654	2959.423
69.0947747241802	100.0	24576.005	6476.133
99.1026207179034	100.0	28706.378	7076.82
59.0846427322858	100.0	20128.29	5765.756
49.1090907127274	99.999280000576	18488.936	4907.651
89.113978708817	100.0	30708.508	6798.725
89.115928707257	100.0	25703.195	7514.171
0.101719918624065	1.81745854603316	3566.951	112.849
4.19492664405868	53.7969169624664	17266.454	1728.333
79.1029767176186	100.0	27546.964	6950.201
1.30249895800083	21.0295631763495	16569.626	1200.447
94.1080347135722	100.0	28055.807	6721.548
39.096898722481	99.985780011376	20244.363	4300.642
29.1094367124506	99.8045201563839	16386.042	3271.861
1.90047847961722	29.1804966556027	19506.52	1384.96
14.100328719737	93.4946252042998	18025.203	2502.924
24.1100207119834	99.3163605469116	17383.758	2993.982
99.1026207179034	100.0	34617.004	6961.516
0.101149919080065	1.80539855568116	3164.06	112.393
0.899269280584576	14.9889480088416	14807.226	938.893
24.0876307298954	99.3055605555516	17754.888	3266.036
6.30534495572404	69.0349847720122	20405.115	2308.932
19.1039647168282	97.7780817775346	18674.259	2707.995
44.1234147012682	99.997120002304	18293.599	4184.031
64.100108719913	100.0	23884.009	5658.591
69.1126047099162	100.0	24827.187	6031.914
0.598949520840383	10.2614317908546	14289.977	680.086
69.1093647125082	100.0	21570.102	6222.487
2.79299776560179	39.9900280079776	20831.614	1725.511
0.901469278824577	15.0487079610336	16857.012	818.764
79.1033767172986	100.0	26934.26	6539.228
4.20016663986669	53.7805369755704	17159.189	2082.532
0.398299681360255	6.91523446781243	9961.384	444.076
39.084558732353	99.985780011376	16926.689	4294.124
44.1109647112282	99.995860003312	20885.535	4387.742
34.0877927297658	99.942580045936	16051.314	4326.194
0.302389758088194	5.30405575675539	8134.384	341.199
94.1049347160522	100.0	28289.209	6833.62
14.103268717385	93.4948052041558	15813.985	3131.398
74.1036907170474	100.0	26274.274	6278.68
34.0890627287498	99.944920044064	17861.291	3768.863
0.298409761272191	5.23799580960335	8104.623	334.58
1.29502896397683	20.9464032428774	18886.707	1219.217
39.121018703185	99.984340012528	21243.181	4198.618
64.095458723633	100.0	20933.733	5559.434
0.904759276192579	15.1097279122177	15012.584	767.079
59.0915527267578	100.0	20049.863	5885.053
6.31027495178004	69.0277847777722	16446.159	2054.438
0.402879677696258	7.01153439077249	10102.346	353.156
0.598569521144383	10.2488318009346	12684.289	657.154
59.1112327110138	100.0	22995.117	5079.53
4.19997664001869	53.7862969709624	20397.23	1861.319
94.1096647122682	100.0	34388.388	7096.575
0.100279919776064	1.78883856892914	3495.738	112.378
0.198509841192127	3.51287718969825	6457.287	216.982
19.0870147303882	97.8108417513266	16913.27	2631.294
79.1106667114666	100.0	23291.022	6734.735
94.1095447123642	100.0	34356.784	7060.773
6.29151496678803	68.9755848195321	20143.886	2153.365
39.127638697889	99.98470001224	18278.185	4066.839
74.0926007259194	100.0	22307.621	6140.586
0.201739838608129	3.57029714376228	5876.382	222.906
0.29691976246419	5.21477582817934	8954.609	325.724
14.105868715305	93.5426851658519	19129.834	2623.548
1.89719848224121	29.1290166967866	16757.528	1542.503
