1.90515847587322	29.2964165628667	6168.255	182.829
0.899559280352576	15.0154079876736	572.002	83.01
0.898019281584575	14.9929080056736	1347.75	86.403
0.898719281024575	14.9882280094176	891.287	85.349
1.89773848180921	29.1380166895866	1134.147	175.547
1.89812848149721	29.2530365975707	2537.022	173.286
1.89470848423321	29.1246967002426	1750.288	175.114
1.30056895954483	20.9845632123494	1838.559	121.323
1.29644896284083	20.9172432662054	786.696	121.184
0.899889280088576	15.0256679794656	3163.739	86.437
1.29742896205683	20.9478432417254	1266.729	121.706
1.29485896411283	20.9446032443174	4413.274	122.934
1.30321895742483	21.0299231760615	1870.022	121.288
1.90004847996122	29.1767166586267	6192.133	184.571
