0.301359758912193	5.27831577734738	3143.715	29.657
6.29217496626003	68.9997048002362	38029.852	561.72
39.098258721393	99.985420011664	46166.491	5119.213
0.398059681552255	6.93395445283644	4157.05	38.054
49.0892607285914	100.0	47173.802	6381.647
0.398199681440255	6.92999445600443	4114.62	39.443
94.1011147191082	100.0	53130.249	12953.66
49.0916607266714	100.0	47359.143	6417.168
64.084488732409	100.0	49594.265	8322.223
0.0997599201920639	1.78019857584114	1069.77	10.183
4.20490663607469	53.8726969018425	32064.173	393.546
34.1064627148298	99.946720042624	45442.846	4415.058
54.0954367236506	100.0	48369.756	7129.581
44.1158247073402	99.997120002304	47153.342	5982.793
0.29687976249619	5.21297582961934	3166.404	29.379
0.202099838320129	3.57965713627429	2180.743	19.425
19.0876547298762	97.8045417563666	44159.537	2356.104
94.1062347150122	100.0	53215.573	12675.945
0.201319838944129	3.56165715067428	2216	19.619
54.0959867232106	100.0	48301.778	9096.095
94.0993547205162	100.0	53530.786	12903.924
0.399889680088256	6.95375443699645	4215.038	39.289
24.1093007125594	99.2886405690875	44906.388	3165.34
69.0819947344042	100.0	49976.79	9085.872
64.097928721657	100.0	50182.332	8548.06
44.1219747024202	99.996040003168	47563.768	5793.841
99.0943807244954	100.0	57398.817	13610.869
39.086748730601	99.987940009648	47561.031	5133.537
14.095218723825	93.5234251812599	43744.668	1121.983
9.40125247899802	83.1320334943732	41786.646	785.851
59.0914027268778	100.0	49159.431	7800.835
39.083688733049	99.987760009792	46305.027	5136.871
0.601579518736385	10.2974317620546	6216.953	58.477
19.0874847300122	97.8061617550706	43873.068	2409.249
24.1001407198874	99.3097005522396	44719.602	3096.529
74.1035107171914	100.0	51523.332	12866.625
89.096648722681	100.0	52947.192	12017.1
9.39197248642201	83.0283535773171	42054.338	801.414
39.108598713121	99.9865000108	46552.366	5173.697
2.79788776168979	39.9909280072576	24375.858	259.012
44.0880447295642	99.99820000144	47125.118	5734.078
69.1172347062122	100.0	50744.045	12025.456
49.0936707250634	99.999820000144	47702.43	6415.199
84.0993627205098	100.0	52117.168	11237.569
34.1008527193178	99.943660045072	46123.027	4576.472
29.1036167171066	99.7942601645919	45148.89	3790.156
29.1025067179946	99.7980401615679	45029.788	3680.486
6.30467495626004	69.1035647171482	38583.828	560.4
0.0995399203680637	1.77479858016114	1098.796	9.242
0.597989521608383	10.2450518039586	6234.139	56.442
24.0977107218314	99.3122205502236	44527.931	3004.751
0.598659521072383	10.2517117986306	6174.568	57.97
9.40881247295002	83.1718134625492	41647.4	756.192
2.79597776321779	40.0046079963136	24167.204	266.838
0.400459679632256	6.96995442403646	4203.586	38.843
4.20019663984269	53.7832369734104	32001.178	388.856
99.0986507210794	100.0	54074.35	13289.52
79.1028167177466	100.0	51755.499	10765.913
74.1052807157754	100.0	51558.742	10256.317
49.1244107004714	99.999820000144	48480.116	6421.457
34.1046427162858	99.942760045792	45493.011	4354.554
14.113448709241	93.5277451778039	43671.443	1172.311
29.1090867127306	99.7985801611359	44942.688	3869.085
74.0998407201274	100.0	51405.305	10100.194
99.0965607227514	100.0	54626.383	13290.935
24.0838007329594	99.3010605591516	45411.424	3132.841
54.0900767279386	100.0	48443.487	7022.275
2.79057776753779	39.9302680557856	24150.08	266.581
79.1030967175226	100.0	52147.154	10877.27
79.1056167155066	100.0	52263.247	10720.284
44.0874347300522	99.997480002016	47119.228	5601.038
64.094128724697	100.0	49725.803	8440.217
14.093908724873	93.5228851816918	43261.228	1135.524
69.0859847312122	100.0	50450.173	9482.565
89.097278722177	100.0	53346.342	12221.342
0.200599839520128	3.55157715873827	2214.68	19.751
14.099018720785	93.5209051832759	42909.682	1099.027
0.300059759952192	5.25851579318737	3205.533	29.787
64.117958705633	100.0	49618.871	8329.027
59.1194527044378	100.0	49220.51	7678.56
2.80352775717779	40.0620279503776	24361.903	263.434
34.1037327170138	99.942220046224	46451.074	4490.861
89.102318718145	100.0	52935.847	11929.021
84.0998227201418	100.0	52479.389	11684.008
0.100839919328065	1.79837856129715	1090.996	10.237
6.29872496102003	69.0479447616442	38203.782	560.086
0.200519839584128	3.54653716277027	2162.505	19.388
9.40079247936602	83.1064735148212	41925.882	801.161
4.19635664291469	53.7915169667864	31749.698	387.465
74.1044107164714	100.0	51346.184	10036.478
79.1050767159386	100.0	51581.826	10803.715
6.30555495555604	69.0967247226202	38582.761	565.317
0.600499519600384	10.2652117878306	6176.806	57.829
19.0888147289482	97.7975217619826	44359.931	2376.891
4.21006663194669	53.9007768793785	31838.461	387.868
54.0940367247706	100.0	48393.066	7139.066
0.298269761384191	5.23925580859535	3202.952	29.695
84.0994827204138	100.0	53133.009	11549.506
69.0868947304842	100.0	50884.95	9558.431
59.1121927102458	100.0	48867.468	7738.992
84.1026227179018	100.0	52472.898	11638.672
0.0997899201680639	1.78433857252914	1087.574	10.462
94.0993547205162	100.0	53689.234	12955.087
89.103428717257	100.0	52630.121	12012.938
59.0872427302058	100.0	49038.327	7684.772
19.1190047047962	97.8416217267026	44265.358	2505.105
99.0965607227514	100.0	54231.515	13287.245
29.1100767119386	99.7991201607039	45749.699	3910.606
6.30695495443604	69.0722447422042	38369.675	555.236
99.1018107185514	100.0	54192.732	13353.541
14.108978712817	93.5556451554839	43271.199	1150.227
0.198589841128127	3.51035719171425	2110.666	19.98
24.0773707381034	99.2992605605915	44946.759	3044.667
94.1036147171082	100.0	53326.404	12576.857
0.0985699211440631	1.75877859297713	1071.759	9.967
64.085118731905	100.0	49581.312	8380.244
54.1185067051946	100.0	48272.362	7013.543
6.30228495817203	69.1217447026042	38226.338	554.458
34.1039727168218	99.939340048528	45727.915	4512.787
69.1079047136762	100.0	50384.161	9325.305
2.80156775874579	40.0796679362657	24467.706	260.129
74.1043707165034	100.0	50912.828	12838.411
2.79450776439379	39.9929080056736	24336.783	260.357
0.202119838304129	3.57263714189029	2174.898	20.334
2.80226775818579	40.0157679873856	24540.28	263.072
54.0888467289226	100.0	48607.358	7097.951
84.0971327222938	100.0	52478.703	11365.763
49.1002207198234	99.998920000864	47939.142	6538.323
4.20833663333069	53.8476769218585	32101.074	386.521
