0.00178999856800115	0.0322199742240206	4.248	1.199
0.0010899991280007	0.0196199843040126	3.738	1.124
1.06917914465668	17.6023659181073	2097.622	191.161
0.00299999760000192	0.0539999568000346	7.249	1.297
0.00100999919200065	0.0181799854560116	4.167	1.16
0.0010999991200007	0.0197999841600127	3.687	1.099
0.00102999917600066	0.0185399851680119	5.914	1.096
0.00301999758400193	0.0543599565120348	5.72	1.386
18.2373854100917	97.3489621208303	3184.368	1884.464
47.3243021405583	99.999640000288	2827.269	1883.241
1.59816872146502	25.1943998444801	2238.903	378.117
0.00204999836000131	0.0368999704800236	4.779	1.2
12.1239203008638	90.2607477914018	6049.149	1386.254
1.59664872268102	25.1675798659361	2310.97	429.39
97.3110921511263	100.0	3042.957	2165.903
77.3155781475375	100.0	3114.296	2878.734
12.1238903008878	90.2539077968738	3332.957	1383.42
0.710059431952454	12.0396503682797	1399.61	151.856
97.3093721525023	100.0	6361.758	4121.914
77.3165881467295	100.0	3348.539	2141.086
57.3192641445887	100.0	2963.667	2873.656
77.3170481463615	100.0	2936.755	2026.127
1.06524914780068	17.5285659771472	2103.495	188.546
0.00212999829600136	0.0383399693280245	10.122	1.215
37.3405601275519	99.979840016128	3135.722	1855.565
1.59665872267302	25.1736998610401	2337.959	337.022
1.06804914556068	17.5859859312113	2254.192	203.088
18.2228454217237	97.3583221133423	2907.388	1751.683
67.3257861393711	100.0	3059.529	2763.87
97.3101121519103	100.0	3522.594	2107.971
27.3265281387775	99.6767202586238	2816.86	1879.224
0.00282999773600181	0.0509399592480326	5.719	1.344
47.3176321458943	99.998380001296	3133.242	2831.291
87.3256101395119	100.0	3492.873	2078.583
37.3329401336479	99.97840001728	2943.952	2676.525
27.3241481406815	99.6832002534398	3072.093	1864.994
0.00305999755200196	0.0550799559360352	14.107	1.207
67.3102961517631	100.0	2906.277	2209.925
67.3155761475391	100.0	3325.95	2062.701
2.39590808327353	35.3073317541346	2527.588	498.846
67.3252961397631	100.0	5751.607	4032.952
97.3090621527503	100.0	3199.779	2941.205
0.0018799984960012	0.0338399729280217	5.162	1.31
2.40399807680154	35.4687916249667	2988.819	473.624
1.59407872473702	25.1202399038081	2339.368	362.22
2.40702807437754	35.5215315827747	2426.923	567.863
1.07140914287269	17.6360258911793	2150.799	194.762
37.3407201274239	99.979120016704	6118.497	3962.869
87.3189201448639	100.0	6240.023	4108.453
87.3181101455119	100.0	3158.709	2970.64
57.3199141440687	99.999640000288	6284.875	3964.591
12.1336202931038	90.2866677706658	3208.692	1497.9
47.3236421410863	99.999460000432	6070.308	3987.187
27.3388981288815	99.6887802489758	2904.081	2660.027
57.3224641420287	99.999820000144	3307.08	2051.591
18.2248654201077	97.3590421127663	6198.627	4011.149
18.2103454317237	97.3556221155023	3027.896	2647.716
77.3322881341695	100.0	5783.209	4043.366
87.3175601459519	100.0	3081.092	2058.973
27.3027081578335	99.6862602509918	6803.372	3962.627
2.40502807597754	35.5101915918467	2471.302	529.617
12.1534102772718	90.3129477496418	3060.298	1485.39
57.3232541413967	99.999820000144	2898.153	1919.613
37.3143501485199	99.978040017568	2669.136	1859.151
47.3030921575263	99.998380001296	3212.701	2049.547
