14.100678719457	93.4886852090518	3342.23	1680.012
79.0913167269466	100.0	3847.36	2285.619
99.0994407204474	100.0	4136.708	2536.281
19.1060147151882	97.8342417326066	3360.88	1775.097
74.1106107115114	100.0	3906.511	2264.217
49.0893607285114	99.999640000288	3940.437	2018.461
44.0927947257642	99.998020001584	3586.106	1959.841
2.79902776077779	40.0064079948736	2599.114	706.562
9.39434248452601	83.0375335699731	3390.516	1651.761
4.20420663663469	53.8599169120665	2773.114	967.74
24.0897907281674	99.3025005579996	3349.62	2029.454
0.896339282928574	14.9531280374976	2480.16	211.422
29.1132767093786	99.7942601645919	3382.793	2099.844
0.394149684680252	6.86519450784439	1995.876	60.195
39.078718737025	99.985060011952	3414.878	2259.207
59.0788427369258	100.0	3674.406	2246.273
64.092318726145	100.0	3729.091	2361.882
69.0997347202122	100.0	4453.293	2147.042
0.196969842424126	3.48389721288223	970.374	31.422
0.101279918976065	1.80791855366516	479.126	16.985
0.299039760768191	5.25329579736336	1527.918	47.698
0.596519522784382	10.2018518385185	2408.056	88.914
34.0821127343098	99.943840044928	3485.985	2067.302
54.0892467286026	100.0	3692.906	2357.054
89.099048720761	100.0	4069.767	2625.004
84.1132727093818	100.0	4005.4	2436.341
1.30260895791283	21.0464831628135	2513.934	339.509
6.30142495886003	69.0349847720122	3155.554	1287.49
94.1098747121002	100.0	3969.292	2355.909
1.90499847600122	29.2857965713627	2503.813	479.93
