94.0973447221242	100.0	14031.086	7245.169
9.39898248081401	83.1185335051732	6044.74	836.63
79.1107567113946	100.0	12730.309	6020.109
1.30159895872083	21.0391031687175	1407.137	124.052
34.1116327106938	99.943480045216	9021.669	2704.536
44.1177147058282	99.99730000216	9990.144	3441.86
0.300189759848192	5.27831577734738	351.527	31.974
59.1093427125258	100.0	11094.003	4682.543
0.400639679488256	6.96023443181245	458.85	42.877
0.898749281000575	14.9902080078336	996.971	92.536
64.092548725961	100.0	11714.02	5223.564
14.097898721681	93.5115451907639	6947.593	1289.804
19.1146347082922	97.8175017459986	7429.096	1595.969
0.198569841144127	3.51143719085025	236.836	22.072
49.0921107263114	99.99910000072	10200.026	3777.887
24.1112607109914	99.2944005644795	8110.552	1990.361
0.598889520888383	10.2385718091426	684.937	63.302
0.100849919320065	1.79963856028915	122.803	12.55
2.79820776143379	39.9819280144576	2830.116	283.11
29.0999267200586	99.7987601609919	8708.246	2380.272
89.097278722177	100.0	13708.493	6832.491
84.1095227123818	100.0	13126.148	6546.541
6.29864496108403	68.9505648395481	5117.106	613.188
39.100698719441	99.9865000108	9551.47	3084.378
54.0921467262826	99.999820000144	10659.736	4265.164
99.0954907236074	100.0	13818.637	7121.123
74.0958407233274	100.0	14025.502	6148.619
1.90380847695322	29.3225165419868	2020.842	193.297
69.1000547199562	100.0	12025.972	5347.5
4.18995664803468	53.7011570390744	3944.285	417.538
64.087868729705	100.0	11422.436	4867.101
49.1005207195834	99.999820000144	10292.431	3895.083
0.400899679280257	6.97427442058046	465.905	42.569
1.89155848675321	29.0764567388346	1992.656	197.811
94.0994447204442	100.0	13866.633	7229.179
29.0999267200586	99.7885001691999	8636.793	2414.65
