3.60559711552231	48.363441309247	28890.355	325.674
5.38444569244345	63.0354095716723	35862.577	474.175
0.00582999533600373	0.104939916048067	67.769	2.061
0.0624099500720399	1.11995910403272	676.082	8.453
37.3425401259679	99.98110001512	45331.982	2611.993
0.00195999843200125	0.0352799717760226	24.015	1.548
8.09930352055718	78.161697470642	41074.525	688.856
0.012469990024008	0.223919820864143	140.152	3.245
47.3065421547663	99.998380001296	46218.352	3345.675
2.40355807715354	35.5065915947267	21474.617	223.738
97.3070821543343	100.0	49770.387	6692.662
77.3062781549775	100.0	47793.197	7106.742
1.06130915095268	17.4650260279792	10491.773	96.788
0.14085988731209	2.5064979948016	1502.275	14.736
0.0274899780080176	0.493199605440316	307.08	4.691
67.3162761469791	100.0	46968.837	4576.878
57.3135441491647	100.0	46751.867	3996.622
0.0192699845840123	0.346319722944222	216.281	3.712
0.707489434008453	11.9842104126317	7185.243	69.282
0.00860999311200551	0.154979876016099	99.117	2.662
18.2019454384436	97.3003621597103	43112.504	1359.662
0.316549746760203	5.55065555947555	3348.208	31.768
0.473339621328303	8.17991345606923	4923.329	46.652
0.000929999256000595	0.0167399866080107	12.466	1.31
0.0039099968720025	0.070379943696045	46.749	1.774
0.0413899668880265	0.742679405856475	460.87	6.47
1.60075871939302	25.1954798436161	15182.378	148.19
0.00299999760000192	0.0539999568000346	36.384	1.61
12.1403702877038	90.3041277566978	42597.209	955.814
27.3173481461215	99.6792402566078	44210.252	1922.383
0.210149831880135	3.71501702798638	2215.299	21.947
0.0929499256400595	1.65941867246506	1004.805	11.281
87.3219901424079	100.0	48603.381	5895.665
