0.904399276480579	15.0929879256097	9260.058	100.745
0.899449280440576	14.9871480102816	9155.203	99.406
1.89812848149721	29.1696966642427	18048.827	195.565
0.902609277912578	15.0807479354017	9376.963	98.997
1.29864896108083	20.9676432258854	13051.378	143.191
1.90094847924122	29.2377366098107	18300.372	210.706
1.90262847789722	29.2411566070747	18302.955	205.626
0.902719277824578	15.0683279453376	9351.639	99.593
1.30052895957683	21.0027431978054	13025.381	147.05
1.89792848165721	29.1727566617947	18155.858	208.665
1.29594896324083	20.9086032731174	12947.309	140.646
1.30110895911283	21.0238031809575	13080.103	143.103
