1.30440895647283	21.0452231638215	16311.452	1142.536
0.594929524056381	10.1910518471585	12575.088	531.934
2.8058977552818	40.1360078911937	17475.672	1732.401
0.0992599205920635	1.77101858318513	3002.12	106.622
79.1109967112026	100.0	23110.221	9535.347
0.197959841632127	3.50675719459424	5780.351	220.524
14.104208716633	93.4883252093398	15866.767	5017.679
89.108028713577	100.0	25749.44	10082.312
9.40611247511002	83.0589535528372	16729.494	4738.066
6.31135495091604	69.1149047080762	16944.319	4636.016
69.0861447310842	100.0	21312.8	8995.458
64.112628709897	100.0	20087.371	8386.707
99.1029007176794	100.0	28191.347	10127.722
0.399279680576256	6.95447443642045	9949.501	382.927
39.084258732593	99.987220010224	17872.634	7548.23
19.1033547173162	97.8292017366386	16860.324	5443.69
24.0876307298954	99.3055605555516	15239.232	5592.628
84.1168727065018	100.0	23601.187	9702.407
94.1086147131082	100.0	28306.12	10134.702
54.0938767248986	99.999820000144	18786.572	8490.263
4.20986663210669	53.9065368747705	17089.766	4897.532
29.0900367279706	99.8005601595519	16496.644	5835.442
74.1047807161754	100.0	22422.775	9333.42
59.1072127142298	100.0	20143.817	8338.295
44.0867247306202	99.996580002736	17800.343	7116.961
0.897329282136574	14.9749080200736	14931.698	808.331
1.89875848099322	29.1786966570427	16752.776	1396.126
49.0913607269114	99.998920000864	18607.344	7624.709
0.298869760904191	5.23889580888335	8021.401	266.591
34.1044327164538	99.947620041904	17902.498	6394.388
