49.1115007107994	99.999640000288	3627.871	1887.368
44.1109647112282	99.995860003312	3632.156	1933.029
0.199009840792127	3.51323718941025	3565.515	1913.842
0.0992199206240635	1.77011858390513	3685.899	2014.832
0.299299760560192	5.25491579606736	3728.12	2048.997
74.1041607166714	100.0	3620.724	1862.12
1.29803896156883	20.9663832268934	3516.852	1924.53
0.607389514088389	10.3854516916386	3564.817	1938.237
9.40545247563802	83.0519335584532	3729.716	1993.832
84.1105827115338	100.0	3760.178	2020.767
6.30176495858803	68.9804448156441	3568.059	1928.601
69.0898847280922	100.0	3740.386	1962.592
4.20032663973869	53.8327369338105	3713.677	1980.335
54.0885267291786	100.0	4435.843	1927.868
94.1071647142682	100.0	3753.463	1995.349
2.80249775800179	40.0544679564256	3555.115	1962.117
19.1028047177562	97.8234417412466	3791.996	2012.024
99.1023307181354	100.0	3846.863	1891.463
1.90190847847322	29.1957966433627	3697.025	2034.04
29.1079667136266	99.7946201643039	3770.279	2053.909
79.1062867149706	100.0	3757.302	1979.985
0.401849678520257	6.99173440661247	3683.177	2104.809
89.108388713289	100.0	3827.322	2024.12
14.114208708633	93.5542051566359	3545.382	1919.091
24.0979807216154	99.3008805592955	3547.816	2135.244
34.0952227238218	99.947260042192	3749.148	2057.258
59.0893727285018	100.0	3766.37	2026.278
39.101138719089	99.98470001224	4481.952	2030.295
64.084038732769	100.0	3695.514	2118.221
0.902599277920578	15.0695879443296	3726.382	2021.855
