87.3170501463599	100.0	27194.866	20423.77
2.39816808146553	35.4007516793987	2517.909	222.552
0.00208999832800134	0.0376199699040241	4.502	1.261
8.10967351226119	78.2110174311861	6433.831	712.265
18.1871754502596	97.3259221392623	10511.555	3681.047
97.3129321496543	100.0	29452.69	23075.753
47.3250821399343	99.999280000576	17388.977	10631.284
67.3109361512511	100.0	21945.909	15381.396
1.06780914575268	17.5937259250193	1180.555	101.333
77.3336781330575	100.0	24257.371	17736.787
0.0184099852720118	0.330479735616212	25.827	2.288
0.316529746776203	5.54471556422755	370.301	30.932
37.3080801535359	99.976240019008	14951.647	8023.333
12.1257602993918	90.2278078177537	8814.273	945.998
5.38064569548344	63.0463895628884	4820.291	598.697
0.00884999292000566	0.159299872560102	13.68	1.948
0.711739430608455	12.0592703525837	807.843	68.039
0.0958299233360613	1.7134186292651	116.21	9.802
0.012519989984008	0.225359819712144	18.028	2.025
3.60608711513031	48.408081273535	3583.82	335.157
27.3191381446895	99.6805002555998	12704.897	5771.476
0.00317999745600204	0.0572399542080366	5.444	1.387
0.0060999951200039	0.10979991216007	9.971	1.543
1.59840872127302	25.1853998516801	1730.048	153.353
0.00099999920000064	0.0178199857440114	6.716	1.224
57.3163241469407	100.0	19842.161	12950.194
0.00376999698400241	0.0678599457120434	7.592	1.364
0.138539889168089	2.46851802518558	166.761	14.374
0.213329829336137	3.77567697945842	255.266	20.743
0.0623299501360399	1.11635910691271	78.037	6.884
0.0285399771680183	0.511379590896327	37.906	3.09
0.474239620608303	8.20043343965325	547.07	45.571
0.0427499658000274	0.767159386272491	54.878	3.932
