0.00116999906400075	0.0210599831520135	3109.034	1968.879
0.00196999842400126	0.0354599716320227	3108.007	1926.251
0.00314999748000202	0.0566999546400363	3112.408	1947.726
0.00391999686400251	0.0705599435520452	3402.802	2049.826
0.0064099948720041	0.115199907840074	3052.456	1928.158
0.00885999291200567	0.159479872416102	3386.623	2038.401
0.0127999897600082	0.230219815824147	3113.245	1899.818
0.0197199842240126	0.354779716176227	3471.762	2075.275
0.028099977520018	0.503999596800323	3437.2	2057.913
0.0425499659600272	0.763019389584488	3376.237	2064.449
0.06249995000004	1.11905910475272	3185.836	1968.185
0.0945099243920605	1.68803864956908	3383.234	2123.781
0.14070988743209	2.5021779982576	3440.61	2085.238
0.210499831600135	3.72059702352238	3479.762	2034.933
0.316059747152202	5.54741556206755	3100.232	1975.62
0.473609621112303	8.18225345419724	3179.098	1966.929
0.708409433272453	11.9993304005357	3511.957	2105.41
1.06843914524868	17.5838259329393	3054.159	1960.666
1.60350871719303	25.2377798097762	3157.459	1917.165
2.40417807665754	35.4884116092707	3141.917	1993.188
3.5951671238663	48.3114213508629	3097.912	1927.721
5.38075569539544	63.0415295667763	3114.528	1939.129
8.07575353939717	78.072417542066	3463.957	2072.033
12.1585202731838	90.3613677109058	3121.447	1988.807
18.1814954548036	97.3392421286063	3179.039	1972.275
27.3253581397135	99.6817602545918	3491.968	2117.723
37.3340101327919	99.976960018432	3217.359	2081.138
47.3262021390383	99.999460000432	3160.956	2052.215
57.3269741384207	100.0	3533.274	2222.528
67.3263661389071	100.0	3202.236	2085.604
77.3303981356815	100.0	3201.374	2074.28
87.3101101519119	100.0	3525.558	2199.314
97.3110121511903	100.0	3221.264	2141.499
