1.30168895864883	20.9944632044294	1335.627	310.516
64.106658714673	100.0	3714.135	3207.329
0.399999680000256	6.95645443483645	327.689	57.233
69.1117147106282	100.0	3762.821	3243.665
1.90523847580922	29.2622165902267	1859.761	443.101
6.30529495576403	68.9570448343641	2615.546	1091.482
89.098668721065	100.0	3932.012	3340.709
34.0995227203818	99.943660045072	3296.069	2840.322
94.1096947122442	100.0	4109.539	3408.621
0.595649523480381	10.2029318376545	539.193	91.847
44.0896147283082	99.996040003168	3485.545	3001.011
39.096438722849	99.985960011232	3421.546	2936.978
24.0891707286634	99.3043005565596	3280.625	2781.16
9.39243248605401	83.0108935912851	2724.48	1357.814
49.0896207283034	99.999280000576	3530.242	3025.244
4.20054663956269	53.8426369258905	2480.864	935.467
0.201939838448129	3.57587713929829	162.022	29.681
14.120748703401	93.5133451893238	3109.259	1542.212
74.1000607199514	100.0	3758.1	3224.987
0.299689760248192	5.26121579102737	245.406	46.958
0.0986499210800631	1.76111859110513	80.357	14.738
84.0943327245338	100.0	3847.079	3331.58
99.1035707171434	100.0	4073.197	3442.259
29.1195567043546	99.7987601609919	3362.906	2826.933
79.1127867097706	100.0	4005.027	3354.166
0.904619276304579	15.1064879148097	920.99	197.659
54.0896067283146	100.0	3617.807	3123.601
2.80239775808179	40.0409679672256	2190.529	642.763
19.1006047195162	97.8081417534866	3139.518	2726.817
59.0879327296538	100.0	3729.525	3120.479
