4.20083663933069	53.8721569022745	32605.837	401.248
89.114328708537	100.0	54709.309	12925.423
2.79537776369779	39.9219880624095	24854.407	286.706
29.1099167120666	99.7877801697759	45784.313	4058.435
54.0975367219706	99.999820000144	49454.487	7599.23
19.0808947352842	97.7672817861746	44784.018	2680.894
9.38907248874201	83.0161135871091	42388.17	1059.905
64.076158739073	100.0	51354.169	9162.274
74.1155507075594	100.0	52439.285	10868.936
84.1038827168938	100.0	53164.051	12182.459
39.125478699617	99.988840008928	47384.783	5584.364
6.30900495279604	69.1059047152762	39103.875	613.905
99.0994407204474	100.0	56089.536	14465.805
0.101619918704065	1.81061855150516	1129.352	11.701
14.090218727825	93.5020051983958	44055.015	1286.027
0.299619760304192	5.25797579361936	3267.29	30.77
0.200799839360129	3.55481715614627	2197.974	22.381
0.600579519536384	10.2623317901346	6282.501	64.628
1.90261847790522	29.2409766072187	18063.355	198.022
49.1035907171274	99.999280000576	49308.92	7015.38
79.1024867180106	100.0	53702.011	11507.607
59.1053527157178	100.0	51806.675	9251.373
34.1010227191818	99.945460043632	47023.36	4830.653
1.29930896055283	20.9566632346694	12990.812	135.299
94.1096647122682	100.0	55603.863	13895.034
0.401669678664257	6.99479440416448	4319.27	43.394
44.0892547285962	99.996760002592	48046.302	6312.715
0.900109279912576	15.0235079811936	9321.92	95.666
69.0986447210842	100.0	51450.207	9740.536
24.1224607020314	99.3003405597276	45679.435	3385.309
