29.1080967135226	99.8016401586879	45680.003	2500.201
89.100998719201	100.0	51435.958	7491.341
69.0808547353162	100.0	49878.37	5736.449
44.0901947278442	99.996760002592	47398.677	3758.91
34.1256926994458	99.943660045072	45830.285	2989.104
0.202139838288129	3.57371714102629	2237.39	25.09
1.29803896156883	20.9663832268934	12983.622	141.513
14.099258720593	93.5362051710359	44254.382	1305.268
74.1081007135194	100.0	49461.657	6125.296
0.100349919720064	1.79279856576115	1113.181	14.221
94.1100247119802	100.0	51268.793	7957.493
99.1035707171434	100.0	51764.851	8207.79
0.900109279912576	15.0235079811936	9216.133	99.508
4.20283663773069	53.8172569461944	32573.665	446.811
0.301319758944193	5.29505576395539	3246.038	35.767
39.094808724153	99.987580009936	46710.145	3384.502
59.0882927293658	100.0	48659.636	5005.546
54.0829167336666	100.0	47966.412	4643.307
6.30618495505204	68.9984448012442	39401.877	652.513
9.40444247644602	83.0211535830771	42259.305	918.65
19.1011547190762	97.7912217670226	44922.403	2174.111
24.1233007013594	99.3179805456156	45204.89	2199.277
79.1061467150826	100.0	50669.26	6589.203
1.89992848005722	29.1979566416347	18298.854	208.109
49.0916507266794	99.998740001008	48079.336	4149.125
0.595539523568381	10.1944718444225	6294.179	66.29
2.80293775764979	40.0325079739936	24846.151	302.764
0.401349678920257	6.98219441424447	4326.144	45.814
84.1124027100778	100.0	50980.983	7019.125
64.090268727785	100.0	48952.357	5525.896
