0.208839832928134	3.70043703965037	2239.677	22.193
0.00872999301600559	0.1569598744321	99.375	2.778
5.40173567861146	63.1912894469684	35747.885	473.007
1.59925872059302	25.2240998207201	15108.126	152.816
0.710829431336455	12.0509903592077	7230.174	68.414
0.0276199779040177	0.495539603568317	308.912	4.784
37.3122101502319	99.978580017136	44916.764	2613.815
97.3081621534703	100.0	49365.784	6359.753
2.39360808511353	35.3168717465026	21250.464	219.638
0.00285999771200183	0.0514799588160329	33.664	1.657
0.00602999517600386	0.108539913168069	70.57	2.215
0.0639699488240409	1.14497908401673	707.917	8.197
0.00349999720000224	0.0629999496000403	42.011	1.836
0.315299747760202	5.53301557358754	3319.074	31.995
27.3154981476015	99.6898602481118	44811.257	1917.786
0.0947499242000606	1.69073864740908	1023.107	11.584
67.3185961451231	100.0	47551.179	4595.273
0.0414699668240265	0.744299404560476	460.893	6.22
0.141569886744091	2.51729798616161	1521.048	15.961
0.00209999832000134	0.0377999697600242	25.548	1.514
0.0191199847040122	0.34361972510422	213.318	4.099
1.07372914101669	17.6698658641073	10718.435	95.483
47.3045321563743	99.998560001152	45345.987	3285.811
3.5894771284183	48.2387014090389	28878.519	324.577
0.000909999272000582	0.0163799868960105	11.488	1.362
18.2221854222517	97.3478821216943	43526.749	1358.221
57.3048841560927	100.0	47411.552	3958.905
12.1530702775438	90.2801877758498	42529.875	965.046
0.474369620504304	8.20565343547725	4934.793	46.303
0.0134499892400086	0.241559806752155	149.05	3.401
8.10431351654919	78.201117439106	40370.674	667.463
87.3208201433439	100.0	49264.924	5989.48
77.3182581453935	100.0	48682.164	5274.939
