0.904399276480579	15.0929879256097	9260.058	100.745
59.1060327151738	100.0	49042.321	5037.535
24.1262106990314	99.3136605490716	45608.183	2120.948
99.1052407158074	100.0	51725.71	8443.272
0.396989682408254	6.89921448062842	4273.835	45.686
34.0821127343098	99.94330004536	46149.079	2931.156
64.101998718401	100.0	48638.977	5391.391
6.29644496284403	68.9417448466041	38775.193	654.283
94.1076547138762	100.0	51189.081	7767.947
0.100809919352065	1.80035855971315	1139.123	13.73
0.600819519344384	10.2850117719906	6381.547	68.627
54.0851067319146	99.999820000144	48012.446	4502.337
74.0828807336954	100.0	49819.995	6264.268
44.0811147351082	99.996580002736	47071.427	3721.311
4.19687664249869	53.8055569555544	32644.718	442.431
89.106378714897	100.0	51245.565	7490.338
84.1054027156778	100.0	51234.896	6949.914
2.79146776682579	39.9252280598175	24558.004	307.34
9.38763248989401	83.0216935826451	42575.113	935.723
19.0976147219082	97.7982417614066	44717.357	1682.136
39.086528730777	99.986860010512	46375.348	3362.77
14.094098724721	93.5009251992598	44360.764	1319.422
29.0899467280426	99.8002001598399	46062.516	2530.466
1.89792848165721	29.1727566617947	18155.858	208.665
49.1017407186074	99.998920000864	48031.836	4120.822
1.29594896324083	20.9086032731174	12947.309	140.646
0.200749839400128	3.55373715701027	2216.999	24.623
0.302139758288193	5.29631576294739	3311.965	35.558
79.1032067174346	100.0	50456.094	6708.388
69.1043347165322	100.0	49081.589	5718.138
