0.0989399208480633	1.76669858664113	3696.605	1990.428
1.30004895996083	20.9840232127814	3570.513	1942.741
34.1080327135738	99.946360042912	3558.511	1907.899
2.79984776012179	39.9709480232416	3677.459	1983.402
19.1204747036202	97.8286617370706	3545.185	1885.701
1.91199847040122	29.3916364866908	3525.022	1909.005
54.0948467241226	100.0	4357.097	1882.98
94.1042447166042	100.0	3749.738	1960.334
0.597699521840383	10.2176918258465	3571.277	1927.728
39.089118728705	99.985240011808	3605.008	1905.444
89.114548708361	100.0	3797.122	2013.33
44.0852047318362	99.996760002592	3608.221	1855.214
0.899709280232576	14.9830080135936	3555.936	1921.297
0.301949758440193	5.30225575819539	3930.857	2066.204
6.29785496171603	68.9768448185241	3727.971	2070.197
0.199999840000128	3.53987716809827	3515.515	1916.918
74.0989507208394	100.0	4462.56	2031.792
69.0856847314522	100.0	3728.143	2005.164
4.20212663829869	53.7978169617464	3522.568	1956.909
0.396769682584254	6.89705448235641	3528.684	1919.661
79.0873967300826	100.0	3768.941	2009.002
64.094178724657	100.0	3622.054	1896.275
99.0989207208634	100.0	3636.71	1889.811
49.0846007323194	99.999460000432	3928.107	2073.951
84.0935127251898	100.0	3590.858	1863.146
9.41363246909402	83.0429335656531	3717.935	2031.169
24.1001807198554	99.2962005630395	3699.862	2007.366
14.109248712601	93.5619451504439	3727.475	2040.654
59.0903027277578	100.0	3785.617	2019.899
29.1166967066426	99.7903001677599	3569.327	1916.967
