0.00088999928800057	0.0160199871840103	4.331	1.448
0.000909999272000582	0.0163799868960105	3.808	1.503
0.00099999920000064	0.0179999856000115	6.009	1.429
0.00102999917600066	0.0185399851680119	4.329	1.314
0.00196999842400126	0.0352799717760226	5.956	1.674
0.00199999840000128	0.035999971200023	4.473	1.588
0.00204999836000131	0.0368999704800236	4.942	1.684
0.0021799982560014	0.0392399686080251	10.603	1.596
0.00274999780000176	0.0493199605440316	12.546	1.766
0.0029699976240019	0.0534599572320342	8.018	1.835
0.00304999756000195	0.0548999560800351	6.205	1.842
0.003119997504002	0.0561599550720359	6.712	1.983
0.709079432736454	12.0227303818157	1082.889	66.45
0.710559431552455	12.0418103665517	804.504	71.653
0.713189429448456	12.0801503358797	604.396	80.524
0.714619428304457	12.1240703007438	2576.015	72.287
1.06055915155268	17.4401860478512	3723.732	109.798
1.06159915072068	17.4914860068112	1573.963	103.056
1.06161915070468	17.4536860370512	1174.72	106.504
1.06813914548868	17.5715859427312	880.182	107.029
1.59621872302502	25.1632598693921	2285.273	155.201
1.59763872188902	25.1506598794721	5410.434	159.215
1.59908872072902	25.2154598276321	1735.398	160.736
1.59980872015302	25.1900798479361	1298.039	174.51
2.39181808654553	35.3051717558626	2505.142	235.879
2.39843808124954	35.4075916739267	1924.958	242.624
2.39927808057754	35.4052516757987	3098.211	228.035
2.40152807877754	35.4007516793987	7605.295	245.474
