44.0988947208842	44.4615844307325	2822.217	2042.467
0.599319520544384	0.960839231328615	140.596	27.777
1.30187895849683	1.66625866699307	185.16	59.643
59.1006227195018	59.4672724261821	3953.768	2910.027
6.30142495886003	6.66575466739627	527.462	293.65
2.80137775889779	3.16169747064202	305.552	133.737
94.0998647201082	94.4642844285725	5972.074	4576.641
69.0989747208202	69.4612244310205	4472.663	3263.156
79.0918067265546	79.3869564904348	4863.581	3718.015
89.100798719361	89.4655084275933	5595.159	4231.534
39.099978720017	39.4653284277373	2640.852	1821.576
49.1016907186474	49.4594604324317	3247.973	2225.466
0.399739680208256	0.760859391312487	124.319	18.247
4.20013663989069	4.56407634873892	415.145	200.797
29.1008567193146	29.4636364290909	1896.539	1330.802
24.0910907271274	24.3883604893116	1686.462	1140.309
84.1009827192138	84.4663724269021	5246.435	4046.304
19.1003847196922	19.4650044279965	1358.419	892.006
0.899629280296576	1.27079898336081	143.08	40.117
0.100029919976064	0.458999632800294	86.875	8.415
9.39775248179802	9.76409218872625	713.346	419.838
74.1002007198394	74.4672004262397	4683.886	3611.663
34.1009927192058	34.4625924299261	2272.089	1657.165
0.300759759392192	0.669059464752428	113.54	15.171
1.90086847930522	2.26043819164945	240.709	86.113
14.100168719865	14.4633484293213	1036.692	702.691
54.1007967193626	54.4616564306749	3383.946	2387.857
0.199979840016128	0.56285954971236	89.707	11.316
99.0909307272554	99.3869204904636	6110.499	4715.138
64.100748719401	64.4613684309053	3943.283	3083.962
