87.3109301512559	87.3278301377359	2600.382	1829.698
0.0279999776000179	0.0439199648640281	14.402	0.734
0.0429999656000275	0.0599399520480384	18.192	0.843
67.3109461512431	67.3278661377071	2136.033	1362.061
0.00099999920000064	0.0179999856000115	5.735	0.386
1.59999872000102	1.61801870558504	91.962	28.064
12.1389902888078	12.1559302752558	476.487	239.992
0.141999886400091	0.159839872128102	23.889	1.995
97.3099221520623	97.3259221392623	2855.655	2425.662
2.39799808160153	2.41595806723355	146.353	46.662
0.0099999920000064	0.028079977536018	8.876	0.519
5.39599568320345	5.41385566891547	258.069	109.871
0.0199999840000128	0.035999971200023	11.328	0.601
8.09299352560518	8.11007351194119	315.424	165.203
0.315999747200202	0.331919734464212	34.941	3.946
27.3109781512175	27.3279381376495	876.479	546.965
0.00399999680000256	0.0219599824320141	7.073	0.465
37.3109701512239	37.3280101375919	1187.529	744.071
0.474999620000304	0.491939606448315	41.855	7.018
0.711999430400456	0.729899416080467	65.446	11.956
1.06699914640068	1.08413913268869	73.221	18.731
77.3109381512495	77.3279381376495	2397.105	1557.816
0.211999830400136	0.229859816112147	32.752	3.159
0.0049999960000032	0.0219599824320141	7.087	0.44
0.0949999240000608	0.111959910432072	23.22	1.465
3.5979971216023	3.61601710718631	166.024	71.482
0.013999988800009	0.0300599759520192	9.6	0.543
18.2079854336117	18.2260654191477	620.235	375.448
57.3109541512367	57.3279741376207	1718.517	1185.486
0.00699999440000448	0.0239399808480153	7.83	0.524
47.3109621512303	47.3279021376783	1465.576	942.108
0.063999948800041	0.0820799343360525	19.256	1.228
0.00299999760000192	0.0199799840160128	6.727	0.447
