0.00105999915200068	0.0190799847360122	6.236	0.389
0.00192999845600124	0.0345599723520221	10.493	0.421
0.00279999776000179	0.0494999604000317	14.656	0.521
0.00410999671200263	0.0732599413920469	21.763	0.484
0.0059399952480038	0.105839915328068	29.98	0.581
0.00893999284800572	0.157679873856101	43.625	0.628
0.0133099893520085	0.232919813664149	63.901	0.692
0.018689985048012	0.322019742384206	91.321	1.047
0.0225099819920144	0.379799696160243	106.577	1.146
0.0416899666480267	0.675899459280433	186.959	1.927
0.0630199495840403	0.980819215344628	273.902	3.043
0.0928199257440594	1.34621892302486	372.252	3.797
0.141639886688091	1.85687851449719	503.024	5.956
0.209859832112134	2.41001807198554	625.429	8.626
0.313999748800201	3.02219758224193	736.549	11.678
0.474349620520304	3.60917711265831	812.943	15.751
0.709019432784454	4.10921671262663	852.116	20.327
1.06593914724868	4.63967628825897	882.654	33.18
1.60455871635303	5.24735580211536	920.819	42.216
2.39515808387353	6.01829518536385	937.576	63.447
3.5942671245863	7.21115423107662	1023.008	92.601
5.39502568397945	9.00503279597376	1069.841	141.95
7.94398364481308	10.5902915277668	917.751	201.485
12.1346802922558	15.7766273786981	1378.237	306.77
18.2065954347237	21.7843025725579	1619.014	457.035
27.3107981513615	30.9660952271238	2064.747	663.58
37.3121801502559	40.9380872495302	2448.73	929.536
47.3179821456143	50.9430192455846	2954.242	1149.287
57.3048241561407	60.950831239335	3395.416	1378.593
67.3105761515391	70.9471232423014	3884.332	1637.733
77.3032281574175	80.9417952465638	4301.426	1867.963
87.3084101532719	90.9542872365702	4758.807	2211.81
97.2210922231262	99.8941600846719	5043.383	3762.505
