0.00451999638400289	0.0813599349120521	3.682	0.765
0.00712999429600456	0.128159897472082	5.091	0.992
0.00752999397600482	0.135359891712087	5.161	1.052
0.0164699868240105	0.296099763120189	10.019	1.645
0.0248299801360159	0.446219643024286	15.103	2.196
0.0260799791360167	0.467819625744299	14.722	2.4
0.0559999552000358	1.00133919892864	31.486	4.337
0.0686199451040439	1.22363902108878	36.323	5.155
0.10958991232807	1.94759844192125	58.011	8.649
0.147969881624095	2.60225791819367	68.067	10.896
0.263159789472168	4.58603633117094	114.503	18.16
0.26526978778417	4.55579635536292	116.026	17.586
0.626169499064401	10.4768916184867	290.69	49.457
2.9649276280579	37.460490031608	966.392	267.891
3.86431690854647	41.8650865079308	1118.901	301.671
4.82727613817909	43.8450849239321	1147.566	321.874
8.36625330699735	57.5194939844048	1536.637	433.818
