54.0970967223226	54.4618364305309	3420.766	2561.597
4.20055663955469	4.56623634701092	398.427	189.593
1.89836848130521	2.26367818905745	236.053	83.602
44.0991747206602	44.4642844285725	3017.505	2101.155
89.100148719881	89.4718084225533	5738.064	4119.286
34.0999427200458	34.4631324294941	2199.188	1676.625
14.101108719113	14.4649684280253	963.698	650.027
74.0992507205994	74.4474004420796	4588.895	3448.997
0.199169840664127	0.563579549136361	85.568	11.362
29.1006267194986	29.4614764308189	1952.525	1409.571
2.80080775935379	3.15881747294602	268.19	124.016
0.399219680624256	0.761219391024487	108.973	18.263
49.1003007197594	49.4695404243677	3037.829	2396.051
79.0986767210586	79.4636364290909	4781.488	3671.73
0.898769280984575	1.26251898998481	140.945	39.92
99.1001907198474	99.4583804332957	6436.117	4654.099
9.40022247982202	9.76895218483825	728.213	454.343
84.1004027196778	84.4607924313661	5361.58	4090.016
6.30156495874803	6.66503466797227	518.725	296.516
1.30109895912083	1.66229867016106	184.86	60.298
64.100408719673	64.4665884267293	4108.728	2988.952
0.598399521280383	0.964799228160617	130.907	28.247
59.0996027203178	59.4661924270461	3914.915	2712.582
69.1001547198762	69.4691444246845	4478.891	3156.997
24.0995607203514	24.4648604281117	1543.558	1111.757
94.1001047199162	94.4642844285725	5609.616	4496.202
0.300959759232193	0.663299469360424	103.442	14.66
0.0998699201040639	0.454499636400291	78.578	7.473
19.0977547217962	19.4678844256925	1274.852	892.175
39.100588719529	39.4658684273053	2582.485	1932.675
