6.29636496290803	9.93671205063036	801.579	362.58
94.0929447256442	97.6396618882705	6823.129	5376.366
49.0983907212874	52.7493178005458	3939.171	2885.924
84.1068327145338	87.7382298094162	6299.971	5172.234
34.1037227170218	37.7286898170481	2815.194	2046.627
49.1002807197754	52.7237578209937	3710.195	2967.398
0.604379516496387	3.92129686296251	416.673	55.711
23.9982608013914	26.8151185479052	1907.129	1444.617
29.0953867236906	32.7252338198129	2621.763	1999.913
74.1006407194874	77.7408578073138	5925.093	4166.133
44.1011547190762	47.7323618141105	3684.377	2740.613
59.0990427207658	62.7198698241041	4594.708	4156.015
1.30548895560884	4.92497606001915	405.663	87.72
54.1007467194026	57.7372938101649	4308.184	3273.972
69.1017947185642	72.7505417995666	5325.529	3942.615
64.102558717953	67.7517657985874	5098.448	3586.839
34.0989427208458	37.7443498045202	2703.251	2045.685
54.1043367165306	57.7342338126129	4253.183	3101.474
2.79580776335379	6.43337485330012	484.363	160.11
2.79855776115379	6.44381484494812	516.792	159.365
4.20239663808269	7.85591371526903	582.165	247.113
0.198929840856127	2.32883813692949	358.002	35.439
49.1027207178234	52.7484178012658	4346.074	2834.575
0.0978999216800627	1.4101188719049	320.12	30.366
6.30218495825203	9.93905204875836	720.868	379.495
74.0350007719994	77.0798983360813	5670.542	4311.251
19.0999447200442	22.7379418096466	1850.547	1114.435
9.40175247859802	13.0343295725363	1087.157	542.771
0.402449678040258	3.37859729712216	303.459	47.885
14.101908718473	17.7503257997394	1365.933	834.143
69.0995647203482	72.7622417902066	5147.341	4048.696
9.39914248068601	13.0445895643283	966.818	557.726
0.301349758920193	2.9726976218419	314.203	41.698
9.39614248308601	13.0341495726803	1108.928	567.967
74.1032507173994	77.7665977867218	5374.476	4427.727
49.1005107195914	52.7457178034258	3937.53	3374.948
89.095238723809	92.7280058175953	6674.027	5034.864
34.0996227203018	37.7506497994802	2904.995	2064.212
0.297899761680191	2.92301766158587	323.186	41.086
1.89944848044122	5.53985556811555	428.823	122.225
34.1079627136298	37.7380498095602	2866.757	2069.331
59.0975927219258	62.7182498254001	4746.794	3868.748
9.40090247927802	13.0404495676403	999.18	536.616
4.19823664141069	7.84133372693302	699.89	233.715
0.896699282640574	4.41233647013082	347.638	72.875
0.401039679168257	3.36617730705815	375.882	47.849
93.9069648744281	96.4316828546537	6632.794	5649.781
0.902729277816578	4.41683646653083	404.812	67.295
98.6739510608392	99.999640000288	7369.669	5805.648
39.101158719073	42.7341258126993	3010.075	2317.005
84.0982627213898	87.7384098092722	6191.996	5067.738
64.097898721681	67.7296258162993	4851.297	3842.72
14.103608717113	17.7368258105394	1342.372	821.659
0.399699680240256	3.35753731397015	442.944	45.729
78.7932169654264	81.1237751009799	5681.606	4696.622
24.1013307189354	27.7336578130737	2103.202	1407.411
19.0993847204922	22.7271418182865	1688.409	1174.398
4.20267663785869	7.84169372664502	644.663	231.609
98.6272010982391	99.99730000216	7070.094	5958.341
93.9363648509081	96.5350027719978	6803.869	5299.269
1.89565848347321	5.54039556768355	506.769	119.201
6.30035495971603	9.95219203824637	776.024	375.879
0.300559759552192	2.95001763998589	387.125	43.012
2.79861776110579	6.44813484149213	514.622	165.948
0.0997399202080638	1.42865885707291	435.658	27.33
88.8703389037289	91.3335469331625	6732.061	5034.746
39.098728721017	42.7375458099634	3151.885	2252.712
14.094988724009	17.7391658086674	1449.171	796.379
64.101338718929	67.7316058147154	5257.218	3741.421
0.198529841176127	2.33549813160149	353.82	38.454
29.1003867196906	32.739273808581	2377.084	1740.3
29.1012067190346	32.744313804549	2545.612	1676.336
69.1018747185002	72.7343418125266	5233.959	4098.445
54.1023667181066	57.7318938144849	4152.529	3288.804
0.902469278024578	4.41557646753883	363.46	66.343
19.0995047203962	22.7433418053266	1811.976	1097.906
44.1013647189082	47.7298418161265	3363.561	2599.115
84.1028427177258	87.7472298022162	6306.745	5083.478
79.1012267190186	82.739633808293	6035.101	4694.803
29.1057167154266	32.746113803109	2396.865	1673.179
4.19871664102669	7.82261374190901	609.027	230.068
59.1041427166858	62.7502897997682	4560.748	3340.879
44.1007447194042	47.7167018266385	3551.887	2529.309
39.097398722081	42.7348458121234	3396.441	2250.059
19.1014847188122	22.7451418038866	1662.601	1145.543
84.1015527187578	87.7621697902642	6337.272	4933.103
69.0938847248922	72.7255218195825	5071.155	4165.804
0.600869519304385	3.9121168703065	454.011	57.329
54.0983867212906	57.7266738186609	4348.593	3241.68
98.6538210769431	99.999460000432	7098.981	5792.646
59.0996327202938	62.7254498196401	4578.009	3429.641
24.0728207417434	27.4022780781775	2081.544	1363.436
88.8356989314409	91.2307670153864	6880.135	5219.209
64.100178719857	67.7476258018994	4728.71	3908.813
1.29864896108083	4.88915608867513	377.973	85.875
74.0094607924314	76.8973784820972	5656.878	4170.537
98.6538210769431	99.999460000432	7405.019	5423.872
79.0947867241706	82.735133811893	6134.912	4605.428
89.098368721305	92.7359258112593	6426.537	5406.722
0.598219521424383	3.9059968752025	341.173	56.435
1.89991848006522	5.52671557862754	493.719	115.541
0.20249983800013	2.38337809329753	337.564	36.822
0.400899679280257	3.36941730446616	320.166	46.068
24.0988707209034	27.7358178113458	2186.21	1474.595
0.200989839208129	2.35205811835351	343.531	38.032
0.600429519656384	3.9068968744825	328.757	57.04
0.100319919744064	1.44701884238493	376.397	29.255
0.297809761752191	2.94479764416188	373.8	42.824
1.30602895517684	4.93775604979516	379.333	86.756
14.104328716537	17.7436658050674	1340.696	840.225
6.30559495552404	9.93905204875836	747.119	374.485
0.098509921192063	1.41893886484891	342.55	28.979
1.89777848177721	5.53787556969954	420.303	113.228
79.0837567329946	82.4786340170928	6059.024	4691.455
94.0547447562042	97.1918222465422	6962.826	5697.586
39.096878722497	42.7429458056434	3206.914	2287.937
0.900959279232577	4.42259646192283	418.564	65.415
2.80158775872979	6.42941485646811	608.409	148.062
44.0918647265082	47.7546817962546	3702.112	2495.714
1.30057895953683	4.91147607081914	461.288	85.792
