49.7069202344638	99.99460000432	23900.317	2803.914
0.0620199503840397	1.11023911180871	436.999	4.516
0.84438932448854	14.113968708825	5406.2	51.509
43.79397496482	99.968860024912	22315.471	2558.561
60.5342915725667	99.999820000144	23430.855	3472.88
6.39722488222009	69.0394847684122	21306.629	359.008
0.311599750720199	5.43059565552348	2084.722	21.628
27.5193579845136	98.9430408455673	22801.794	1608.556
0.597159522272382	10.2011318390945	3928.986	38.331
16.2979669616264	95.351143719085	22408.027	914.461
0.199359840512128	3.52601717918626	1367.879	15.423
9.58373233301413	83.0026135979091	21841.693	563.758
0.228789816968146	4.03055677555458	1562.103	16.609
22.6912918469665	98.5823211341431	22671.628	1321.933
3.97374682100254	50.9658792272966	18470.15	236.572
1.01880918495265	16.6197467042026	6405.77	62.689
12.9869496104403	91.1657870673703	21997.296	731.249
18.3052453558037	95.5581435534852	21549.633	1046.528
40.66828746537	99.935020051984	23820.606	2394.563
25.3972296822163	98.9286408570873	23139.919	1441.913
1.60187871849703	24.8230601415519	9587.431	98.782
46.89766248187	99.98830000936	22731.571	2651.331
37.502909997672	99.8689601048319	23538.377	2148.015
32.5940439247649	99.8468201225439	22889.808	1864.65
55.5028355977315	99.999640000288	22906.933	3261.203
2.51677798657761	36.1112111110311	13818.478	149.261
58.0849035320772	99.999820000144	23460.406	3322.075
35.6567314746148	99.9222400622079	22929.362	2086.7
0.137779889776088	2.44853804116957	955.652	9.106
52.7516877986498	99.99910000072	22957.298	3050.238
