4.24091660726671	53.7162770269784	10952.006	378.862
0.407899673680261	7.09721432222854	2554.797	33.541
8.89211288630969	79.2409766072187	2214.637	567.518
41.6555166755867	99.979840016128	1974.17	799.57
22.9587816329747	98.7974209620632	1939.979	742.311
0.180079855936115	3.18761744990604	1204.423	14.712
1.82787853769717	28.094197524642	8291.414	194.319
38.5397391682087	99.952120038304	1995.519	778.189
58.0854835316132	99.999820000144	2018.904	813.091
6.32037494370005	68.4152452678038	3938.548	465.458
12.8228397417282	90.672947461642	1831.518	678.767
34.7496222003022	99.8122601501919	1967.237	766.932
52.5454879636096	99.998920000864	2099.825	795.188
0.0655199475840419	1.17377906097675	454.152	5.257
60.5322515741987	99.999820000144	2088.44	788.308
0.248649801080159	4.3795764963388	1629.105	22.217
0.136339890928087	2.42603805916955	921.414	10.688
1.00869919304065	16.4559468352425	5402.041	96.216
2.38937808849753	34.5264923788061	9182.125	237.634
19.0271847782522	96.7524425980459	1904.257	724.601
26.4827888137689	98.3584013132789	1914.736	745.159
0.492519605984315	8.45765323387741	3004.808	39.95
47.4603620317104	99.995320003744	2004.513	811.894
0.694349444520444	11.6828906536875	4015.972	52.987
16.1495570803543	95.0507239594208	1903.981	692.541
55.4607256314195	99.999460000432	2001.87	819.862
31.3598749121001	99.5813203349437	1937.452	760.678
50.047589961928	99.996760002592	2084.752	776.745
43.69472504422	99.969940024048	2055.922	765.508
25.9907492074006	99.2787405770075	1942.109	753.521
