1.29245896603283	17.3408261273391	6328.14	70.52
62.9662296270163	90.4918676065059	11653.481	2735.138
66.2105170315864	89.6708882632894	14380.176	2885.696
0.301079759136193	5.03783596973122	1921.4	15.961
40.3086577530738	62.7168098265521	7808.08	1719.607
0.199759840192128	3.42737725809819	1307.188	10.436
6.17933505653196	37.7848497721202	9061.677	277.075
88.5436091651127	99.99820000144	12324.2	5535.631
53.9408568473145	88.1698694641044	13105.311	2463.94
0.0661299470960423	1.16099907120074	448.445	4.948
0.900109279912576	13.1684294652564	4973.319	47.217
24.0136707890634	59.1873726501019	11077.501	1049.853
38.6014891188087	69.5902843277725	12007.588	1756.854
33.9085028731977	67.6448458841233	10927.59	1520.347
58.8260829391336	91.5688067449546	13011.708	2736.733
11.0242311806151	33.5676331458935	5584.567	455.84
76.506288794969	98.407901273679	11399.309	4576.322
9.38719249024601	44.5852443318045	9635.212	415.764
0.388769688984249	6.36623490701207	2435.405	22.645
91.5481167615066	100.0	11821.528	5446.62
1.90281847774522	22.7356018115185	7509.61	99.705
28.9348268521385	63.0278495777203	11418.728	1318.932
17.9969856024115	45.6548034761572	10061.475	791.183
48.6089711128231	79.697996241603	13131.196	2148.019
70.1268738985009	92.122666301867	14426.35	3222.256
2.46051803158557	23.6575610739511	6497.099	114.602
85.3552517157986	99.99190000648	12393.41	5198.644
0.595449523640381	9.30815255347796	3570.773	34.125
81.300084959932	99.8252201398239	13546.63	4781.768
3.69165704667436	27.9586576330739	7733.845	168.237
