12.1398002881598	15.7796873762501	542.314	135.23
0.0037499970000024	0.067139946288043	19.01	0.586
0.475579619536304	3.61979710416232	258.706	15.815
0.0123499901200079	0.216179827056138	57.566	1.153
0.208409833272133	2.40659807472154	345.898	9.952
0.0419799664160269	0.683819452944438	164.157	3.654
5.39829568136345	9.03653277077378	384.652	67.613
8.09087352730118	11.7363506109195	455.515	92.491
0.0434599652320278	0.668339465328428	148.145	2.69
0.00938999248800601	0.165599867520106	45.358	0.866
0.000899999280000576	0.0154799876160099	5.018	0.43
0.00176999858400113	0.0314999748000202	9.474	0.418
87.3019801584159	90.8430473255621	2070.189	1496.172
77.3136881490495	80.9524152380678	1911.265	748.994
0.00323999740800207	0.0574199540640368	16.944	0.517
67.3155061475951	70.9615232307814	1750.622	641.436
1.00969919224065	4.00301679758656	171.038	22.504
57.3102541517967	60.942911245671	1557.918	560.958
47.3124721500223	50.9487792409766	1353.36	463.81
37.3112901509679	40.9494272404582	1078.392	378.612
18.2042154366276	21.84586252331	693.915	192.275
0.0273099781520175	0.462419630064296	116.278	1.806
0.316539746768203	3.02759757792194	287.752	12.672
3.5951071239143	7.23527421178063	343.835	49.133
0.14080988735209	1.85453851636919	326.982	7.329
27.3120981503215	30.9614152308678	887.5	288.978
0.605469515624388	3.11075751139399	132.667	16.418
97.0265223787821	99.3467805225756	2097.441	1711.38
1.59987872009702	5.22125582299534	294.254	30.75
0.00600999519200385	0.106199915040068	30.174	0.631
2.37408810072952	5.70995543203565	236.315	36.714
0.0927899257680594	1.33901892878486	273.125	5.688
0.0197599841920126	0.341279726976218	89.883	1.437
