0.101469918824065	1.44917884065693	429.339	29.672
79.0990667207466	82.7380138095889	5738.455	4751.675
69.1008147193482	72.7249818200145	5555.72	4279.372
34.1020027183978	37.7547897961682	2968.914	1893.675
1.30036895970483	4.91273606981114	466.396	89.326
19.1028247177402	22.7377618097906	1885.039	1123.422
9.39875248099801	13.0242495806003	1125.458	542.7
39.100418719665	42.7296258162993	3200.745	2166.588
59.1030527175578	62.7416498066802	4664.731	3285.164
0.201539838768129	2.36285810971351	353.833	37.64
74.1073407141274	77.7430178055858	5668.255	4451.762
83.9301428558857	86.5196307842954	6366.973	4800.509
64.100298719761	67.7530257975794	4930.255	3778.206
0.904349276520579	4.42907645673883	376.412	67.887
89.019458784433	91.9194464644428	6383.666	5056.814
93.8372349302121	96.2221630222696	7102.17	5516.769
14.095978723217	17.7566257946994	1471.841	832.862
0.299419760464192	2.94461764430588	424.535	41.558
6.30750495399604	9.93617205106236	896.802	362.554
29.1039667168266	32.7300938159249	2636.448	1705.734
24.1050107159914	27.7327578137938	2201.258	1359.82
54.1054367156506	57.742153806277	4185.124	3181.792
49.0974307220554	52.7439178048658	4151.97	2839.099
4.19830664135469	7.82297374162101	704.934	232.549
1.90632847493722	5.55191555846755	493.292	117.099
44.1022747181802	47.7694417844466	3769.625	2566.801
98.5996411202871	99.9955000036	7243.843	5655.266
0.601439518848385	3.9050968759225	461.173	53.135
2.53609797112162	4.92173606261115	417.219	137.071
0.400409679672256	3.36329730936215	382.235	46.794
