1.90099847920122	1.91807846553723	879.46	498.466
59.1009527192378	59.1178927056858	894.43	544.865
0.200999839200129	0.21797982561614	889.932	501.264
2.80099775920179	2.8180777455378	886.783	499.927
79.1009367192506	79.1178567057146	894.701	547.533
54.1009567192346	54.1178567057146	873.386	549.556
14.100988719209	14.117928705657	905.396	527.178
99.1009207192634	99.1178207057434	880.242	584.993
44.1009647192282	44.1179647056282	886.137	516.302
0.300999759200193	0.318059745552204	883.842	514.737
24.1009807192154	24.1180007055994	860.934	517.887
9.40099247920602	9.41813246549403	875.11	494.811
39.100968719225	39.117928705657	864.357	521.691
19.1009847192122	19.1179647056282	887.115	506.901
0.900999279200577	0.917999265600588	867.963	490.067
0.100999919200065	0.117899905680075	879.462	510.948
74.1009407192474	74.1180007055994	887.694	535.852
69.1009447192442	69.1179647056282	873.971	543.037
64.100948719241	64.117928705657	898.157	555.883
29.1009767192186	29.1180367055706	879.196	529.728
84.1009327192538	84.1178927056858	884.784	562.135
89.100928719257	89.117928705657	886.305	562.581
34.1009727192218	34.1180727055418	872.884	518.77
49.1009607192314	49.1180007055994	894.385	521.587
4.20099663920269	4.2179366256507	878.739	486.552
94.1009247192602	94.1179647056282	889.991	595.453
1.30099895920083	1.31795894563284	896.645	501.339
0.600999519200385	0.617939505648396	901.909	486.379
0.400999679200257	0.417959665632267	894.333	478.345
6.30099495920403	6.31799494560404	875.187	489.368
