0.956169235064612	12.492890005688	1045.996	47.688
0.897229282216574	13.0930095255924	216.174	53.764
1.88312849349721	22.3939620848303	685.069	94.516
1.53746877002498	17.6137059090353	388.222	76.33
2.6549078760737	20.4415036467971	423.831	119.044
2.32420814063349	22.1831822534542	1593.671	106.835
1.28284897372082	17.189446248443	396.604	66.561
0.902199278240577	13.2278294177365	1140.308	51.753
1.89924848060122	22.6801618558705	1730.369	95.055
1.29961896030483	17.5017459986032	532.522	71.874
0.903229277416578	13.2301694158645	309.973	51.554
1.29377896497683	17.3995060803951	294.315	76.419
0.778759376992498	11.1902310478152	341.56	44.907
2.3358181313455	22.3293421365263	489.056	107.238
1.89866848106522	22.7597217922226	409.609	102.234
0.788649369080505	11.3623109101513	987.898	44.152
0.860389311688551	12.488030009576	392.472	53.413
1.25883899292881	16.7984865612108	387.892	66.421
0.903799276960578	13.2046094363125	308.508	50.727
1.89953848036922	22.7091418326865	1743.181	100.194
0.886839290528568	12.9774496180403	208.938	56.512
2.25565819547344	21.5540827567338	474.893	111.332
1.85261851790519	21.940002447998	675.71	98.181
1.67249866200107	19.2405446075643	350.845	88.583
1.30138895888883	17.5066059947152	287.059	78.102
1.26670898663281	16.9174664660268	1422.866	69.038
1.89409848472121	22.6063619149105	494.607	95.921
1.02273918180865	13.3583293133365	424.985	61.986
1.89530848375321	22.6594618724305	1754.976	94.922
1.68106865514508	19.4336844530524	603.135	88.324
1.8781284974972	22.2535621971502	493.408	96.534
0.901419278864577	13.2064094348725	226.503	57.508
0.897779281776575	13.1367494906004	374.096	51.996
1.05232915813667	13.7309290152568	238.292	59.894
1.30331895734483	17.5487259610192	1482.46	69.041
0.897419282064574	13.1851694518644	311.416	52.458
0.899489280408576	13.2065894347285	1148.302	50.987
1.30112895909683	17.4679060256752	397.423	67.226
