0.000629999496000403	0.0113399909280073	3.992	0.53
0.00165999867200106	0.0298799760960191	9.266	0.665
0.00241999806400155	0.0435599651520279	13.389	0.905
0.00357999713600229	0.0644399484480412	19.701	1.08
0.00491999606400315	0.0885599291520567	26.159	1.442
0.0065599947520042	0.118079905536076	35.163	1.762
0.00675999459200433	0.121499902800078	87.902	2.996
0.0135399891680087	0.243719805024156	71.869	3.336
0.0196599842720126	0.352979717616226	281.392	9.784
0.0232799813760149	0.417599665920267	328.534	11.245
0.053059957552034	0.949139240688607	749.25	26.312
0.0535899571280343	0.955619235504612	741.621	25.063
0.126489898808081	2.23883820892943	1645.527	58.932
0.150549879560096	2.6533778772977	1728.043	71.612
0.163199869440104	2.84165772667382	1671.086	75.477
0.28086977530418	4.83389613288309	2118.177	124.574
0.618559505152396	10.3489117208706	3068.417	270.409
0.927239258208593	15.0037079970336	3214.231	366.361
1.37778889776888	21.0551231559015	3033.973	469.756
2.08290833367333	29.5786563370749	3305.219	552.095
2.51301798958561	31.9044344764524	2105.494	524.407
4.71804622556302	51.4102988717609	2458.46	717.829
6.68992464806028	58.8761528990777	2586.032	734.766
11.2440410047672	78.174657460274	2944.503	1817.485
12.0695903443277	62.6111499110801	2851.038	948.453
23.0741915406468	83.9933328053338	3513.741	2427.418
32.851213719029	92.9026056779155	3987.898	2994.03
37.9794496164403	90.9591472326822	4704.717	3310.589
51.7569085944731	99.8113601509119	4865.126	3819.527
57.5650639479488	99.5680003455997	5550.309	4282.144
66.6816466546827	99.995860003312	5532.157	4832.534
72.7537417970066	99.998920000864	6353.611	5187.438
78.6734170612663	100.0	6631.933	5818.587
