0.000619999504000397	0.0111599910720071	1087.745	693.93
0.00159999872000102	0.0287999769600184	1059.62	670.581
0.00297999761600191	0.0536399570880343	1070.485	698.824
0.00393999684800252	0.0709199432640454	1096.509	680.878
0.00563999548800361	0.101519918784065	1063.485	676.576
0.00798999360800511	0.143459885232092	1057.346	650.392
0.0130599895520084	0.23435981251215	1084.65	690.781
0.0148499881200095	0.26603978716817	1073.197	684.996
0.0273899780880175	0.487619609904312	1064.554	676.134
0.0422999661600271	0.753479397216482	1071.065	659.725
0.0559099552720358	0.989999208000634	1079.41	690.431
0.0907399274080581	1.59353872516902	1090.584	689.857
0.138999888800089	2.41721806622555	1055.302	670.819
0.201119839104129	3.4419572464342	1095.645	701.883
0.313389749288201	5.21243583005134	1070.98	648.818
0.45359963712029	7.27001418398865	1107.193	711.166
0.712319430144456	10.899171280663	1053.778	651.087
0.888219289424569	12.2434102052718	1099.833	694.111
1.58858872912902	20.2040838367329	1081.057	698.606
2.39462808429753	26.0756791394567	1088.952	690.196
3.49069720744223	30.3101757518594	1046.532	671.534
5.05078595937123	33.1192535045972	1099.857	715.825
7.61302390958087	36.9266104587116	1099.466	712.446
10.5187015850387	35.7958513633189	1058.751	683.743
17.8593057125554	50.013679989056	1126.995	717.575
27.2885281691775	63.4747892201686	1115.515	727.088
33.7348730121016	56.3732549013961	1145.419	734.565
45.0329739736208	69.6327642937886	1094.356	716.079
56.8554245156604	88.0071495942803	1138.972	726.373
66.2560169951864	93.828344937324	1110.172	712.637
74.1727706617835	96.3526629178697	1155.078	747.494
83.0329335736531	99.7575401939678	1179.106	765.213
90.558127553498	100.0	1119.377	723.635
