0.000929999256000595	0.0167399866080107	4.929	0.391
0.00148999880800095	0.0268199785440172	7.274	0.494
0.00223999820800143	0.0403199677440258	10.752	0.473
0.00241999806400155	0.0433799652960278	11.172	0.453
0.00322999741600207	0.0581399534880372	14.603	0.501
0.00579999536000371	0.104219916624067	26.052	0.582
0.00695999443200445	0.12527989977608	31.254	0.61
0.0114299908560073	0.205019835984131	50.161	0.934
0.024939980048016	0.446939642448286	108.413	1.729
0.0305499755600196	0.54755956195235	132.361	2.041
0.0442899645680283	0.791279366976506	196.8	3.993
0.0800299359760512	1.42595885923291	347.439	5.547
0.121909902472078	2.16305826955338	524.169	8.744
0.17117986305611	3.01319758944193	744.235	12.711
0.21910982471214	3.81203695037044	934.899	15.008
0.315639747488202	5.40755567395546	1331.341	24.471
0.507089594328325	8.45927323258141	1900.762	36.862
0.835819331344535	12.9347896521683	1579.118	75.331
0.863659309072553	13.9031888774489	2346.632	85.398
2.0242983805613	28.6881970494424	1814.368	181.533
2.23715821027343	28.5960371231703	1370.6	182.788
3.66676706658635	39.8825680939455	1436.433	272.072
4.73016621586703	43.1281454974836	1439.843	293.238
7.28242417406066	51.586338730929	1502.511	353.523
15.9828472137222	80.6510954791236	1686.699	585.052
24.0043007965594	87.486770010584	1723.491	655.184
29.5552163558269	85.0018719985024	1769.691	634.955
39.4075884739292	93.2476654018677	1906.736	1376.372
47.3702321038143	96.4793828164938	1881.684	1310.447
56.4009148792681	99.1678606657115	1922.522	1458.055
65.4500576399539	99.946180043056	1952.227	1480.516
72.9696116243107	99.99910000072	1974.781	1389.68
78.6944370444504	99.999640000288	1975.6	1376.513
