77.5666579466736	99.8084801532159	6885.538	5478.738
88.5720991423207	99.998740001008	6701.203	6433.59
0.169819864144109	2.90411767670586	1605.718	72.846
38.9233388613289	72.8436017251186	5211.762	2397.59
9.38651249079001	44.6621042703166	2681.331	689.157
1.28012897589682	17.199166240667	1737.078	307.807
0.335179731856215	5.44823564141149	1920.477	126.138
68.4513252389398	97.4233020613584	6767.383	4954.346
6.29248496601203	39.5760283391773	2872.968	532.958
3.39208728633017	25.3515397187682	1464.494	325.318
0.301119759104193	5.05223595821123	2450.549	127.44
12.7414198068642	39.1749886600091	2048.317	844.633
30.6870954503236	53.5033371973302	3378.55	1952.325
0.099949920040064	1.75679859456112	1598.6	45.423
85.3742917005666	99.993340005328	6600.062	6468.167
63.4709992232006	93.3502653197877	5839.428	5530.558
70.371833702533	92.5805859355312	6411.079	4654.47
25.6028695177044	48.3198813440949	3124.673	1634.114
50.6239595008324	73.413661269071	4983.214	3153.443
81.6760146591883	99.961840030528	7349.583	5682.565
91.5520067583946	99.999820000144	7132.131	6762.627
18.9985748011402	53.8879968896025	3608.356	1275.972
0.903099277520578	13.1975894419284	2332.775	268.739
56.6779346576523	81.0204551836358	5606.246	4391.518
44.0363747709002	79.644356284515	5007.377	4233.115
48.5212111830311	78.9922168062266	5626.25	3790.391
1.90089847928122	22.7026618378705	2060.264	348.933
0.587439530048376	9.18683265053388	2731.718	206.573
2.72370782103374	27.2021182383054	2078.114	351.491
23.496231203015	53.7308570153144	3666.295	1691.4
