0.601219519024385	0.962459230032616	199.635	10.335
64.100178719857	64.4660484271613	2490.398	1287.437
89.098798720961	89.4606484314813	3468.554	1756.724
74.0994307204554	74.4679204256637	2882.859	1510.791
59.1008927192858	59.4642124286301	2405.185	1168.631
54.1002267198186	54.4614764308189	2208.56	1079.886
0.399739680208256	0.760859391312487	178.143	6.303
0.900339279728576	1.27007898393681	215.908	15.778
0.199549840360128	0.56249955000036	155.58	3.961
44.0995447203642	44.4684244252605	1863.497	855.31
1.90119847904122	2.26439818848145	245.239	35.073
1.30101895918483	1.66697866641707	233.582	23.859
6.30153495877203	6.66575466739627	436.307	125.973
99.0592707525834	99.2915205667835	3766.392	3142.004
79.1007267194186	79.4641764286589	3177.424	1562.853
39.101088719129	39.4658684273053	1666.764	753.914
0.301909758472193	0.666179467056426	177.89	6.939
34.0997827201738	34.4694324244541	1441.797	684.504
84.1000527199578	84.4685324251741	3326.652	1717.975
9.39788248169402	9.75725219419824	558.621	181.917
14.098388721289	14.4611884310493	716.997	284.671
4.20038663969069	4.55885635291492	347.494	85.994
19.0910547271562	19.3859844912124	872.886	380.552
29.1005267195786	29.4580564335549	1242.569	587.255
94.1013447189242	94.4682444254045	3690.081	2991.34
2.80084775932179	3.16457746833803	300.416	57.25
24.0997307202154	24.4636004291197	1108.976	471.698
69.0995847203322	69.4594244324605	2775.994	1351.778
0.100779919376064	0.458099633520293	146.588	2.03
49.0994007204794	49.4637804289757	1976.422	981.716
