0.00099999920000064	0.0179999856000115	6.042	0.643
0.0191899846480123	0.326519738784209	172.249	8.856
0.707749433800453	4.11551670758663	295.201	59.279
0.0625999499200401	0.981179215056628	267.031	24.021
2.39665808267353	6.03179517456386	419.135	136.477
0.00085999931200055	0.0154799876160099	5.216	0.497
2.39815808147354	6.01955518435585	430.695	136.538
0.0275099779920176	0.463679629056297	210.088	13.122
8.08836352930918	11.7152906277675	863.745	450.385
0.012429990056008	0.21851982518414	135.468	7.198
1.60336871730503	5.21945582443534	366.279	96.424
0.00367999705600236	0.0658799472960422	20.662	1.379
47.3129721496223	50.9401392478886	3848.624	2734.395
2.39494808404153	6.02531517974786	411.965	129.721
0.313599749120201	3.00509759592192	274.188	44.154
1.59691872246502	5.22251582198734	379.715	103.156
0.319439744448204	3.03839756928194	276.711	44.491
97.2202422238062	99.8977600817919	7353.309	5662.863
0.710169431864454	4.11965670427464	301.325	61.874
67.3075361539711	70.9381232495014	5160.422	3890.033
8.09381352494918	11.7172706261835	842.056	449.794
18.2086854330517	21.832902533678	1643.182	1124.753
67.3070861543311	70.9440632447494	5023.579	3924.418
1.06954914436068	4.62905629675496	315.181	76.553
5.39313568549145	9.03581277134978	681.279	295.645
0.0622799501760399	0.972719221824623	259.114	24.431
0.474369620504304	3.60845711323431	300.494	51.432
0.0269399784480172	0.456659634672292	212.223	13.996
57.3116941506447	60.953351237319	4586.043	3366.748
37.3116701506639	40.9541072367142	2910.342	2208.619
0.0945899243280605	1.37267890185688	302.483	30.513
77.3084181532655	80.9534952372038	6056.339	4655.527
77.3068181545455	80.9437752449798	5934.651	4493.209
3.5937271250183	7.23473421221263	526.713	201.964
2.39681808254553	6.02783517773186	423.671	138.2
12.1367002906398	15.7681673854661	1165.516	709.983
0.0528399577280338	0.811259350992519	231.561	21.025
0.14035988771209	1.84715852227318	283.592	34.574
0.0960099231920614	1.38779888976089	248.476	30.702
0.0419699664240269	0.683099453520437	258.403	19.174
37.3107001514399	40.9607672313862	3026.796	2133.474
97.1713622629102	99.7282002174398	6659.895	5800.262
47.3114421508463	50.9545392363686	3905.609	2785.671
5.39732568213945	9.04841276126979	621.853	303.086
18.1983354413316	21.6678426657259	1545.166	1096.174
0.00192999845600124	0.0345599723520221	10.529	0.681
0.211789830568136	2.43323805340956	309.109	40.998
0.317259746192203	3.04037756769795	290.982	45.176
12.1372202902238	15.7622273902181	1158.644	699.364
77.3151981478415	80.9493552405158	5637.036	4460.238
5.39279568576345	9.04895276083779	642.548	330.372
67.3091561526751	70.8533433173253	5089.663	4072.862
67.3088961528831	70.9581032335174	5116.998	3898.99
57.3093341525327	60.943991244807	4352.045	3295.173
0.00574999540000368	0.102059918352065	67.669	2.67
0.0427399658080274	0.695699443440445	250.24	18.144
8.09747352202118	11.7309506152395	848.502	455.018
0.00870999303200557	0.152819877744098	99.458	4.956
97.1113723109022	99.5514403588477	7060.703	5721.677
37.3074801540159	40.9407872473702	2958.729	2303.794
37.3135601491519	40.9636472290822	2876.372	2178.527
0.211579830736135	2.41847806521755	270.694	37.562
0.0130699895440084	0.229859816112147	134.367	7.039
0.0020299983760013	0.0363599709120233	16.718	1.195
0.0586099531120375	0.904139276688579	218.912	22.431
0.14003988796809	1.84499852400118	310.62	34.541
0.00575999539200369	0.102779917776066	51.929	2.791
18.2172954261637	21.877722497822	1526.86	1100.526
0.313619749104201	3.01319758944193	281.83	43.806
0.0282399774080181	0.473579621136303	216.718	13.615
0.00566999546400363	0.100799919360065	68.027	3.442
87.3130601495519	90.9362872509702	6463.14	5007.991
27.3074881540095	30.9405352475718	2264.573	1675.011
3.5955171235863	7.20791423366861	539.033	207.276
77.3194681444255	80.9695152243878	5833.343	4298.568
0.139619888304089	1.84229852616118	285.21	36.151
0.212039830368136	2.42945805643356	267.383	38.341
0.0423499661200271	0.68759944992044	233.746	18.447
0.996079203136637	3.89051688758649	239.693	66.888
0.00286999770400184	0.0516599586720331	15.87	0.968
0.0926299258960593	1.36097891121687	269.46	30.137
87.3071301542959	90.9537472370022	6325.342	5175.335
0.00300999759200193	0.0539999568000346	16.667	1.193
3.5911871270503	7.22231422214862	499.045	207.369
1.06050915159268	4.51655638675489	290.055	76.201
0.00112999909600072	0.020339983728013	6.719	0.666
27.3072281542175	30.9250552599558	2189.292	1578.86
0.0131999894400084	0.229139816688147	142.043	7.477
0.711499430800455	4.11245671003463	316.842	60.742
0.00184999852000118	0.0331199735040212	12.644	0.976
1.06696914642468	4.62905629675496	333.588	76.422
12.1339902928078	15.7733873812901	1128.502	682.154
0.0192699845840123	0.331919734464212	179.136	9.755
3.5922571261943	7.22879421696463	482.939	197.449
57.3121341502927	60.947951241639	4176.113	3313.153
87.1905902475278	89.9452080438336	6320.825	5149.162
0.0130899895280084	0.228419817264146	143.599	6.068
97.1496422802862	99.6603402717278	7362.256	5605.329
0.00391999686400251	0.0700199439840448	34.814	2.1
8.09493352405318	11.7395906083275	849.018	505.188
0.028099977520018	0.472139622288302	221.445	13.652
0.00565999547200362	0.100439919648064	62.428	3.07
1.60150871879303	5.21747582601934	367.514	98.843
0.14103988716809	1.8809984952012	317.12	33.354
0.00900999279200577	0.160379871696103	107.638	5.334
0.00913999268800585	0.159659872272102	106.006	5.328
0.473159621472303	3.5872171302263	291.856	52.177
0.00386999690400248	0.0692999445600443	37.526	2.083
27.3120181503855	30.9470152423878	2196.363	1637.219
0.0914099268720585	1.33415893267285	293.852	28.352
0.0191799846560123	0.329219736624211	171.472	10.101
27.3079481536415	30.9509752392198	2226.751	1544.429
12.1414402868478	15.7903073677541	1165.186	724.83
5.39528568377145	9.02375278099777	619.724	295.646
1.59862872109702	5.22413582069134	358.054	100.65
18.2046954362437	21.839742528206	1572.552	1087.969
47.3065121547903	50.9548992360806	3745.204	3033.466
0.0034299972560022	0.0610199511840391	32.556	1.367
0.708249433400453	4.10705671435463	311.885	63.45
0.00279999776000179	0.0502199598240321	23.178	1.552
0.209899832080134	2.42567805945755	252.786	39.588
0.00386999690400248	0.0685799451360439	35.386	1.557
0.0196699842640126	0.335879731296215	172.313	9.281
0.470889623288301	3.5868571305143	296.259	51.526
0.472879621696303	3.58361713310629	296.158	50.481
0.0416899666480267	0.683459453232437	270.458	18.575
0.00179999856000115	0.0323999740800207	10.303	0.631
0.00832999333600533	0.143999884800092	92.263	4.777
87.2950401639679	90.7253274197381	6308.883	5183.943
47.3170721463423	50.9507592393926	3921.78	2719.481
0.000989999208000634	0.0178199857440114	6.042	0.657
57.3121541502767	60.940751247399	4547.159	3276.244
