25.6586494730804	99.1072007142394	14711.039	1210.949
15.8547373162101	94.3953444837244	14368.018	778.498
0.128159897472082	2.27645817883346	546.186	9.832
44.0431547654762	99.972460022032	15931.941	2092.944
1.560228751817	24.1919806464155	5873.579	99.36
0.34300972559222	5.96627522697982	1439.397	24.867
60.5390815687347	99.999640000288	15550.497	2903.235
9.46388242889406	82.4680140255888	14127.285	482.3
12.7269798184161	90.3881876894499	14131.328	676.623
29.3991764806588	99.6760002591998	15275.702	1467.6
0.0646499482800414	1.15667907465674	289.309	4.677
41.7235466211627	99.97570001944	15531.754	1983.194
50.2509097992722	99.99730000216	15760.009	2377.638
0.182849853720117	3.23351741318607	788.228	13.853
29.8840660927471	99.0940607247514	15404.464	1449.769
16.8202865437708	92.8849656920274	13665.281	844.398
47.4708820232944	99.993880004896	15745.627	2257.613
2.82040774367381	40.0658079473536	9711.698	161.129
22.9680716255427	98.7994009604792	15069.033	1109.78
58.0574435540452	99.999460000432	15761.534	2822.944
35.7031414374868	99.9155800675359	15174.717	1747.712
0.247789801768159	4.36589650728279	1066.433	17.4
52.9603776316979	99.99820000144	15838.217	2500.467
55.5721755422596	99.99910000072	15891.473	2595.268
0.877579297936562	14.6413682869054	3579.17	55.375
4.15482667613866	52.8187977449618	12080.509	237.49
6.41389486888411	69.1811446550843	13821.644	344.67
0.989409208472633	16.1605670715463	3944.934	63.541
38.7383690093048	99.953740037008	15398.599	1878.715
0.549099560720351	9.39581248335001	2264.962	33.476
37.9808396153283	99.9046000763199	14915.641	1848.127
50.1531798774561	99.995140003888	15776.164	2504.588
47.1709722632222	99.987040010368	15433.871	2197.32
0.120879903296077	2.15009827992138	526.808	7.07
15.8450773239381	94.3085845531324	14570.789	810.679
0.271749782600174	4.77719617824306	1184.406	19.157
1.27037898369681	20.4760636191491	4976.123	77.932
22.5630619495504	98.436881250495	14871.339	1152.363
28.7306670154664	99.4506404394876	15345.91	1405.572
35.7027514377989	99.915040067968	15390.401	1688.844
0.89067928745657	14.8411681270655	3588.792	56.809
55.5347255722195	99.99910000072	15806.095	2621.512
26.0612091510327	99.2852205718235	15114.165	1297.028
3.66624706700235	47.6187819049745	11063.3	215.215
5.36305570955543	60.5199115840707	12527.656	309.331
0.404819676144259	7.0338543729165	1735.515	28.806
0.0509299592560326	0.911339270928583	221.729	3.678
32.5532839573728	99.8398001281599	15118.105	1558.719
60.5380015695987	99.999640000288	15605.38	2923.143
43.8508349193321	99.969760024192	15282.574	2108.574
9.382902493678	81.9679744256205	14084.205	500.018
52.9314876548099	99.998380001296	15854.259	2504.005
17.6405658875473	94.4666244267005	13920.833	914.708
41.7335966131227	99.97480002016	15455.425	2023.772
0.499059600752319	8.56439314848548	2099.473	33.877
0.196669842664126	3.48335721331423	872.517	14.948
12.0550603559517	87.8365097307922	14209.055	621.513
2.20133823892941	32.0765143387885	7700.532	132.273
1.47160882271294	22.9404416476467	5533.998	91.019
58.0878035297572	99.999460000432	15672.426	2792.252
9.60283231773415	83.1388734889012	14059.58	505.529
0.235949811240151	4.14701668238665	1022.06	18.212
47.1709722632222	99.987040010368	15495.864	2248.28
5.72151542278766	63.5872891301687	13113.873	328.354
1.90578847536922	29.1821166543067	7140.985	116.627
3.23956740834607	42.9191656646675	10077.595	187.454
0.0534299572560342	0.956699234640612	239.321	5.289
17.8070957543234	94.7755041795967	14002.02	894.197
35.1448018841585	99.8536601170719	15553.346	1722.204
0.885969291224567	14.7648481881214	3601.413	57.945
55.4992856005715	99.998920000864	15810.524	2667.352
0.611689510648391	10.4412516469987	2517.457	40.336
28.6119171104663	99.4205804635356	14518.21	1398.331
25.1406298874961	98.7612409910072	15368.042	1224.381
