97.3109221512623	97.3279021376783	2058.195	1651.184
27.3109781512175	27.3279381376495	715.402	252.956
47.3109621512303	47.3279021376783	1160.805	411.391
0.0289999768000186	0.0460799631360295	8.365	0.585
18.2079854336117	18.2258854192917	534.773	159.309
0.316999746400203	0.333899732880214	30.675	2.725
0.0199999840000128	0.0381599694720244	7.451	0.538
37.3109701512239	37.3280101375919	907.363	346.825
57.3109541512367	57.3279741376207	1316.972	527.365
0.0049999960000032	0.0219599824320141	6.289	0.511
5.39599568320345	5.41205567035546	208.312	46.956
0.211999830400136	0.230039815968147	17.456	1.875
0.00199999840000128	0.0199799840160128	6.063	0.438
1.06699914640068	1.08395913283269	67.855	9.005
0.0099999920000064	0.0259199792640166	6.426	0.448
0.00699999440000448	0.0241199807040154	6.498	0.518
8.09299352560518	8.11007351194119	250.399	71.433
12.1389902888078	12.1559302752558	363.221	109.309
0.0949999240000608	0.112139910288072	12.203	1.52
2.39899808080154	2.41595806723355	117.799	20.835
67.3109461512431	67.3280461375631	1529.572	607.167
0.14099988720009	0.158039873568101	14.756	1.392
0.711999430400456	0.728099417520466	60.795	6.849
0.013999988800009	0.0300599759520192	6.802	0.506
0.474999620000304	0.491939606448315	45.321	4.096
3.5979971216023	3.61601710718631	140.8	31.148
0.00299999760000192	0.0199799840160128	6.072	0.423
87.3109301512559	87.3280101375919	1985.864	762.185
0.00399999680000256	0.0199799840160128	6.158	0.447
0.0429999656000275	0.0599399520480384	9.281	0.67
0.063999948800041	0.0820799343360525	10.616	0.801
1.59899872080102	1.61603870716903	108.377	14.311
77.3109381512495	77.3279381376495	1802.531	666.447
