98.6656510674791	99.999820000144	1247.411	756.089
59.0995527203578	62.7421898062482	1199.221	707.703
34.0928127257498	37.7272498182001	1234.528	680.329
0.900129279896576	4.41161647070682	1192.764	650.425
39.100818719345	42.7028058377553	1191.915	705.589
49.0993507205194	52.7422978061618	1181.441	701.464
4.19908664073069	7.84601372318902	1163.996	665.569
0.403679677056258	3.38291729366617	1175.022	635.125
64.095208723833	67.6088459129233	1215.983	727.295
0.202029838376129	2.36807810553752	1137.378	692.267
89.061618750705	92.2733261813391	1231.999	750.501
9.39836248131001	13.0456695634643	1208.16	660.364
69.1052547157962	72.7458618033106	1251.275	698.787
14.102368718105	17.7418658065074	1203.7	653.787
1.30076895938483	4.86935610451512	1178.348	688.146
24.1037207170234	27.7458978032818	1201.817	660.472
1.89756848194521	5.52383558093153	1206.303	669.437
6.29948496041203	9.94805204155837	1148.92	663.878
19.0916047267162	22.7217418226065	1206.988	649.007
54.0934167252666	57.7288338169329	1231.414	680.516
43.9289448568441	46.5335627731498	1183.943	693.286
0.600579519536384	3.9092368726105	1152.818	673.032
93.8751748998601	96.3411429270857	1270.677	708.348
29.1009667192266	32.7270338183729	1183.299	696.258
74.0999007200794	77.7597577921938	1258.457	710.128
79.1044167164666	82.748273801381	1215.385	735.811
2.79636776290579	6.43013485589212	1195.409	664.632
0.298909760872191	2.95667763465789	1183.833	681.035
84.1023727181018	87.7614497908402	1229.316	740.16
0.0987999209600632	1.42397886081691	1153.593	675.297
