0.000689999448000442	0.0124199900640079	1.366	0.498
0.00384999692000246	0.0692999445600443	3.702	0.709
1.75054859956112	24.7800401759679	794.268	100.959
0.898579281136575	13.8376689298649	1380.692	51.993
0.00211999830400136	0.0381599694720244	4.889	0.61
1.20318903744877	18.3844652924278	580.755	73.193
1.12148910280872	17.154526276379	343.257	70.428
0.887579289936568	14.3026085579132	1419.678	52.598
0.00251999798400161	0.045359963712029	2.57	0.682
1.13046909562472	17.2816061747151	531.893	64.285
1.79825856139315	25.4636796290563	2524.234	97.378
0.00179999856000115	0.0323999740800207	4.163	0.558
0.00115999907200074	0.0208799832960134	1.743	0.794
0.00074999940000048	0.0134999892000086	2.112	0.664
0.00174999860000112	0.0314999748000202	1.916	0.575
0.003119997504002	0.0561599550720359	2.586	0.903
0.934499252400598	15.1293478965217	290.152	61.399
0.00114999908000074	0.0206999834400132	1.676	0.546
1.80136855890515	25.5088595929123	795.167	98.27
0.00339999728000218	0.0611999510400392	7.218	0.672
0.00210999831200135	0.0379799696160243	2.091	0.588
2.02126838298529	26.1053791156967	873.246	111.728
0.0013999988800009	0.0251999798400161	1.81	0.591
2.5046779962576	31.8110145511884	979.398	130.18
0.000679999456000435	0.0122399902080078	2.238	0.463
2.09010832791334	29.665056267955	613.92	128.121
0.000929999256000595	0.0167399866080107	1.661	0.584
0.00244999804000157	0.0440999647200282	2.808	0.629
0.00269999784000173	0.0485999611200311	2.927	0.643
