0.465149627880298	7.00775439379648	980.458	151.554
18.2041654366677	54.5223163821469	2827.26	1202.684
0.208109833512133	3.56795714563428	1497.831	96.763
0.00555999555200356	0.0997199202240638	70.444	2.556
0.474989620008304	7.6613338709329	1795.478	187.999
0.0190699847440122	0.341819726544219	269.15	9.316
3.23188741449007	27.1648582681134	1212.54	331.499
27.2820081743935	63.3543693165045	3296.959	1695.715
46.4261228591017	75.2654997876002	4402.884	2967.716
0.0134499892400086	0.241019807184154	184.328	6.427
5.39237568609945	37.6817098546321	1916.959	516.295
66.8307065354348	97.0904823276141	5878.567	5168.632
90.600077519938	100.0	7072.789	6151.296
0.0933499253200597	1.64339868528105	1103.634	44.863
10.5461615630707	35.897551281959	1674.114	698.325
0.0528099577520338	0.936179251056599	667.067	23.585
36.9308204553436	68.9793648165082	3809.444	2554.122
0.0040599967520026	0.0730799415360468	22.003	0.998
0.311439750848199	5.19335584531532	1616.931	134.306
0.133579893136085	2.31929814456148	1292.959	60.246
74.7203302237358	97.3354621316303	6189.243	5652.448
0.00287999769600184	0.0518399585280332	15.498	0.98
55.1885758491393	80.0995759203393	5093.692	3695.645
1.06178915056868	15.0098279921376	1701.187	308.832
0.000469999624000301	0.00845999323200541	3.077	0.371
0.0274699780240176	0.489959608032314	386.939	11.574
0.00210999831200135	0.0377999697600242	18.145	1.016
0.0403699677040258	0.71927942457646	549.232	18.926
1.04135916691267	12.8298497361202	860.893	209.995
84.1308526953178	99.989560008352	6703.484	5807.708
1.41468886824891	14.9671680262656	872.314	217.07
7.98145361483711	41.0356471714823	1766.508	618.507
0.00933999252800598	0.167759865792107	104.996	3.717
