1.30099895920083	1.31813894548884	83.882	21.564
1.30099895920083	1.31795894563284	79.979	22.584
0.900999279200577	0.917999265600588	69.217	16.558
1.30099895920083	1.31795894563284	89.917	22.881
1.90099847920122	1.91807846553723	96.509	34.478
1.90099847920122	1.91807846553723	96.796	33.542
1.30099895920083	1.31795894563284	84.785	21.583
1.90099847920122	1.91789846568123	104.253	35.541
0.900999279200577	0.917999265600588	71.685	15.44
0.900999279200577	0.917999265600588	70.037	16.993
1.90099847920122	1.91789846568123	101.611	35.636
0.900999279200577	0.917999265600588	69.739	15.805
