20.281753774597	42.5849059320753	2580.043	1234.96
63.2237094210325	91.8668865064908	5924.461	3852.728
13.7980489615608	45.9573832340934	2092.722	928.244
1.06782914573668	13.9404488476409	1314.99	248.636
0.68774944980044	9.86147211082231	1236.105	224.342
56.304364956508	80.0111959910432	5518.345	3447.212
42.7176958258433	69.4741844206525	4463.15	2723.77
77.5225479819616	99.7591601926718	6540.431	4691.375
29.0605667515466	65.0362879709696	3778.208	1890
91.5442567645946	100.0	6742.645	5299.458
19.0869147304682	55.4010756791395	3123.766	1251.639
49.0390307687754	84.6128923096861	5070.926	3259.738
34.0109727912218	69.0099647920282	3829.028	2183.767
1.89775848179321	22.6618018705585	1753.749	354.331
5.98915520867583	35.4090316727747	1783.017	505.631
72.5117119906304	97.3950420839663	6447.827	4381.099
81.6389346888522	99.95140003888	6664.78	5142.729
84.7918921664863	99.941320046944	6937.012	4881.816
0.598649521080383	9.36503250797399	2098.653	209.731
0.298549761160191	5.01389598888321	1931.731	133.878
88.6238991008807	99.99910000072	7019.781	5294.528
38.2130994295205	66.9282664573868	4065.124	2485.986
2.08380833295333	19.9085240731807	1244.404	275.311
3.9043168765465	30.2084758332193	1363.639	394.193
67.4873660101072	93.2917653665877	5742.499	4087.99
0.401479678816257	6.57683473853221	2121.591	162.272
9.2147726281819	41.9486064411148	2101.935	653.082
51.8081785534572	76.3892388886089	5194.342	3271.022
0.0649099480720415	1.14029908776073	913.232	30.499
0.200829839336129	3.44915724067421	1856.191	93.066
