0.0977299218160625	1.4081388734889	52.129	6.473
9.40414247668602	13.0514295588564	247.615	107.88
0.602369518104386	3.9097768721785	76.538	20.783
6.29781496174803	9.93707205034236	301.865	74.175
0.402459678032258	3.38975728819417	81.773	15.079
0.303039757568194	2.9642376286099	172.192	11.395
0.599289520568384	3.9049168760665	163.535	18.806
0.299719760224192	2.94857764113789	74.781	12.312
0.101579918736065	1.45601883518493	158.53	4.393
0.599989520008384	3.89807688153849	70.562	17.317
2.80316775746579	6.44813484149213	129.636	41.79
4.19803664157069	7.82747373802101	237.917	54.291
0.0651199479040417	0.913319269344585	32.806	3.668
9.39788248169402	13.0303695757043	359.263	108.118
6.30899495280404	9.93653205077436	180.372	73.953
0.200879839296129	2.36033811172951	67.045	9.883
0.200859839312129	2.36789810568152	188.696	9.259
9.40340247727802	13.0528695577044	220.54	106.946
2.78374777300178	6.18281505374796	170.045	39.128
0.598949520840383	3.9128368697305	88.146	17.417
6.30097495922003	9.94877204098237	183.747	80.004
0.201259838992129	2.35205811835351	64.107	10.691
2.79740776207379	6.44759484192413	124.168	42.65
2.80261775790579	6.45317483746013	167.323	40.892
4.19732664213869	7.84169372664502	244.206	52.532
0.401539678768257	3.38075729539416	161.807	13.846
0.200529839576128	2.3475581219535	62.819	10.913
4.19822664141869	7.82855373715701	146.713	54.977
0.299649760280192	2.95091763926589	67.52	12.048
6.30250495799603	9.94031204775036	265.618	77.531
0.402169678264257	3.37571729942616	70.75	16.274
0.401969678424257	3.36455730835415	68.097	14.37
0.0976799218560625	1.4029188776649	50.645	6.741
9.40093247925402	13.0420695663443	308.162	108.925
0.300029759976192	2.95757763393789	67.709	14.347
4.19978664017069	7.83215373427701	152.09	53.766
