5.39599568320345	5.41403566877147	268.953	106.454
0.0049999960000032	0.0219599824320141	7.16	0.559
0.0289999768000186	0.0458999632800294	15.712	0.807
0.0099999920000064	0.028079977536018	9.022	0.566
0.141999886400091	0.159839872128102	24.485	2.242
0.00699999440000448	0.0239399808480153	7.893	0.557
97.3109221512623	97.3280821375343	2808.742	1870.783
12.1389902888078	12.1559302752558	452.826	246.282
27.3109781512175	27.3279381376495	828.587	544.52
47.3109621512303	47.3280821375343	1422.325	926.489
87.3109301512559	87.3278301377359	2562.157	1672.577
0.316999746400203	0.334079732736214	36.995	5.133
12.1379902896078	12.1541302766958	461.293	248.015
18.2079854336117	18.2240854207317	632.835	351.517
0.473999620800303	0.489959608032314	39.787	7.171
57.3109541512367	57.3279741376207	1679.348	1145.468
77.3109381512495	77.3279381376495	2215.092	1544.114
0.711999430400456	0.729899416080467	61.735	12.109
3.5969971224023	3.61385710891431	166.747	71.336
0.0429999656000275	0.0601199519040385	19.059	1.022
18.2079854336117	18.2239054208757	584.02	366.963
3.5969971224023	3.61403710877031	175.277	75.359
27.3109781512175	27.3279381376495	856.986	520.716
0.474999620000304	0.491939606448315	40.951	7.264
0.00699999440000448	0.0241199807040154	7.769	0.518
0.00399999680000256	0.0199799840160128	6.755	0.512
27.3099781520175	27.3259581392335	889.041	533.464
0.0099999920000064	0.0259199792640166	8.475	0.566
37.3109701512239	37.3280101375919	1143.044	717.93
0.316999746400203	0.333899732880214	36.264	4.723
12.1389902888078	12.1559302752558	433.082	244.916
0.0049999960000032	0.0219599824320141	7.333	0.543
0.0629999496000403	0.0800999359200513	19.773	1.257
0.063999948800041	0.0818999344800524	19.221	1.205
37.3109701512239	37.3280101375919	1089.017	743.43
0.0419999664000269	0.0579599536320371	18.723	1.037
97.3109221512623	97.3279021376783	2667.287	1957.227
0.0429999656000275	0.0599399520480384	18.321	1.012
0.00399999680000256	0.0199799840160128	6.703	0.486
47.3099621520303	47.3279021376783	1429.094	922.954
0.00399999680000256	0.0219599824320141	7.33	0.512
0.0199999840000128	0.035999971200023	11.408	0.777
3.5979971216023	3.61385710891431	166.927	70.994
67.3109461512431	67.3280461375631	1969.318	1352.685
67.3109461512431	67.3280461375631	2011.77	1302.649
0.141999886400091	0.158039873568101	24.6	2.296
18.2079854336117	18.2240854207317	620.885	357.492
0.14099988720009	0.157859873712101	23.714	2.186
0.141999886400091	0.160019871984102	24.81	2.241
5.39499568400345	5.41205567035546	244.543	106.812
27.3099781520175	27.3279381376495	890.581	530.56
0.0199999840000128	0.035999971200023	11.408	0.814
0.0049999960000032	0.0219599824320141	7.271	0.661
12.1389902888078	12.1559302752558	458.398	243.219
0.211999830400136	0.228059817552146	35.322	3.638
67.3109461512431	67.3280461375631	1998.53	1295.473
0.013999988800009	0.0320399743680205	10.311	0.709
0.0199999840000128	0.0379799696160243	12.235	0.731
0.013999988800009	0.0300599759520192	9.538	0.703
57.3109541512367	57.3279741376207	1639.458	1149.644
0.013999988800009	0.0318599745120204	10.265	0.622
57.3109541512367	57.3279741376207	1621.301	1148.039
0.0939999248000602	0.11015991187207	23.136	1.69
0.0289999768000186	0.0460799631360295	15.413	0.844
97.3109221512623	97.3279021376783	2859.207	1918.624
57.3109541512367	57.3279741376207	1701.375	1106.584
0.711999430400456	0.728099417520466	66.445	14.595
0.0949999240000608	0.111959910432072	22.796	2.867
0.063999948800041	0.0820799343360525	19.166	1.376
3.5969971224023	3.61385710891431	175.548	70.337
0.063999948800041	0.0800999359200513	19.355	1.338
87.3109301512559	87.3278301377359	2561	1677.607
0.211999830400136	0.228059817552146	33.023	4.016
5.39599568320345	5.41205567035546	265.2	106.501
8.09299352560518	8.11007351194119	323.609	158.159
0.00699999440000448	0.0239399808480153	7.81	0.642
77.3109381512495	77.3279381376495	2240.801	1533.181
0.0279999776000179	0.0440999647200282	14.22	0.823
5.39599568320345	5.41205567035546	262.41	106.501
0.0279999776000179	0.0458999632800294	15.932	0.881
77.3109381512495	77.3279381376495	2235.489	1539.928
0.473999620800303	0.491939606448315	42.027	7.24
47.3109621512303	47.3280821375343	1426.615	919.881
0.211999830400136	0.230039815968147	32.869	3.753
0.00599999520000384	0.0219599824320141	7.162	0.582
47.3109621512303	47.3279021376783	1421.992	952.206
0.316999746400203	0.334079732736214	38.677	5.196
18.2079854336117	18.2260654191477	623.583	355.678
0.473999620800303	0.492119606304315	42.131	7.193
97.3109221512623	97.3279021376783	2688.12	1949.126
0.00399999680000256	0.0219599824320141	7.164	0.547
0.0199999840000128	0.035999971200023	11.485	0.672
8.09299352560518	8.11007351194119	315.237	156.95
8.09299352560518	8.10989351208519	305.804	161.827
0.0099999920000064	0.028079977536018	9.066	0.577
8.09299352560518	8.10989351208519	302.331	162.459
0.0419999664000269	0.0599399520480384	18.414	0.996
0.013999988800009	0.0320399743680205	10.217	0.728
87.3109301512559	87.3278301377359	2435.802	1734.886
0.711999430400456	0.727919417664466	60.63	12.882
37.3109701512239	37.3280101375919	1129.309	713.203
37.3099701520239	37.3278301377359	1092.676	743.298
87.3109301512559	87.3278301377359	2498.194	1745.919
77.3109381512495	77.3279381376495	2310.188	1476.497
0.0049999960000032	0.0219599824320141	7.357	0.526
0.316999746400203	0.334079732736214	37.52	4.391
0.211999830400136	0.228059817552146	35.083	3.717
0.0099999920000064	0.0278999776800179	9.015	0.557
0.0949999240000608	0.111959910432072	23.032	1.818
67.3109461512431	67.3278661377071	2063.452	1307.597
0.0939999248000602	0.10997991201607	22.888	1.774
