0.799179360656512	11.5387107690314	3032.332	51.808
72.4890620087504	97.3383421293263	2071.82	1515.115
34.0742927405658	70.4024436780451	2674.335	537.568
18.5006851994518	48.7043610365112	1158.887	381.749
3.95847683321853	23.1694014644788	1845.166	153.198
85.1566118747105	99.977860017712	2045.886	1643.743
1.82332854133717	17.5958859232913	2153.154	100.931
80.5088655929075	99.3950204839836	1999.965	1627.092
0.399569680344256	6.54533476373219	2132.889	29.38
53.9449168440665	88.2118094305524	1996.969	710.451
37.0027703977837	61.8994304804556	1430.191	508.847
1.04143916684867	13.5867491306007	3013.662	82.089
76.8328685337052	98.8480009215993	2098.791	1547.61
48.6884110492712	80.4656956274435	2399.073	631.353
10.949141240687	33.3714333028534	848.059	240.469
63.8085989531208	96.0752831397735	1966.793	1554.192
0.198729841016127	3.40685727451418	1211.29	13.557
88.5412291670167	99.997660001872	2122.029	1578.138
91.5520067583946	99.999820000144	2060.772	1660.003
0.570229543816365	8.89235288611769	2684.098	37.863
65.1927878457697	87.42035006372	1933.404	739.916
0.057829953736037	1.01465918827265	376.377	3.672
24.0771907382474	60.4308116553507	2574.986	451.168
58.5979031216775	89.5457883633693	1949.214	728.07
4.20433663653069	34.375292499766	2351.643	220.579
0.299569760344192	5.02883597693122	1745.62	22.763
9.39422248462201	44.7153842276926	2296.466	312.663
29.0831867334506	65.4702676237859	2599.742	520.98
1.88690849047321	22.4848620121104	3552.197	141.551
43.0849955320036	71.2554629956296	2634.465	600.534
