0.000989999208000634	0.0178199857440114	6.042	0.657
0.00184999852000118	0.0331199735040212	12.644	0.976
0.00286999770400184	0.0516599586720331	15.87	0.968
0.00386999690400248	0.0692999445600443	37.526	2.083
0.00565999547200362	0.100439919648064	62.428	3.07
0.00900999279200577	0.160379871696103	107.638	5.334
0.0130699895440084	0.229859816112147	134.367	7.039
0.0191799846560123	0.329219736624211	171.472	10.101
0.0275099779920176	0.463679629056297	210.088	13.122
0.0427399658080274	0.695699443440445	250.24	18.144
0.0528399577280338	0.811259350992519	231.561	21.025
0.0914099268720585	1.33415893267285	293.852	28.352
0.139619888304089	1.84229852616118	285.21	36.151
0.211579830736135	2.41847806521755	270.694	37.562
0.313599749120201	3.00509759592192	274.188	44.154
0.473159621472303	3.5872171302263	291.856	52.177
0.708249433400453	4.10705671435463	311.885	63.45
1.06050915159268	4.51655638675489	290.055	76.201
1.59691872246502	5.22251582198734	379.715	103.156
2.39494808404153	6.02531517974786	411.965	129.721
3.5937271250183	7.23473421221263	526.713	201.964
5.39732568213945	9.04841276126979	621.853	303.086
8.09493352405318	11.7395906083275	849.018	505.188
12.1367002906398	15.7681673854661	1165.516	709.983
18.2172954261637	21.877722497822	1526.86	1100.526
27.3072281542175	30.9250552599558	2189.292	1578.86
37.3074801540159	40.9407872473702	2958.729	2303.794
47.3065121547903	50.9548992360806	3745.204	3033.466
57.3121541502767	60.940751247399	4547.159	3276.244
67.3091561526751	70.8533433173253	5089.663	4072.862
77.3151981478415	80.9493552405158	5637.036	4460.238
87.1905902475278	89.9452080438336	6320.825	5149.162
97.1713622629102	99.7282002174398	6659.895	5800.262
