4.20205663835469	7.84601372318902	391.115	55.58
2.80151775878579	6.45137483890013	346.312	45.563
1.90095847923322	5.52401558078754	346.763	37.445
94.0640647487482	97.2728221817423	2103.444	900.112
0.601059519152385	3.9063568749145	301.729	19.783
24.0962807229754	27.7412178070258	859.118	246.325
79.0999467200426	82.7209138232689	1929.649	772.998
14.099198720641	17.7537457970034	605.391	163.789
0.299349760520192	2.94011764790588	368.731	13.441
0.198339841328127	2.3441381246895	448.96	10.938
54.0970767223386	57.743593805125	1566.264	535.214
9.39738248209401	13.0292895765683	525.29	105.578
29.0985767211386	32.741253806997	944.662	307.335
0.400619679504256	3.36077731137815	321.663	16.215
44.1007947193642	47.7237218210225	1273.886	456.541
39.103778716977	42.7517657985874	1176.072	390.937
49.1073007141594	52.7455378035698	1370.075	493.787
89.078898736881	92.4751060199152	2114.665	842.979
1.30293895764883	4.90337607729914	334.496	31.59
69.1016547186762	72.7384818092145	1881.942	672.755
6.29848496121203	9.93293205365436	455.434	79.038
64.098008721593	67.7352058118354	1768.255	603.173
84.1025527179578	87.7465098027922	2034.466	828.063
19.0971647222682	22.7381218095026	743.953	201.214
34.1018727185018	37.7524497980402	1062.946	353.026
0.903299277360578	4.43105645515484	302.134	23.732
98.6737210610231	99.999820000144	2153.762	928.883
59.1075927139258	62.7306698154641	1623.7	570.457
74.0950907239274	77.6504978796017	1939.705	733.553
0.0989899208080633	1.43351885318492	382.74	6.792
