0.165459867632106	2.93165765467388	127.934	14.321
43.8366549306761	99.971560022752	1426.312	1165.029
0.834149332680534	13.9494488404409	574.359	89.365
2.83346773322581	40.1507678793857	1395.337	270.622
18.6321950942439	96.1060631151495	1266.501	1133.886
50.039859968112	99.996760002592	1424.283	1219.6
5.4716856226515	61.2915709667432	1563.093	437.531
0.613449509240393	10.4754516196387	438.132	52.13
0.0608399513280389	1.0871991302407	46.669	5.102
3.14663748269001	41.8544665164268	1299.523	304.902
47.3913820868943	99.993520005184	1402.825	1221.194
10.4177816657747	81.1118951104839	1309.797	562.363
32.3801940958447	99.8014601588319	1385.692	1152.84
1.42982885613692	22.3282621373903	877.084	148.053
1.29650896279283	20.9071632742694	845.51	134.742
58.0878135297492	99.999820000144	1491.436	1169.699
0.273429781256175	4.80185615851507	198.304	22.483
60.5336715730627	99.999820000144	1470.719	1194.847
52.6568678745057	99.998020001584	1414.037	1216.362
55.5393555685155	99.999820000144	1491.633	1181.672
34.8569321144543	99.8115401507679	1424.015	1157.385
37.4248700601039	99.8624801100159	1371.274	1200.632
9.35100251919799	81.7818545745163	1318.538	574.78
0.136159891072087	2.42351806118555	97.983	11.101
26.1798090561528	99.3768404985276	1337.162	1106.969
16.1052471158023	94.9605440315648	1254.683	1079.8
28.8212969429624	99.4830404135677	1373.437	1159.406
20.265273787781	95.8754832996134	1312.596	1100.804
40.8411773270581	99.940960047232	1454.547	1168.962
0.344669724264221	6.00641519486784	248.528	28.061
1.20352903717677	19.4790444167645	787.8	127.416
0.271459782832174	4.76783618573105	195.046	22.152
1.65339867728106	25.5932795253764	988.227	173.522
52.5454879636096	99.998920000864	1504.694	1166.139
47.4797720161824	99.995680003456	1449.03	1177.066
38.5345291723767	99.951220039024	1382.701	1215.274
0.886709290632568	14.8015681587455	612.346	93.952
22.9108116713507	98.7632209894232	1318.998	1088.292
3.68786704970636	47.8286617370706	1440.107	341.899
25.2335698131442	98.8312609349912	1318.557	1168.689
55.3907056874354	99.999460000432	1448.269	1178.708
0.0674499460400432	1.20725903419277	50.653	4.891
41.3780568975545	99.966880026496	1433.697	1193.571
14.2119886304091	90.1307878953697	1271.642	661.721
0.342859725712219	5.96825522539582	247.631	29.654
19.5800843359325	97.5381419694864	1258.711	1119.428
0.134059892752086	2.38391809286553	97.65	10.909
58.0354735716211	99.999820000144	1492.057	1237.187
32.5499539600368	99.8374601300319	1408.733	1150.055
0.542119566304347	9.28799256960594	384.637	44.479
29.1541366766907	99.5906803274557	1397.121	1145.285
50.2468098025522	99.998020001584	1415.933	1216.297
35.6763614589108	99.9202600637919	1437.707	1171.536
2.86839770528184	40.636947490442	1387.494	274.17
44.0710147431882	99.978580017136	1413.34	1165.914
8.22468342025326	75.2962797629762	1343.895	535.166
12.9869496104403	91.1657870673703	1291.693	668.816
5.84488532409174	64.4505684395453	1571.536	459.813
60.5333015733587	99.999820000144	1510.14	1189.597
0.191519846784123	3.39119728704217	141.152	16.035
58.0432035654371	99.999820000144	1425.96	1189.02
26.1753690597048	99.3691005047196	1369.194	1129.998
50.2491098007122	99.998020001584	1425.347	1186.183
5.23585581131535	59.377632497894	1526.392	424.254
40.681447454842	99.935740051408	1387.988	1156.419
52.5554179556656	99.998920000864	1444.574	1221.663
2.77746777802578	39.4552484358013	1357.427	271.822
0.056199955040036	1.00691919446464	44.426	4.174
0.184179852656118	3.26159739072209	133.675	15.614
38.7404890076088	99.962560029952	1383.899	1205.137
43.9135348691721	99.97480002016	1493.91	1204.079
32.2069642344286	99.7726601818719	1421.785	1133.75
0.800819359344513	13.3972092822326	553.853	87.083
47.3200421439663	99.993340005328	1494.279	1177.002
1.14521908382473	18.5439451648439	750.367	124.54
22.6139119088705	98.5094211924631	1342.265	1107.257
14.9379480496416	92.0945863243309	1241.625	658.638
26.8911984870412	98.5972611221911	1342.539	1167.374
4.2259066192747	53.5254771796183	1547.041	397.466
18.8795448963641	96.5085427931658	1307.424	1102.675
1.86018851184919	28.5618371505303	1097.365	199.387
0.130659895472084	2.32163814268949	93.251	10.433
0.356239715008228	6.19397504481996	254.547	28.287
7.90746367402906	73.368481305215	1370.231	523.016
12.1331002935198	88.1750894599284	1297.191	634.951
55.5560155551876	99.999820000144	1514.152	1190.153
60.5330115735907	99.999820000144	1483.473	1185.88
0.253209797432162	4.45337643729885	180.359	20.629
0.456979634416292	7.85735371411703	327.036	37.729
33.6494830804135	99.6193003045598	1409.305	1196.402
0.060879951296039	1.0880991295207	46.515	5.058
60.5345715723427	99.999820000144	1423.627	1176.377
0.361709710632232	6.30593495525204	261.727	28.77
0.615099507920394	10.5076715938627	438.992	51.456
41.6755166595867	99.980380015696	1400.816	1224.797
3.76635698691441	48.6113011109591	1414.488	341.365
52.9350176519859	99.998920000864	1408.967	1212.608
0.20276983778413	3.58379713296229	145.666	16.849
47.4258120593503	99.994960004032	1427.096	1216.002
0.0990399207680634	1.76579858736113	72.719	8.449
8.36521330782935	76.1278790976967	1349.204	546.369
1.22053902356878	19.7558841952926	798.59	135.944
18.6235351011719	96.0909431272455	1275.205	1140.493
58.0636635490692	99.999820000144	1519.875	1234.621
6.00921519262785	65.9904672076262	1568.509	478.086
0.261309790952167	4.59197632641894	191.182	21.135
55.5428955656835	99.999640000288	1437.214	1231.407
49.9063100749519	99.995680003456	1469.154	1189.897
1.90755847395322	29.1992166406267	1121.139	190.199
15.7980973615221	94.2259646192283	1264.692	1050.844
44.2190446247643	99.984340012528	1437.164	1158.453
