60.5345715723427	99.999820000144	23157.183	3531.479
2.86214771028183	40.5095075923939	15409.001	170.268
8.33270333383733	75.9539992368006	20177.294	478.815
0.181059855152116	3.19877744097805	1246.982	10.985
43.9023548781161	99.970660023472	22188.552	2575.907
15.7439874048101	94.1055447155642	21738.505	922.313
0.260359791712167	4.58099633520293	1758.5	17.274
1.26948898440881	20.4748036201571	7840.547	78.671
12.9504796396163	91.1191671046663	21949.346	725.627
55.4703556237155	99.999460000432	23310.14	3276.096
23.6440010847991	97.6042019166385	22631.603	1383.391
0.0580699535440372	1.03985916811267	407.364	4.318
49.9033600773119	99.996040003168	23424.915	2942.009
0.408669673064262	7.10351431718855	2742.77	27.206
41.7229566216347	99.981640014688	23298.97	2361.303
1.83199853440117	28.13703749037	10860.818	110.04
22.4971020023184	98.402681277855	21993.527	1321.145
31.4571648342681	99.6038203169437	23365.264	1815.905
52.8571077143138	99.998920000864	23432.394	3026.145
0.493179605456316	8.45585323531741	3245.871	33.416
0.780169375864499	13.0912095270324	5075.256	51.167
35.3775416979666	99.8840800927359	22252.203	2071.925
38.3361893310485	99.931240055008	22598.358	2178.328
58.0878135297492	99.999820000144	23070.056	3402.86
0.101659918672065	1.80953855236916	709.427	7.109
3.89697688241849	50.01619998704	18070.889	231.97
16.9232364614108	92.9836056131155	20676.814	994.542
5.81998534401172	64.3220485423612	20362.26	337.313
46.7356926114459	99.986320010944	23532.991	2738.725
29.2111466310827	99.6266802986558	23152.44	1683.47
