0.300999759200193	0.318059745552204	36.602	5.23
0.900999279200577	0.917999265600588	75.435	16.423
59.1009527192378	59.1180727055418	1962.258	1211.746
64.100948719241	64.117928705657	1998.212	1311.085
69.1009447192442	69.1179647056282	2134.288	1470.468
6.30099495920403	6.31799494560404	299.918	138.784
4.20099663920269	4.2179366256507	195.617	88.306
24.1009807192154	24.1180007055994	805.853	510.718
2.80099775920179	2.8180777455378	150.6	60.836
29.1009767192186	29.1180367055706	972.246	605.692
54.1009567192346	54.1180367055706	1693.209	1096.547
99.1009207192634	99.1180007055994	2978.483	2017.082
0.100999919200065	0.117899905680075	21.916	3.017
0.400999679200257	0.417959665632267	39.738	6.83
34.1009727192218	34.1178927056858	1136.399	731.56
49.1009607192314	49.1180007055994	1565.305	994.726
74.1009407192474	74.1180007055994	2335.346	1521.233
39.100968719225	39.117928705657	1283.205	843.844
0.600999519200385	0.618119505504396	63.5	11.307
84.1009327192538	84.1180727055418	2569.029	1701.946
79.1009367192506	79.1178567057146	2383.966	1687.638
44.1009647192282	44.1179647056282	1443.854	902.934
19.1009847192122	19.1179647056282	676.297	415.471
9.40099247920602	9.41795246563803	394.76	196.443
89.100928719257	89.117928705657	2681.344	1895.173
1.30099895920083	1.31795894563284	75.399	24.122
0.200999839200129	0.21797982561614	34.235	3.655
1.90099847920122	1.91789846568123	95.776	36.425
94.1009247192602	94.1179647056282	2820.536	2001.924
14.100988719209	14.117928705657	511.667	301.002
44.1009647192282	44.1179647056282	1460.294	903.091
49.1009607192314	49.1180007055994	1568.783	1050.983
64.100948719241	64.117928705657	1927.538	1355.57
29.1009767192186	29.1180367055706	1004.471	604.554
74.1009407192474	74.1180007055994	2278.558	1578.725
0.100999919200065	0.117899905680075	21.91	1.833
99.1009207192634	99.1180007055994	2993.829	1998.615
0.600999519200385	0.617939505648396	62.778	11.442
4.20099663920269	4.2181166255067	182.042	86.176
69.1009447192442	69.1179647056282	2164.169	1417.65
59.1009527192378	59.1178927056858	1809.518	1250.444
39.100968719225	39.117928705657	1271.558	837.821
2.80099775920179	2.8178977456818	158.604	58.729
9.40099247920602	9.41795246563803	373.994	191.246
6.30099495920403	6.31799494560404	290.856	135.836
89.100928719257	89.117928705657	2743.25	1815.847
54.1009567192346	54.1180367055706	1715.428	1146.388
0.900999279200577	0.917999265600588	68.287	16.457
0.300999759200193	0.318059745552204	37.321	5.16
79.1009367192506	79.1178567057146	2395.598	1678.834
14.100988719209	14.117928705657	567.719	291.349
84.1009327192538	84.1178927056858	2693.493	1724.541
1.30099895920083	1.31795894563284	78.268	24.043
34.1009727192218	34.1178927056858	1074.336	722.379
19.1009847192122	19.1181447054842	692.253	394.999
0.400999679200257	0.418139665488268	38.63	6.656
94.1009247192602	94.1177847057722	2943.149	1915.25
0.200999839200129	0.21797982561614	32.807	3.59
1.90099847920122	1.91789846568123	91.109	35.874
24.1009807192154	24.1180007055994	871.683	502.409
1.30099895920083	1.31795894563284	81.653	23.234
49.1009607192314	49.1180007055994	1598.416	1059.773
54.1009567192346	54.1180367055706	1680.682	1160.901
0.200999839200129	0.21797982561614	33.898	3.748
0.600999519200385	0.617939505648396	62.982	10.945
59.1009527192378	59.1180727055418	1948.094	1216.073
79.1009367192506	79.1180367055706	2517.126	1619.329
1.90099847920122	1.91789846568123	99.968	35.774
94.1009247192602	94.1179647056282	2931.887	1922.957
24.1009807192154	24.1180007055994	833.547	498.427
74.1009407192474	74.1180007055994	2410.82	1582.664
84.1009327192538	84.1178927056858	2554.43	1782.191
34.1009727192218	34.1178927056858	1146.626	709.113
0.300999759200193	0.317879745696203	35.559	4.964
6.30099495920403	6.31799494560404	313.879	132.328
14.100988719209	14.118108705513	529.33	292.178
64.100948719241	64.117928705657	2046.09	1330.455
0.400999679200257	0.417959665632267	36.34	6.678
2.80099775920179	2.8178977456818	146.073	60.612
