0.00101999918400065	0.0183599853120118	1.379	0.4
0.00190999847200122	0.034379972496022	1.781	0.425
0.00292999765600188	0.0523799580960335	2.607	0.536
0.711069431144455	4.11641670686663	109.664	19.675
1.06489914808068	4.64075628739497	127.637	25.225
1.60130871895302	5.21801582558734	150.342	33.879
2.40200807839354	6.03251517398786	173.301	40.46
12.1415502867598	15.7807673753861	469.488	134.516
18.2081254334997	21.844782524174	654.434	199.971
27.3078681537055	30.9617752305798	889.051	295.453
37.3076001539199	40.9562672349862	1255.499	381.177
47.3089621528303	50.9646192283046	1495.249	476.989
57.1403242877406	59.7289922168062	1713.624	581.741
67.3064961548031	70.9354232516614	2147.98	670.757
77.3138681489055	80.9597952321638	2525.943	845.173
87.3088801528959	90.9528472377222	2634.077	1586.369
97.1722322622142	99.7361202111038	2828.346	1705.611
