0.00038999968800025	0.00701999438400449	3.074	0.543
0.000569999544000365	0.0102599917920066	4.036	0.589
0.00074999940000048	0.0134999892000086	5	0.638
0.000769999384000493	0.0138599889120089	5.213	0.609
0.00111999910400072	0.0201599838720129	6.474	0.659
0.00120999903200077	0.0217799825760139	7.011	0.489
0.00144999884000093	0.0260999791200167	8.418	0.801
0.00145999883200093	0.0262799789760168	8.796	0.758
0.00151999878400097	0.0273599781120175	9.829	0.782
0.0020299983760013	0.0365399707680234	11.473	0.735
0.00212999829600136	0.0383399693280245	12.89	0.866
0.00214999828000138	0.0386999690400248	12.053	0.697
0.00236999810400152	0.0426599658720273	13.355	1.057
0.00295999763200189	0.0532799573760341	17.186	1.23
0.00332999733600213	0.0599399520480384	18.28	1.331
0.00336999730400216	0.0606599514720388	21.131	1.278
0.00430999655200276	0.0775799379360497	23.627	1.668
0.0048499961200031	0.0871199303040558	26.971	1.828
0.00485999611200311	0.087479930016056	28.698	1.764
0.00489999608000314	0.0881999294400564	28.946	1.71
0.00590999527200378	0.106379914896068	32.782	2.079
0.00643999484800412	0.115739907408074	68.072	3.167
0.00679999456000435	0.122399902080078	39.339	2.261
0.00699999440000448	0.125819899344081	83.545	3.915
0.00709999432000454	0.127799897760082	39.977	2.261
0.007809993752005	0.14021988782409	44.358	2.47
0.0100499919600064	0.180899855280116	53.256	2.553
0.0107799913760069	0.193679845056124	143.013	6.139
0.0124199900640079	0.223199821440143	172.447	5.281
0.0130799895360084	0.235259811792151	82.585	3.81
0.0152199878240097	0.273779780976175	185.381	7.559
0.0162899869680104	0.292499766000187	221.541	8.81
0.0164299868560105	0.295199763840189	238.04	8.877
0.0201599838720129	0.361799710560232	318.186	8.887
0.020359983712013	0.365759707392234	282.872	8.569
0.0243599805120156	0.43721965022428	353.452	12.051
0.0279299776560179	0.50003959996832	400.8	14.387
0.0320999743200205	0.574739540208368	466.119	15.701
0.0338099729520216	0.606059515152388	512.828	16.935
0.0372899701680239	0.668339465328428	538.495	16.985
0.039129968696025	0.699479440416448	589.126	18.928
0.0475899619280305	0.851219319024545	662.815	23.17
0.0481399614880308	0.858599313120549	770.026	23.009
0.0481999614400308	0.85985931211255	672.584	24.525
0.054749956200035	0.977579217936626	792.493	26.47
0.0589399528480377	1.05245915803267	912.276	27.729
0.0711299430960455	1.26899898480081	987.116	35.469
0.0800499359600512	1.42595885923291	1081.626	36.612
0.0893699285040572	1.58615873107302	1316.56	41.693
0.0944299244560604	1.67453866036907	1219.207	47.043
0.0974299220560624	1.72943861644911	1266.744	48.367
0.103239917408066	1.83023853580917	1427.259	47.404
0.105939915248068	1.8687585049932	1283.048	48.96
0.122159902272078	2.15513827588938	1538.379	55.731
0.181879854496116	3.19949744040205	2116.736	86.89
0.191099847120122	3.37301730158616	2392.005	87.853
0.197079842336126	3.4313372549302	2054.766	90.587
0.213369829304137	3.72185702251438	2085.807	97.663
0.230179815856147	4.01327678937857	2664.002	107.99
0.252149798280161	4.39001648798681	2428.37	122.465
0.327009738392209	5.60159551872358	2581.872	152.468
0.378909696872243	6.37667489866008	2222.923	170.003
0.40559967552026	6.95141443886845	2860.922	182.138
0.40656967474426	6.96905442475646	3109.575	190.626
0.418069665544268	7.17263426189259	3000.194	186.733
0.42262966189627	7.09865432107654	2205.96	193.477
0.447359642112286	7.5023939980848	2658.886	195.697
0.466459626832299	7.815233747813	2328.289	216.124
0.553739557008354	9.00773279381377	2475.517	217.022
0.613589509128393	9.94301204559036	2341.623	245.995
0.85918931264855	13.8337089330329	2959.379	327.255
0.87454930036056	14.081208735033	3523.401	332.287
1.00055919955264	15.3971876822499	2431.285	352.363
1.0963791228967	16.7857065714347	2891.037	370.55
1.20478903616877	18.4219052624758	3225.853	415.897
1.4037888769689	20.0737639409888	2377.104	399.61
1.43302885357692	21.9707824233741	3321.768	477.578
1.62073870340904	22.9780616175507	3246.649	441.232
1.74358860512912	24.6713202629438	2356.471	506.62
1.98445841243327	25.7032594373925	2028.003	465.239
2.00452839637728	28.3580773135381	4614.02	520.05
2.67694785844171	33.8784928972057	2187.597	543.053
2.69626784298573	34.1364326908538	2364.861	571.238
3.01221759022593	33.7510529991576	2023.631	508.655
3.19355744515404	40.68698745041	2447.882	664.67
3.8990068807945	42.3150861479311	2293.43	599.773
4.20626663498669	45.5505835595332	2355.479	619.33
4.89791608166713	53.7697369842104	2488.512	745.366
6.5580747535402	57.7126338298929	2553.876	713.686
6.85295451763639	60.3849116920706	2574.351	779.007
6.86014451188439	60.4659116272707	2620.685	773.308
6.90178447857242	60.933731253015	2791.012	752.134
8.49176320658943	58.2594733924213	2729.938	793.505
10.1749818600145	69.0456047635162	2767.28	957.051
10.2976317618946	69.9468640425088	3488.564	908.948
11.0641111487111	76.4669988264009	2905.191	991.687
12.460490031608	64.1476286818971	3244.606	950.11
13.1606694714644	66.8989264808588	2874.882	1017.644
15.575267539786	78.2491774006581	4020.927	1142.99
16.1993970404824	81.9028144777484	3096.856	1213.052
19.6764642588286	73.424281260575	3494.39	1433.362
21.0962531229975	77.5126179899056	3390.19	1475.122
25.1886398490881	92.6407058874353	3872.197	1709.331
25.3537997169602	93.4922852061718	3694.792	1645.727
33.6174231060615	94.9375040499968	4116.07	2089.911
34.378682497054	97.0629423496461	4126.956	2028.843
34.5422423662061	97.5181619854704	4077.596	2213.501
34.7819621744303	98.2194414244469	3866.4	2095.796
38.9217588625929	92.4635860291312	5986.854	2358.713
40.2950777639378	94.6621042703166	4564.367	2596.603
42.5762559389952	98.1422214862228	5458.617	2543.331
42.6743758604993	98.2783013773589	4347.775	2586.636
47.7228818216945	96.860082511934	5513.065	2839.47
49.1385906891274	98.1137815089748	4882.501	2896.092
50.4981196015043	99.1106207115034	4329.44	2952.721
51.7605985915211	99.8140601487519	4590.569	3033.38
57.4808640153088	99.5338003729597	5151.002	3585.531
58.9425928459257	99.8770600983519	5251.64	3419.95
59.327342538126	99.936460050832	5430.58	3532.422
59.6034023172781	99.971920022464	5704.319	3416.528
65.9265572587542	99.968140025488	5926.524	3898.257
66.3565469147625	99.987580009936	5844.869	4056.628
66.4424768460185	99.989740008208	5531.864	3945.578
66.6990666407467	99.996040003168	6194.814	4017.995
72.8408917272866	99.998380001296	6586.589	4678.106
72.9983416013267	99.999820000144	6025.135	4407.839
73.0771915382468	99.999460000432	6438.029	4259.664
73.0807415354068	99.999460000432	6150.363	4354.802
78.6489770808183	100.0	6638.428	4558.666
78.6687970649623	100.0	6237.13	4643.241
78.6696670642663	100.0	6422.808	4825.741
78.6727670617863	100.0	7312.712	4574.652
