0.613539509168393	10.4803116157507	1419.915	47.281
38.7431090055128	99.962920029664	1019.871	766.299
34.4834624132301	99.7568201945438	1020.644	752.988
55.5450555639556	99.999640000288	1073.508	787.033
40.9729572216342	99.95410003672	1036.741	747.177
46.9657724273821	99.989740008208	1060.267	776.641
0.10935991251207	1.94687844249725	268.182	7.161
58.0828835336932	99.999820000144	1067.397	808.769
28.4689072248742	99.3574005140796	1019.02	740.076
49.9140400687679	99.996040003168	1066.133	781.935
60.5330115735907	99.999820000144	1070.64	823.77
11.1083811132951	84.0665927467258	1237.101	599.136
19.5434643652285	97.4780220175824	1055.527	724.77
32.2971741622607	99.7881401694879	1016.035	750.057
52.5908979272817	99.998740001008	1071.648	803.022
0.273049781560175	4.79753616197107	652.401	20.167
44.2190446247643	99.984340012528	1058.391	789.791
1.559648752281	24.2281606174715	2958.004	166.188
0.356209715032228	6.21089503128398	848.151	26.899
22.9607316314147	98.7956209635032	1007.085	739.007
0.79629936296051	13.3262893389685	1774.807	79.079
0.0612099510320392	1.0976391218887	155.994	5.919
2.8118877504898	39.9011080791135	4222.149	267.69
5.10720591423527	58.2072734341813	2725.634	384.632
0.149129880696095	2.64419788464169	360.681	11.251
8.83245293403765	78.7994369604504	1390.804	541.561
1.2573289941368	20.274463780429	2593.125	128.09
24.0267007786394	97.9364816508147	1086.205	706.901
14.4947584041933	90.9199072640742	1118.309	630.276
3.82550693959445	49.2024206380635	4346.362	357.647
