89.098858720913	89.4653284277373	3406.696	1865.419
14.100858719313	14.4595684323453	684.212	285.777
54.0995367203706	54.4506764394588	2169.674	1136.394
1.89976848018522	2.26889818488145	214.911	36.51
39.100618719505	39.4613684309053	1665.65	789.124
94.0999347200522	94.4628444297245	3624.358	3138.073
69.0996547202762	69.4623044301565	2829.457	1408.697
4.20073663941069	4.56839634528292	303.43	83.266
0.399759680192256	0.76607938713649	132.445	6.491
0.298809760952191	0.670499463600429	128.574	5.275
74.1016607186714	74.4628804296957	2986.022	1514.447
24.1003407197274	24.4661204271037	1067.758	506.967
79.1004467196426	79.4648964280829	3218.942	1615.769
6.29999496000403	6.66305466955626	410.723	126.059
44.0994547204362	44.4641044287165	1842.957	926.173
9.39838248129401	9.76445218843825	531.232	186.712
34.1013727189018	34.4710524231581	1450.782	729.714
0.900489279608576	1.26305898955281	173.029	16.186
1.30139895888083	1.66877866497707	195.569	25.907
0.0994499204400636	0.456119635104292	99.169	1.958
59.0991727206618	59.4604324316541	2420.604	1208.541
64.099268720585	64.4644284284573	2541.716	1298.626
0.600149519880384	0.966959226432619	155.443	10.482
99.0998107201514	99.4650404279677	3779.911	3374.046
19.0990247207802	19.4660844271325	902.257	383.539
0.197989841608127	0.565559547552362	121.071	3.671
84.1010827191338	84.4645724283421	3255.014	1780.002
29.0995867203306	29.4652564277949	1268.439	584.41
49.0996807202554	49.4609004312797	2070.959	1001.717
2.80111775910579	3.16889746488203	259.992	59.699
14.100618719505	14.4629884296093	683.179	286.766
1.90044847964122	2.26799818560145	215.94	38.446
94.1011947190442	94.4650044279965	3735.998	3069.156
19.1005447195642	19.4675244259805	902.316	388.894
74.0992807205754	74.4652204278237	2907.483	1565.047
79.0994867204106	79.4627364298109	3066.824	1663.043
89.100018719985	89.4629884296093	3470.266	1892.764
99.0998107201514	99.4650404279677	3781.274	3295.517
49.1017907185674	49.4654004276797	2040.222	985.312
64.099488720409	64.4635284291773	2604.888	1309.27
1.30055895955283	1.66733866612907	194.997	24.477
0.401069679144257	0.768779384976492	142.13	7.631
0.301279758976193	0.660779471376423	125.343	5.086
44.0977847217722	44.4626644298685	1839.304	892.549
24.1011107191114	24.4589204328637	1063.471	498.554
9.40105247915802	9.75977219218225	518.999	194.643
0.599879520096384	0.96911922470462	156.778	10.723
0.100959919232065	0.45251963798429	100.836	2.279
2.80050775959379	3.16637746689803	245.045	58.188
39.101658718673	39.4662284270173	1616.77	812.631
54.1009767192186	54.4688564249149	2143.352	1129.326
4.19866664106669	4.55849635320292	309.003	92.974
34.1000527199578	34.4620524303581	1474.248	688.858
6.30161495870803	6.66341466926826	392.756	130.939
0.201709838632129	0.563759548992361	116.886	3.639
59.1007027194378	59.4647524281981	2324.279	1233.336
0.900849279320577	1.26701898638481	171.675	17.399
69.1001947198442	69.4684244252605	2801.58	1421.567
84.0974827220138	84.461152431078	3301.883	1771.53
29.0989767208186	29.4587764329789	1241.615	608.842
0.300839759328193	0.668879464896428	128.056	5.359
94.1008047193562	94.4601444318845	3625.812	3185.073
79.0979267216586	79.4634564292349	3187.428	1624.461
0.401099679120257	0.758699393040486	130.896	6.502
0.599069520744383	0.965339227728618	152.428	10.889
84.0991727206618	84.4620524303581	3302.391	1785.834
49.1003907196874	49.4679204256637	1991.432	1027.116
74.0997207202234	74.4670204263837	2982.471	1513.762
0.202179838256129	0.566639546688363	121.849	3.676
99.0976107219114	99.4614404308477	3764.419	3348.992
1.90069847944122	2.26475818819345	220.681	36.927
44.1005547195562	44.4641044287165	1835.569	888.431
89.100188719849	89.4678484257213	3449.527	1890.179
4.19957664033869	4.56731634614692	312.735	87.599
29.0916667266666	29.3826364938908	1251.585	610.096
0.100049919960064	0.459539632368294	101.066	3.432
14.101348718921	14.4601084319133	700.963	293.448
64.100488719609	64.4710884231293	2499.495	1338.822
