8.74123300701359	78.3926372858902	2553.5	409.553
60.5380015695987	99.999640000288	6867.023	4968.227
0.0661599470720423	1.18349905320076	38.285	3.482
44.0774147380682	99.972820021744	5567.862	3614.618
2.38506809194553	34.4818524145181	1013.276	122.612
32.2691041847167	99.7822001742399	4677.079	2617.988
4.82823613741109	55.8303753356997	1704.993	231.248
55.5537055570356	99.99910000072	6516.545	4501.091
0.231649814680148	4.07609673912261	118.754	12.445
12.48955000836	89.4388684489052	3086.496	574.329
41.7357166114267	99.974980020016	5435.184	3412.588
0.0998299201360639	1.77767857785714	55.261	5.185
26.1721690622648	99.3593805124956	4207.418	2131.184
1.22157902273678	19.7571441942846	588.981	70.676
0.325319739744208	5.67935545651564	163.967	20.37
0.18764984988012	3.31901734478612	103.091	10.503
22.5045119963904	98.381981294415	3882.435	1448.033
33.7739729808216	99.6414402868478	4907.621	2135.824
3.65035707971434	47.3684021052783	1393.814	187.887
0.599999520000384	10.2720517823586	309.359	36.077
27.2682181854255	98.8024609580312	4366.035	1985.997
58.0897535281972	99.999460000432	6853.118	4646.358
13.7662389870088	88.9058888752889	3168.264	622.185
47.4262820589744	99.992620005904	5838.777	3867.355
0.854349316520547	14.2676885858491	421.337	48.666
1.54508876392899	24.0109007912794	692.486	87.294
52.5737279410176	99.996940002448	6430.047	4196.075
38.7527189978248	99.95410003672	5199.614	3188.308
50.1469598824321	99.995140003888	6014.593	4128.964
17.116166307067	93.4701452238838	3425.096	826.434
19.5272643781885	97.4607420314064	3794.52	1406.549
6.14082508733993	67.0184463852429	2080.204	305.327
0.145519883584093	2.58281793374565	80.802	7.689
1.61783870572904	25.046439962848	740.975	88.146
12.7134198292641	90.2785677771458	3131.908	596.533
25.5688895448884	99.0548207561434	4139.333	1924.957
46.7985825611339	99.98380001296	5773.968	2869.066
60.5389115688707	99.999820000144	7016.33	4828.001
55.5437255650195	99.99910000072	6666.632	4464.526
4.28636657090674	54.2487166010267	1592.577	226.427
0.51587958729633	8.82359294112565	265.401	31.13
0.270909783272173	4.75775619379504	146.844	14.927
0.0581799534560372	1.04147916681667	33.486	3.056
58.0808035353572	99.999460000432	6825.805	4621.577
50.04564996348	99.994780004176	6228.149	3193.32
43.3759652992278	99.955540035568	5684.263	3306.637
14.7475782019374	91.6933666453067	3182.944	709.432
9.37406250075	81.8992144806284	2612.898	459.172
2.76831778534577	39.3150285479772	1150.127	143.388
38.4530392375686	99.942220046224	5329.927	2884.965
29.1333666933066	99.6088603129117	4577.769	2142.465
0.405139675888259	7.03997436802051	213.267	24.129
0.822599341920526	13.7669289864568	413.486	49.197
34.8301021359183	99.8092001526399	5028.599	2511.477
21.7022426382059	97.6416418866865	3815.482	1521.524
0.127329898136082	2.26835818531345	71.637	7.31
52.9611276310979	99.998380001296	6233.103	4326.18
40.666427466858	99.93340005328	5497.109	3189.338
1.29601896318483	20.8747633001894	590.864	72.611
31.5238047809562	99.6144403084478	4633.932	2325.13
49.6653102677518	99.992440006048	6195.524	3908.781
37.1828102537518	99.8282801373759	5178.35	2563.644
0.885269291784567	14.7572881941694	424.27	51.319
5.86683530653175	64.7704281836575	2018.228	280.96
1.64163868668905	25.4264196588643	728.427	92.576
4.23605661115471	53.7340970127224	1618.148	212.844
33.8109829512136	99.6502602797918	4764.017	2226.408
15.587677529858	93.73222501422	3312.602	1018.106
12.9254196596643	91.0324071740743	3169.601	601.785
55.4213856628915	99.998560001152	6685.195	4458.566
1.28254897396082	20.6654234676612	599.398	75.418
0.604309516552387	10.3372117302306	313.887	36.621
44.6347842921726	99.986320010944	5810.234	3542.465
0.252339798128161	4.44401644478684	144.179	14.213
60.5390815687347	99.999640000288	7067.691	4876.891
27.8202877437698	99.0641807486554	4303.703	2145.377
47.4550820359344	99.993520005184	6045.607	3794.554
