16.0954071236743	40.7861673710661	638.283	315.7
0.710649431480455	10.8484113212709	319.661	55.945
27.0316683746653	59.7684121852703	940.171	489.261
54.0045667963466	77.0366983706413	1200.934	646.197
0.00099999920000064	0.0179999856000115	1.727	0.613
0.475719619424304	7.6591738726609	245.12	38.754
0.0113899908880073	0.204659836272131	8.669	1.912
36.9052504757996	68.724485020412	1062.821	563.708
83.9308228553417	99.966160027072	1493.056	818.215
11.2114810308152	39.092008726393	602.992	289.606
0.00315999747200202	0.0568799544960364	3.006	0.691
1.06033915172868	14.9835480131616	384.742	91.796
0.0039099968720025	0.070379943696045	3.562	0.789
0.0186099851120119	0.333359733312213	11.918	2.178
0.00370999703200237	0.0667799465760427	3.256	0.964
3.49828720137024	30.4424756460195	548.158	217.667
90.595907523274	100.0	1514.666	884.875
0.0353099717520226	0.623699501040399	20.832	3.227
1.566198747041	19.7029642376286	436.982	132.659
0.00772999381600495	0.138959888832089	5.795	1.465
0.0017199986240011	0.0309599752320198	2.548	0.573
75.9854692116246	99.6052603157918	1514.059	813.032
7.0260443791645	32.744493804405	522.656	238.996
0.202099838320129	3.35411731670615	110.147	17.468
0.210319831744135	3.6010771191383	120.73	18.212
47.2746521802783	82.9309736552211	1330.086	660.844
0.139809888152089	2.43359805312156	82.381	13.264
66.3089569528344	94.0927647257882	1445.237	788.82
0.042139966288027	0.751139399088481	24.415	3.869
2.25649819480144	23.9493408405273	478.544	173.602
0.0279399776480179	0.49985960011232	16.701	2.834
4.55945635243492	28.7164570268344	473.842	197.703
0.0931199255040596	1.63529869176105	54.333	9.017
