0.00199999840000128	0.0179999856000115	5.873	0.52
0.00299999760000192	0.0199799840160128	6.447	0.481
0.00399999680000256	0.0219599824320141	7.272	0.515
0.0049999960000032	0.0221399822880142	7.321	0.565
0.00699999440000448	0.0241199807040154	8.036	0.568
0.0099999920000064	0.0259199792640166	8.451	0.583
0.013999988800009	0.0300599759520192	9.422	0.614
0.0199999840000128	0.035999971200023	11.606	0.729
0.0289999768000186	0.0460799631360295	15.518	0.857
0.0429999656000275	0.0601199519040385	18.736	0.942
0.063999948800041	0.0799199360640512	19.709	1.226
0.0949999240000608	0.112139910288072	23.111	1.636
0.141999886400091	0.160019871984102	24.122	2.173
0.210999831200135	0.228059817552146	34.233	5.217
0.315999747200202	0.333899732880214	37.687	4.953
0.474999620000304	0.491939606448315	42.647	7.432
0.711999430400456	0.727919417664466	60.488	11.422
1.06699914640068	1.08395913283269	77.108	18.318
1.59999872000102	1.61801870558504	86.959	27.806
2.39899808080154	2.41613806708955	127.72	46.387
3.5979971216023	3.61601710718631	172.082	73.561
5.39599568320345	5.41187567049946	247.761	105.146
8.09299352560518	8.10989351208519	337.138	154.828
12.1389902888078	12.1561102751118	435.049	242.513
18.2069854344117	18.2239054208757	603.874	353.253
27.3109781512175	27.3279381376495	858.035	535.218
37.3109701512239	37.3280101375919	1094.961	744.915
47.3099621520303	47.3259221392623	1386.177	938.812
57.3099541520367	57.3279741376207	1699.994	1102.316
67.3109461512431	67.3278661377071	2003.337	1292.054
77.3109381512495	77.3279381376495	2278.243	1491.032
87.3109301512559	87.3280101375919	2596.772	1691.273
97.3109221512623	97.3279021376783	2724.204	1977.379
