0.0099999920000064	0.0259199792640166	19.7	1.411
3.5979971216023	3.61403710877031	290.437	148.299
0.00399999680000256	0.0199799840160128	20.672	1.001
0.0199999840000128	0.035999971200023	19.855	1.686
12.1389902888078	12.1559302752558	753.576	519.314
0.0429999656000275	0.0601199519040385	25.094	2.757
8.09299352560518	8.10989351208519	546.514	359.127
0.063999948800041	0.0818999344800524	32.74	2.868
2.39899808080154	2.41613806708955	209.623	110.378
87.3099301520559	87.3260301391759	5103.139	3893.58
37.3109701512239	37.3280101375919	2206.583	1678.777
97.3109221512623	97.3279021376783	5958.669	4266.663
0.316999746400203	0.333899732880214	62.435	13.708
57.3109541512367	57.3279741376207	3613.84	2578.46
1.06699914640068	1.08395913283269	114.922	45.576
47.3109621512303	47.3280821375343	2739.818	2050.628
5.39599568320345	5.41385566891547	384.561	228.655
77.3109381512495	77.3279381376495	4634.199	3338.139
0.013999988800009	0.0320399743680205	19.648	1.53
0.474999620000304	0.491939606448315	83.24	18.925
0.711999430400456	0.727919417664466	98.423	29.534
0.210999831200135	0.228059817552146	55.672	9.34
0.0949999240000608	0.112139910288072	36.222	5.046
27.3099781520175	27.3259581392335	1758.307	1201.614
1.59999872000102	1.61801870558504	147.68	75.695
0.00599999520000384	0.0239399808480153	19.315	1.282
0.141999886400091	0.159839872128102	42.016	6.512
0.00299999760000192	0.0199799840160128	10.657	1.048
18.2069854344117	18.2240854207317	1211.24	773.776
0.0049999960000032	0.0219599824320141	19.228	1.316
67.3109461512431	67.3280461375631	4159.991	3004.165
0.0289999768000186	0.0460799631360295	27.229	2.195
0.00199999840000128	0.0179999856000115	6.141	0.618
