6.30099495920403	6.31799494560404	512.319	291.634
44.1009647192282	44.1179647056282	2506.696	1884.93
1.90099847920122	1.91807846553723	190.853	80.728
74.1009407192474	74.1178207057434	4526.503	3372.553
9.40099247920602	9.41795246563803	670.609	401.675
1.30099895920083	1.31795894563284	147.089	58.065
0.600999519200385	0.618119505504396	101.714	22.728
24.1009807192154	24.1180007055994	1541.862	1035.253
89.100928719257	89.117928705657	5391.648	3684.01
69.1009447192442	69.1179647056282	4102.532	2809.771
0.200999839200129	0.21797982561614	69.429	7.166
2.80099775920179	2.8178977456818	254.57	126.681
0.400999679200257	0.417959665632267	83.327	15.04
64.100948719241	64.118108705513	4013.689	2841.105
0.900999279200577	0.917999265600588	114.88	36.742
0.300999759200193	0.318059745552204	77.052	10.787
14.100988719209	14.118108705513	931.386	625.592
29.1009767192186	29.1180367055706	1863.011	1202.783
99.1009207192634	99.1180007055994	5728.846	5378.148
19.1009847192122	19.1179647056282	1333.002	871.051
94.1009247192602	94.1179647056282	5195.583	4843.498
34.1009727192218	34.1180727055418	2271.195	1534.832
59.1009527192378	59.1178927056858	3381.136	2601.141
0.100999919200065	0.117899905680075	48.949	3.746
79.1009367192506	79.1178567057146	4617.953	3320.978
84.1009327192538	84.1178927056858	4730.288	3746.933
54.1009567192346	54.1180367055706	3283.028	2408.792
4.20099663920269	4.2181166255067	336.86	175.81
39.100968719225	39.118108705513	2485.619	1674.55
49.1009607192314	49.1180007055994	2973.389	2181.937
