0.00411999670400264	0.0737999409600472	21.391	0.647
0.00488999608800313	0.0878399297280562	25.512	0.712
0.00510999591200327	0.0916199267040586	26.835	0.804
0.00556999554400356	0.0997199202240638	28.899	0.812
0.00576999538400369	0.103679917056066	30.241	0.771
0.00669999464000429	0.120059903952077	34.713	0.9
0.0087499930000056	0.157499874000101	44.029	1.021
0.00916999266400587	0.164879868096106	47.414	1.053
0.0092199926240059	0.165779867376106	47.396	1.866
0.00960999231200615	0.17225986219211	49.917	1.059
0.0105199915840067	0.189359848512121	54.109	1.213
0.0115399907680074	0.206639834688132	58.358	1.142
0.0118999904800076	0.212939829648136	60.127	1.314
0.0143299885360092	0.257219794224165	76.001	1.498
0.0145699883440093	0.261179791056167	74.161	2.166
0.0186099851120119	0.333539733168213	92.818	1.721
0.0193099845520124	0.345239723808221	98.71	1.762
0.0235299811760151	0.420839663328269	118.684	2.049
0.0238999808800153	0.427139658288273	118.913	1.985
0.0263399789280169	0.470519623584301	130.714	2.05
0.0279099776720179	0.496619602704318	141.047	2.254
0.028129977496018	0.50003959996832	139.584	2.06
0.0288299769360185	0.516419586864331	145.453	2.227
0.0339699728240217	0.601919518464385	169.359	2.623
0.0410299671760263	0.732419414064469	204.363	2.963
0.0420499663600269	0.743939404848476	208.205	3.013
0.0420999663200269	0.75059939952048	207.413	2.842
0.0490399607680314	0.870299303760557	242.977	3.384
0.0622499502000398	1.10213911828871	310.366	4.463
0.0633599493120405	1.11149911080071	310.514	4.35
0.0934299252560598	1.64285868571305	453.063	5.8
0.0942699245840603	1.65869867304106	458.024	5.825
0.0955399235680611	1.67939865648107	465.884	5.728
0.114319908544073	1.98215841427327	552.413	7.366
0.139129888696089	2.41883806492955	670.634	8.42
0.13998988800809	2.43467805225756	675.646	8.935
0.141729886616091	2.41289806968154	662.451	8.43
0.141799886560091	2.46473802820958	680.963	8.882
0.182919853664117	3.04739756208195	848.123	10.908
0.209499832400134	3.57695713843429	988.121	14.921
0.209759832192134	3.5960371231703	990.775	14.077
0.211469830824135	3.62033710373032	993.143	12.573
0.225489819608144	3.73913700869039	1035.871	13.129
0.314869748104202	5.26409578872337	1457.627	22.556
0.319289744568204	5.33627573097942	1486.633	22.826
0.469979624016301	7.56305394955684	2111.757	31.851
0.471869622504302	7.59617392306086	2108.274	28.949
0.471999622400302	7.60175391859686	2118.159	31.349
0.472779621776303	7.63901388878889	2099.785	30.211
0.582889533688373	8.75735299411761	2401.43	35.826
0.631279494976404	8.78561297150962	2383.095	36.171
0.650779479376416	9.8369921304063	2703.799	39.185
0.706279434976452	10.8131313494949	2985.308	42.656
3.50508719593024	22.7435218051826	3545.399	163.689
3.50631719494624	30.5520955583236	5880.344	180.621
3.52240718207425	30.8901352878918	5930.133	184.984
3.5912371270103	32.0765143387885	6374.44	185.1
4.66827626537899	29.5260963791229	4838.271	224.787
5.36079571136343	37.1008503193197	6509.397	274.017
5.39020568783545	37.571369942904	6700.306	265.985
6.46156483074814	29.9539560368352	4309.309	305.26
6.82169454264437	31.6387546889962	4591.869	312.051
7.80323375741299	38.8063489549208	6090.282	389.948
8.06159355072516	42.3725061019951	7138.744	404.63
9.71230223015822	32.9516736386611	4335.64	444.854
10.4338716529027	35.4599716320227	4777.67	485.618
11.6711706630635	42.4164260668591	6157.291	575.148
12.0052203958237	45.9392032486374	7014.484	599.922
15.3980576815539	38.7935689651448	4728.516	710.765
15.572447542042	39.2694885844091	4869.087	716.319
16.0747171402263	40.7229874216101	5208.705	731.441
18.1968954424836	54.2510565991547	8227.174	872.714
23.8799408960473	46.6856626514699	5366.314	1068.012
27.0920783263373	60.4401716478627	8056.303	1344.038
27.2883581693135	63.6245491003607	9062.186	1314.382
27.2886081691135	63.6076291138967	9061.435	1322.996
34.0523927580858	57.0678743457005	6345.354	1613.186
34.1920626463499	57.3780140975887	6300.16	1603.693
37.0336703730637	70.0255239795808	8775.776	1817.256
37.3150301479759	73.6509010792791	9904.342	1818.168
47.2607521913982	82.749533800373	10576.623	2255.238
47.2815421747663	83.0861335310932	10681.178	2263.775
47.2958821632943	83.2562333950133	10496.008	2340.317
47.2974121620703	83.2400334079733	10518.806	2329.8
56.7992645605883	87.515209987832	11070.76	2801.272
56.8753844996924	88.2051494358805	11403.226	2725.034
56.9517944385644	88.9654688276249	10429.956	2668.607
56.9594644324285	89.025588779529	10240.789	2811.18
63.3315193347845	85.5290915767267	8516.428	3000.809
66.0006071995142	92.7092858325713	11518.169	3247.621
66.0151871878502	92.7751657798674	11624.907	3222.472
66.8899364880508	97.4589420328464	11301.807	3195.319
73.6845110523912	95.5052235958211	9657.2	3394.418
75.3791596966722	98.483321213343	11592.988	3659.081
75.5024495980403	98.6975210419832	10389.517	3503.123
75.9049592760326	99.4533404373277	11335.69	3691.025
83.2071534342773	99.8113601509119	10196.374	3926.967
83.5945831243335	99.9067600745919	10045.024	4000.171
83.9696428242857	99.97030002376	10487.188	3909.404
83.9859828112137	99.97210002232	10536.753	3858.661
90.5492075606339	100.0	10367.567	4278.831
90.5513575589139	100.0	10504.839	4183.337
90.572557541954	100.0	10364.108	4271.273
90.598827520938	100.0	10200.801	4284.514
