0.400999679200257	0.417959665632267	41.873	3.45
1.90099847920122	1.91789846568123	114.219	16.261
59.1009527192378	59.1178927056858	1415.417	524.074
94.1009247192602	94.1179647056282	2018.342	1603.909
0.300999759200193	0.317879745696203	32.27	2.502
6.30099495920403	6.31799494560404	242.561	57.077
14.100988719209	14.118108705513	406.568	126.286
64.100948719241	64.118108705513	1482.513	576.815
74.1009407192474	74.1180007055994	1768.989	652.323
19.1009847192122	19.1179647056282	545.204	166.692
0.100999919200065	0.117899905680075	14.414	1.074
29.1009767192186	29.1180367055706	763.853	259.239
99.1009207192634	99.1180007055994	2152.576	1601.71
0.600999519200385	0.617939505648396	69.148	4.943
39.100968719225	39.117928705657	992.399	344.938
79.1009367192506	79.1178567057146	1798.517	714.049
9.40099247920602	9.41795246563803	325.684	83.616
2.80099775920179	2.8180777455378	125.284	24.728
0.200999839200129	0.21797982561614	18.415	1.716
1.30099895920083	1.31813894548884	77.705	10.998
89.100928719257	89.117928705657	2056.212	763.826
49.1009607192314	49.1180007055994	1196.134	432.982
4.20099663920269	4.2181166255067	212.612	37.832
34.1009727192218	34.1178927056858	846.048	315.17
24.1009807192154	24.1180007055994	625.531	220.517
44.1009647192282	44.1179647056282	1076.337	397.492
54.1009567192346	54.1178567057146	1325.86	463.909
69.1009447192442	69.1179647056282	1569.902	618.28
84.1009327192538	84.1178927056858	1987.647	745.446
0.900999279200577	0.917999265600588	74.538	8.053
