0.205879835296132	3.53447717241826	1513.752	95.319
83.4735132211894	99.8795800963359	6741.319	6067.144
66.8930464855628	97.4407620473904	5723.935	5065.6
0.190219847824122	3.15557747553802	941.423	81.337
17.9484556412355	50.9304192556646	2327.503	1169.772
90.5412475670019	100.0	6963.686	6078.653
23.9617008306393	46.862242510206	2622.746	1424.093
0.0293099765520188	0.520919583264333	393.874	14.035
0.0101699918640065	0.182339854128117	106.065	3.781
3.5868371305303	32.0851543318765	1639.102	436.383
0.00899999280000576	0.161459870832103	114.878	4.014
0.00409999672000262	0.0736199411040471	35.697	1.184
0.0329099736720211	0.583379533296373	425.061	14.496
0.0117199906240075	0.210419831664135	158.742	4.833
0.142279886176091	2.47697801841759	1396.495	64.959
2.40398807680954	26.1518190785447	1592.742	370.516
46.6636126691099	76.7908185673451	4528.438	2984.499
0.00180999855200116	0.0325799739360208	9.772	0.526
75.9944892044086	99.6059803152157	6334.264	5729.207
53.8768068985545	76.7503185997451	5159.049	3320.006
1.06628914696868	15.0742679405856	1697.746	294.618
4.89337608529913	31.5534347572522	1344.76	419.925
36.6803406557275	66.7747265802187	3941.986	2366.872
0.391819686544251	6.26219499024401	1242.844	145.403
0.000819999344000525	0.0147599881920094	5.068	0.529
1.57945873643301	19.9247240602208	1328.334	338.071
7.68204385436492	37.581989934408	1604.936	555.631
0.637379490096408	9.60443231645415	1302.99	207.503
0.0926899258480593	1.63187869449704	1094.088	42.19
12.1440302847758	47.9780616175507	2414.699	886.664
0.00555999555200356	0.0998999200800639	35.26	1.738
0.00185999851200119	0.0334799732160214	10.656	0.796
0.0284299772560182	0.507419594064325	387.346	13.282
