0.100999919200065	0.118079905536076	1066.866	797.318
69.1009447192442	69.1179647056282	1066.632	748.143
14.100988719209	14.117928705657	1072.427	547.123
9.40099247920602	9.41795246563803	1067.694	553.327
1.30099895920083	1.31795894563284	1083.664	750.397
4.20099663920269	4.2179366256507	1013.871	557.98
29.1009767192186	29.1180367055706	1088.247	572.705
99.1009207192634	99.1178207057434	1096.021	545.523
0.400999679200257	0.418139665488268	1076.807	550.603
24.1009807192154	24.1180007055994	1101.715	662.463
0.600999519200385	0.617939505648396	1046.625	802.551
0.900999279200577	0.917999265600588	965.576	536.344
59.1009527192378	59.1178927056858	912.087	565.368
6.30099495920403	6.31799494560404	1099.133	560.747
2.80099775920179	2.8180777455378	1064.708	783.496
39.100968719225	39.118108705513	1094.125	713.362
1.90099847920122	1.91789846568123	1071.981	564.88
84.1009327192538	84.1178927056858	1105.788	539.185
19.1009847192122	19.1179647056282	1071.245	551.728
74.1009407192474	74.1180007055994	1109.182	809.733
54.1009567192346	54.1178567057146	1104.305	575.609
0.200999839200129	0.21797982561614	1072.294	820.208
94.1009247192602	94.1179647056282	1104.785	757.962
89.100928719257	89.117928705657	1042.727	555.602
44.1009647192282	44.1179647056282	1090.301	794.3
79.1009367192506	79.1178567057146	1063.228	767.412
64.100948719241	64.117928705657	1034.187	794.057
0.300999759200193	0.318059745552204	1099.795	602.928
34.1009727192218	34.1180727055418	1076.284	777.884
49.1009607192314	49.1180007055994	912.373	813.242
