34.1004927196058	34.4661924270461	1495.654	707.635
0.398719681024255	0.763739389008489	46.152	9.13
69.1011447190842	69.4653644277085	3269.186	1416.513
59.0987527209978	59.4618724305021	2560.63	1236.327
19.1006847194522	19.4687844249725	892.317	382.47
0.200109839912128	0.561059551152359	34.388	5.102
4.20046663962669	4.55849635320292	235.799	85.087
0.600039519968384	0.963179229456616	65.475	12.077
24.0990307207754	24.4677404258077	1088.903	504.014
1.90245847803322	2.26565818747345	124.995	41.758
6.29904496076403	6.66359466912427	347.699	127.374
14.099668720265	14.4584884332093	706.872	282.222
29.0994367204506	29.4650764279389	1291.246	592.667
84.0988427209258	84.4647524281981	3636.888	1774.522
0.301779758576193	0.669419464464428	41.14	6.769
64.099888720089	64.4637084290333	2884.513	1313.721
39.099718720225	39.4566884346493	1680.008	815.567
99.0976107219114	99.4614404308477	4245.455	4131.976
2.79930776055379	3.15665747467402	168.114	56.462
94.0978947216842	94.4641044287165	3989.708	3876.483
74.1015407187674	74.4704404236477	3371.531	1507
0.897849281720575	1.26431898854481	80.793	17.667
0.098449921240063	0.455219635824291	22.636	2.387
79.0999567200346	79.4612964309629	3466.56	1662.275
9.39950248039802	9.76751218599025	467.511	199.58
89.101018719185	89.4685684251453	3912.299	1882.07
44.0978547217162	44.4657244274205	1953.845	926.259
54.0996467202826	54.4679564256349	2521.909	1136.982
1.30202895837683	1.66949866440107	104.238	25.746
49.0998807200954	49.4616204307037	2300.271	997.816
29.0998867200906	29.4645364283709	1422.747	585.859
0.599279520576384	0.972179222256622	61.582	13.17
34.1003627197098	34.4602524317981	1552.495	693.043
44.1001247199002	44.4619444304445	2059.216	886.374
79.1001067199146	79.4674164260669	3359.785	1666.729
9.39911248071001	9.76049219160625	462.389	194.973
89.099368720505	89.4615484307613	3937.675	1887.928
84.0999927200058	84.4645724283421	3787.235	1723.435
1.30193895844883	1.66607866713707	102.824	27.024
69.0989547208362	69.4657244274205	3186.144	1406.119
6.30145495883603	6.66485466811627	342.851	131.208
19.0999247200602	19.4677044258365	908.187	382.709
0.299559760352192	0.665639467488426	43.629	5.495
94.0604747516202	94.2904045676763	4287.385	3518.117
59.1000927199258	59.4683524253181	2574.444	1242.262
1.89873848100922	2.25629819496144	134.227	41.841
39.099048720761	39.4610084311933	1741.575	814.409
14.099098720721	14.4611884310493	688.006	282.681
64.098718721025	64.4620884303293	2930.982	1299.87
0.398389681288255	0.760319391744487	49.924	7.14
54.0994067204746	54.4656164275069	2472.852	1135.871
99.0928407257274	99.3899804880156	4205.261	4028.498
0.0993999204800636	0.450179639856288	23.298	3.223
74.1015407187674	74.4704404236477	3368.014	1508.875
24.0996007203194	24.4684604252317	1074.894	499.628
0.899999280000576	1.26395898883281	84.357	17.238
0.201519838784129	0.56285954971236	33.336	4.882
2.80005775995379	3.16763746589003	180.617	56.801
49.0993507205194	49.4650404279677	2086.641	1026.084
4.19723664221069	4.55975635219492	228.451	91.673
0.299429760456192	0.67121946302443	41.23	5.072
39.099818720145	39.4644284284573	1746.088	816.629
29.0978267217386	29.4643564285149	1391.445	594.103
6.30071495942803	6.66647466682027	361.999	126.705
34.0999027200778	34.4645724283421	1518.164	705.491
79.0993867204906	79.4643564285149	3413.204	1618.004
49.0994007204794	49.4655804275357	2201.353	1031.125
59.1004627196298	59.4703324237341	2765.591	1202.489
0.199849840120128	0.565739547408362	35.379	5.271
84.1012327190138	84.4625924299261	3601.87	1773.922
64.100188719849	64.4671284262973	2754.382	1319.403
99.0976107219114	99.4614404308477	4518.381	3994.089
1.89899848080122	2.26025819179345	129.897	41.639
74.0981207215034	74.4659404272477	3151.255	1561.108
0.100059919952064	0.455939635248292	24.079	2.546
19.0993847204922	19.4608644313085	878.062	399.386
