0.899649280280576	1.26089899128081	152.979	37.672
1.90036847970522	2.26223819020945	239.44	89.135
34.0974327220538	34.4618724305021	2191.717	1618.507
69.1011247191002	69.4653644277085	4203.149	3161.201
74.0980407215674	74.4659404272477	4854.961	3403.958
0.599519520384384	0.963539229168617	142.212	27.682
94.1015647187482	94.4619444304445	5739.982	4434.566
0.199589840328128	0.56213955028836	85.461	11.853
89.099738720209	89.4638884288893	5518.667	4281.621
39.099038720769	39.4669484264413	2495.135	1823.612
4.20091663926669	4.56461634830692	401.413	193.171
29.0970267223786	29.4630964295229	2047.087	1374.336
0.301059759152193	0.665639467488426	110.263	15.115
49.0972707221834	49.4603604317117	3107.214	2310.036
1.30059895952083	1.66733866612907	180.152	60.839
44.0993547205162	44.4601444318845	2754.592	2128.97
79.1019167184666	79.4650764279389	4979.666	3846.423
99.1007407194074	99.4646804282557	6026.902	4788.843
24.1013707189034	24.4720604223517	1602.103	1113.548
14.097568721945	14.4593884324893	1005.886	669.924
9.39937248050202	9.76103219117425	688.648	414.719
6.30113495909203	6.66629466696427	501.775	288.709
64.098858720913	64.4629884296093	4011.152	3108.084
19.1004047196762	19.4646444282845	1379.452	925.956
59.0986027211178	59.4696124243101	3582.545	2777.56
0.100399919680064	0.449819640144288	91.6	7.644
84.0978927216858	84.4690724247421	5333.397	4094.871
0.400399679680256	0.762299390160488	118.652	19.836
54.1016367186906	54.4639964288029	3440.806	2623.241
2.79898776080979	3.16277746977802	293.148	131.856
