0.900999279200577	0.917999265600588	60.958	17.521
89.100928719257	89.117928705657	3741.012	1822.9
59.1009527192378	59.1180727055418	2502.086	1256.288
19.1009847192122	19.1179647056282	825.767	399.543
99.1009207192634	99.1178207057434	4047.404	2101.602
0.600999519200385	0.617939505648396	48.747	10.219
64.100948719241	64.117928705657	2675.227	1319.925
74.1009407192474	74.1180007055994	3077.537	1574.419
44.1009647192282	44.1179647056282	1929.86	909.564
0.300999759200193	0.317879745696203	22.488	4.765
79.1009367192506	79.1178567057146	3238.584	1669.49
0.200999839200129	0.21797982561614	19.356	3.323
49.1009607192314	49.1180007055994	2127.196	1003.513
0.400999679200257	0.417959665632267	25.566	6.062
39.100968719225	39.117928705657	1740.684	806.543
69.1009447192442	69.1179647056282	3022.578	1420.323
94.1009247192602	94.1179647056282	3869.632	1992.449
84.1009327192538	84.1178927056858	3500.704	1790.483
0.100999919200065	0.118079905536076	8.778	1.801
1.90099847920122	1.91789846568123	93.88	41.077
4.20099663920269	4.2181166255067	216.098	87.92
14.100988719209	14.117928705657	638.616	294.03
2.80099775920179	2.8178977456818	150.192	60.48
54.1009567192346	54.1180367055706	2333.57	1103.987
9.40099247920602	9.41795246563803	446.016	203.113
29.1009767192186	29.1180367055706	1304.031	602.165
6.30099495920403	6.31799494560404	316.9	134.871
1.30099895920083	1.31795894563284	71.822	25.581
34.1009727192218	34.1178927056858	1458.844	730.965
24.1009807192154	24.1178207057434	1034.736	518.216
0.600999519200385	0.617939505648396	43.655	10.574
34.1009727192218	34.1178927056858	1515.658	702.795
39.100968719225	39.117928705657	1671.988	831.267
94.1009247192602	94.1179647056282	4016.011	1938.014
2.80099775920179	2.8178977456818	150.076	57.843
0.900999279200577	0.917999265600588	56.108	16.694
64.100948719241	64.117928705657	2733.146	1324.786
0.300999759200193	0.317879745696203	23.053	4.828
44.1009647192282	44.1179647056282	1946.351	916.49
9.40099247920602	9.41795246563803	456.097	194.968
89.100928719257	89.117928705657	3660.928	1882.97
4.20099663920269	4.2179366256507	212.76	91.578
54.1009567192346	54.1178567057146	2349.655	1120.069
99.1009207192634	99.1180007055994	4203.78	2035.235
59.1009527192378	59.1180727055418	2543.667	1214.977
0.100999919200065	0.118079905536076	8.148	1.81
69.1009447192442	69.1179647056282	2870.417	1474.376
0.400999679200257	0.417959665632267	28.196	8.185
79.1009367192506	79.1178567057146	3390.78	1676.93
1.90099847920122	1.91807846553723	96.554	41.217
74.1009407192474	74.1180007055994	3105.63	1524.166
1.30099895920083	1.31795894563284	69.367	25.015
19.1009847192122	19.1179647056282	835.716	410.764
24.1009807192154	24.1180007055994	1038.325	519.556
6.30099495920403	6.31799494560404	342.747	130.877
49.1009607192314	49.1180007055994	2074.252	1038.471
14.100988719209	14.117928705657	653.205	295.084
29.1009767192186	29.1180367055706	1263.958	597.522
84.1009327192538	84.1178927056858	3600.799	1722.907
0.200999839200129	0.21797982561614	19.038	3.922
39.100968719225	39.117928705657	1659.936	828.933
19.1009847192122	19.1179647056282	846.375	421.646
84.1009327192538	84.1178927056858	3519.412	1708.98
29.1009767192186	29.1180367055706	1271.686	593.02
74.1009407192474	74.1180007055994	3147.171	1524.994
0.300999759200193	0.317879745696203	23.402	4.819
2.80099775920179	2.8180777455378	161.159	59.362
44.1009647192282	44.1179647056282	1859.379	935.536
69.1009447192442	69.1179647056282	2901.479	1465.474
0.100999919200065	0.117899905680075	9.178	1.848
24.1009807192154	24.1180007055994	1066.732	515.138
4.20099663920269	4.2179366256507	211.893	90.99
0.600999519200385	0.617939505648396	47.584	11.401
34.1009727192218	34.1180727055418	1506.514	717.032
