0.76566938746449	10.1206719034625	289.572	43.795
28.2514573988341	57.1659742672206	1126.74	447.058
76.2847289722168	98.0533015573588	2071.864	1638.089
24.0794507364394	60.3157917473666	831.604	463.502
84.9596820322544	99.960220031824	1128.572	1061.844
85.0648219481424	99.971740022608	2078.758	1664.998
39.054918756065	74.8565401147679	1012.357	579.407
77.3274181380655	99.5177803857757	1095.985	1025.538
91.5500667599466	99.999820000144	1137.786	1055.649
39.024958780033	74.2744205804635	935.879	598.274
49.0210407831674	84.2885325691739	1246	651.548
58.9435328451737	92.9670456263635	1140.944	935.352
42.6699758640193	69.2675445859643	1319.828	545.667
84.4744824204141	99.8876800898559	1119.158	1074.297
11.9012804789756	36.0851111319111	431.264	273.687
19.0783647373082	55.3371757302594	697.053	420.46
62.6730198615841	89.2734485812411	1133.21	720.464
48.6884110492712	80.4656956274435	1023.685	654.858
88.6934590452328	99.999460000432	1088.821	1067.029
44.0669747464202	80.1560958751233	1740.089	638.031
22.0381923694461	47.0080423935661	1024.752	368.796
39.070868743305	75.2813397749282	1701.783	576.637
14.090778727377	50.1839598528321	1053.539	357.284
32.6715538627569	59.320572543542	1167.292	481.319
1.8797084962332	22.3412221270223	558.287	137.575
88.7022090382328	99.999460000432	2056.428	1666.864
81.6590946727243	99.957340034128	1305.185	1197.563
73.1034815172148	99.0645407483674	1114.308	1032.031
0.899919280064576	13.1671694662644	194.885	83.06
91.5516967586426	99.999820000144	2074.334	1687.023
1.69964864028109	19.6556242755006	1211.365	120.89
76.9086684730652	98.9531208375033	1315.273	1137.519
13.2944993644005	42.0792863365709	553.902	318.856
25.6477994817604	48.424281260575	626.504	390.707
26.7703185837451	51.2441590046728	1161.014	393.189
0.857359314112549	12.441590046728	1353.767	70.559
70.323193741445	92.4866260106992	1222.457	1087.619
24.0681507454794	60.0142919885664	1347.614	454.771
65.8418673265061	88.7788089769528	1931.301	751.027
0.898089281528575	13.1713094629524	348.993	80.985
1.30006895994483	17.5463859628912	230.138	101.279
63.4709992232006	93.3502653197877	1144.396	941.362
91.5442567645946	100.0	1145.714	1059.623
53.8983668813065	87.5292499766	1113.002	673.694
49.0435007651994	84.7345722123422	1139.299	673.981
58.2972833621733	87.430790055368	2067.894	699.19
28.7055670355464	60.3696117043106	780.897	481.855
56.9488744409004	81.8108345513324	1050.782	659.498
72.6412418870065	97.7348818120946	1082.784	992.171
51.3373089301529	75.1169999064001	1360.056	622.958
1.30074895940083	17.5262259790192	1701.727	94.259
0.898049281560575	13.1857094514324	431.814	72.782
66.0895471283623	89.3737085010332	1184.933	742.716
67.7289958168033	94.1590046727963	1153.585	974.88
77.2955681635455	99.4738604209117	1095.954	1077.076
1.88752848997721	22.5291419766864	551.297	134.728
88.7152190278248	99.999640000288	1330.698	1218.226
63.7754989796008	95.6974634420292	2034.844	1578.978
81.6590946727243	99.957340034128	1132.315	1058.079
34.0773727381018	70.297143762285	1604.251	535.607
81.6744146604683	99.96220003024	1098.421	1057.48
39.053388757289	74.8106401514879	1330.124	592.598
91.5516967586426	99.999820000144	1325.847	1238.303
14.092228726217	50.2168998264801	1149.696	367.004
56.5703947436842	80.7148154281477	1006.198	653.835
85.0959019232785	99.973360021312	1302.004	1223.726
44.0658847472922	80.1841758526593	1095.601	606.049
52.2652881877694	77.8146577482738	984.237	655.761
33.1128435097252	61.2733909812872	785.113	477.947
71.3846728922617	94.6441042847166	2031.891	1585.829
34.0673427461258	70.1047239162209	973.348	542.144
19.0869747304202	55.4230356615715	1217.124	427.575
81.5615147507882	99.9283600573119	2086.536	1675.063
1.18209905432076	15.599327520538	401.646	89.796
1.70707863433709	19.7371642102686	251.674	128.262
19.0817447346042	55.4395956483235	1212.231	403.077
53.8630069095945	87.2806701754639	1978.276	682.567
23.9333308533353	57.822253742197	771.153	440.584
19.0839747328202	55.3413157269474	803.175	405.931
48.9379208496633	83.2501133999093	1874.629	660.549
63.5257691793847	93.729885016092	1222.892	1064.362
68.5799951360039	98.1361014911188	1143.525	1003.499
43.2977953617637	72.3981020815183	913.36	578.045
88.6890390487688	99.999460000432	1144.993	1036.877
