64.098348721321	64.4644284284573	4178.397	3015.139
49.0992807205754	49.4625204299837	3017.053	2270.026
34.0982027214378	34.4665524267581	2149.913	1565.178
0.200249839800128	0.560699551440359	86.858	11.158
0.899649280280576	1.26089899128081	152.979	37.672
1.90036847970522	2.26223819020945	239.44	89.135
0.601979518416385	0.960659231472615	133.9	26.113
89.100598719521	89.4631684294653	5521.755	4330.724
2.79903776076979	3.16133747093002	300.959	137.47
24.1009507192394	24.4686404250877	1704.243	1141.311
0.300609759512192	0.663839468928425	109.787	15.598
9.39798248161402	9.76211219031025	770.71	456.529
79.0993567205146	79.4650764279389	5082.964	3912.853
1.29989896008083	1.65797867361706	200.122	60.769
34.0974327220538	34.4618724305021	2191.717	1618.507
69.1011247191002	69.4653644277085	4203.149	3161.201
74.0980407215674	74.4659404272477	4854.961	3403.958
1.89869848104122	2.26295818963345	245.584	87.988
4.19961664030669	4.56965634427492	413.828	194.46
0.599519520384384	0.963539229168617	142.212	27.682
44.0992347206122	44.4612244310205	2809.97	2188.415
94.1015647187482	94.4619444304445	5739.982	4434.566
0.401539678768257	0.766799386560491	124.216	17.883
1.89959848032122	2.26259818992145	223.332	87.272
49.1001207199034	49.4672004262397	3305.769	2298.856
64.100598719521	64.4678484257213	3983.396	3020.809
84.1011927190458	84.4618724305021	5139.113	4177.458
0.0977599217920626	0.456479634816292	92.959	6.363
14.100278719777	14.4649684280253	1021.054	660.629
1.89967848025722	2.25647819481744	235.351	86.567
0.600079519936384	0.966419226864619	137.943	27.035
19.0983847212922	19.4641044287165	1397.412	912.012
59.0995627203498	59.4674524260381	3689.361	2605.165
74.0998407201274	74.4628804296957	4456.029	3606.802
54.0991867206506	54.4594964324029	3442.637	2587.236
0.199589840328128	0.56213955028836	85.461	11.853
89.099738720209	89.4638884288893	5518.667	4281.621
24.1011507190794	24.4688204249437	1646.246	1084.93
29.0997767201786	29.4582364334109	2005.561	1459.528
29.1003267197386	29.4677764257789	1962.173	1307.458
6.30259495792403	6.66647466682027	514.565	313.202
0.899919280064576	1.26755898595281	159.053	40.722
39.101098719121	39.4703684237053	2606.779	1803.614
39.099038720769	39.4669484264413	2495.135	1823.612
4.20091663926669	4.56461634830692	401.413	193.171
29.0970267223786	29.4630964295229	2047.087	1374.336
89.092568725945	89.3886484890812	5181.722	4215.65
0.301059759152193	0.665639467488426	110.263	15.115
49.0972707221834	49.4603604317117	3107.214	2310.036
89.100908719273	89.4651484278813	5454.28	4163.556
0.198889840888127	0.56249955000036	103.117	10.944
0.398009681592255	0.761759390592488	113.46	19.215
1.30059895952083	1.66733866612907	180.152	60.839
79.0997267202186	79.4672364262109	5065.403	3714.982
99.0909307272554	99.3869204904636	6068.391	4559.291
59.1006327194938	59.4672724261821	3762.588	2555.603
94.1005947195242	94.4597844321725	6007.926	4458.8
94.1001047199162	94.4642844285725	5809.778	4169.395
19.1002047198362	19.4606844314525	1324.929	903.645
69.1003447197242	69.4632044294365	4533.328	3202.46
44.0993547205162	44.4601444318845	2754.592	2128.97
2.80003775996979	3.16367746905802	289.533	129.804
79.1019167184666	79.4650764279389	4979.666	3846.423
39.099428720457	39.4642484286013	2623.536	1852.903
69.1004547196362	69.4698644241085	4398.716	3111.166
4.19737664209869	4.56659634672292	402.144	190.745
99.1007407194074	99.4646804282557	6026.902	4788.843
0.398819680944255	0.762119390304488	109.486	18.149
44.1017647185882	44.4693244245405	2972.039	2134.762
24.1013707189034	24.4720604223517	1602.103	1113.548
14.097568721945	14.4593884324893	1005.886	669.924
0.900719279424576	1.26251898998481	152.082	39.097
9.39937248050202	9.76103219117425	688.648	414.719
6.30113495909203	6.66629466696427	501.775	288.709
64.099648720281	64.4628084297533	4342.712	3083.194
64.098858720913	64.4629884296093	4011.152	3108.084
14.098548721161	14.4658684273053	1011.423	630.655
79.0990467207626	79.4641764286589	5033.61	3544.844
2.79907776073779	3.16547746761803	288.489	125.648
19.1004047196762	19.4646444282845	1379.452	925.956
59.0986027211178	59.4696124243101	3582.545	2777.56
0.100399919680064	0.449819640144288	91.6	7.644
84.0978927216858	84.4690724247421	5333.397	4094.871
34.0987127210298	34.4566524346781	2208.404	1607.314
0.599709520232384	0.962819229744616	138.193	27.116
54.1002167198266	54.4648964280829	3584.862	2733.743
0.400399679680256	0.762299390160488	118.652	19.836
44.1012947189642	44.4687844249725	2776.753	2085.035
94.0981847214522	94.4561844350524	5841.612	4548.815
54.1016367186906	54.4639964288029	3440.806	2623.241
99.0981407214874	99.4492004406396	6376.896	4758.909
39.099988720009	39.4694684244253	2577.521	1845.213
6.30086495930803	6.66485466811627	529.049	295.199
49.1009007192794	49.4654004276797	3118.794	2623.663
34.0978127217498	34.4624124300701	2039.119	1582.565
69.1000347199722	69.4677044258365	4294.242	3429.851
9.39999248000602	9.76229219016625	745.143	425.556
24.0996607202714	24.4670204263837	1675.146	1085.475
6.30157495874003	6.67025466379627	545.675	309.4
0.100389919688064	0.456839634528292	87.971	8.56
0.298369761304191	0.663659469072425	101.279	15.399
0.198269841384127	0.56285954971236	88.14	12.237
54.1004767196186	54.4639964288029	3511.634	2549.574
74.0989507208394	74.4558604353116	4604.778	3531.505
99.0909307272554	99.3869204904636	6434.883	4703.841
4.19920664063469	4.56137635089892	398.126	195.678
29.0965667227466	29.4668764264989	1932.577	1243.314
74.0996407202874	74.4688204249437	4691.054	3387.298
0.100599919520064	0.457739633808293	91.046	7.974
84.0980127215898	84.461152431078	5210.295	3883.992
1.29991896006483	1.66697866641707	173.764	57.887
84.1021127183098	84.4643924284861	5184.139	3862.052
59.1000627199498	59.4609724312221	3845.872	2949.044
0.298849760920191	0.663839468928425	120.107	15.029
14.100578719537	14.4644284284573	1027.479	670.37
1.29870896103283	1.66265866987306	193.883	59.43
19.1007247194202	19.4632044294365	1340.346	851.056
9.40039247968602	9.76499218800625	696.513	442.741
0.899899280080576	1.26809898552081	159.291	37.894
2.79898776080979	3.16277746977802	293.148	131.856
