44.1004447196442	47.7447818041746	1225.727	679.574
69.1042347166122	72.7366818106545	1269.264	735.197
0.396719682624254	2.36969810424152	1149.128	649.903
54.1018767184986	57.7304538156369	1237.976	688.609
89.101618718705	92.7474458020434	1258.252	715.091
19.0934647252282	22.7374018100786	1220.494	668.505
59.0981127215098	62.7546097963122	1246.486	689.503
34.1054227156618	37.7495698003442	1229.644	673.044
84.0936827250538	87.6912498470001	1211.788	726.301
79.0312467750026	82.0068543945165	1224.878	728.977
24.1035807171354	27.7250178199857	1226.58	663.974
4.19601664318669	7.84907372074102	1207.904	660.493
0.100179919856064	1.42199886240091	1156.884	672.939
9.39832248134202	13.0129095896723	1160.998	670.227
6.29297496562003	9.93167205466236	1143.105	659.398
0.201819838544129	2.35529811576151	1165.827	678.208
14.101118719105	17.7568057945554	1226.107	662.799
64.098918720865	67.7425858059314	1192.574	710.028
1.89546848362521	5.53697557041954	1189.19	636.052
0.300089759928192	2.94101764718588	1151.047	659.221
0.897909281672575	4.41233647013082	1205.884	655.514
98.6272010982391	99.99730000216	1278.101	725.565
2.79916776066579	6.42887485690011	1185.172	638.512
29.1030867175306	32.7363938108849	1173.891	693.145
0.398229681416255	3.37301730158616	1175.556	631.812
39.099428720457	42.7213458229233	1246.986	685.067
1.29708896232883	4.89401608478713	1212.672	655.831
94.0965847227322	97.7131018295185	1226.265	744.283
73.7009410392472	75.9262792589766	1261.563	708.799
49.1036007171194	52.7376178099057	1240.091	682.66
