1.11233911012871	18.0725255419796	1733.645	540.56
58.0880435295652	99.999820000144	1903.059	609.771
22.4453420437264	98.3375213299829	1773.846	589.57
47.0200323839741	99.989920008064	1861.019	585.564
41.6226467018826	99.977860017712	1771.531	591.304
0.133559893152085	2.37779809776152	1735.414	535.155
55.5428955656835	99.999640000288	1837.055	631.455
9.45805243355805	82.3434541252367	1819.457	533.211
38.1764694588244	99.92710005832	1791.568	587.842
6.39200488639609	69.0186047851162	1725.917	563.64
0.165059867952106	2.92103766316987	1746.331	531.016
0.249029800776159	4.38929648856281	1810.134	539.156
34.6130623095502	99.7737401810079	1853.993	592.086
19.5646443482845	97.5214019828784	1848.4	616.397
29.8923860860911	99.1115207107834	1918.1	570.745
44.5616643506685	99.989920008064	1787.354	614.854
52.6485578811537	99.998920000864	1816.204	610.023
15.9446572442742	94.5438443649245	1840.522	554.785
27.6094979124017	98.9853408117274	1832.946	557.048
11.5732207414234	85.987911209671	1799.94	541.002
23.2102114318309	97.2130622295502	1858.034	559.963
2.70824783340173	38.6400290879767	1742.274	552.924
3.55190715847427	46.3670629063497	1814.071	529.895
0.0621799502560398	1.11473910820871	1791.143	531.144
1.80172855861715	27.7397778081778	1744.999	554.501
0.805449355640515	13.4917092066326	1752.141	541.421
0.614629508296393	10.5051515958787	1812.86	549.065
60.5342915725667	99.999820000144	1855.525	586.972
50.2508797992962	99.998020001584	1871.751	578.764
0.407049674360261	7.07525433979653	1807.179	522.238
