0.399159680672255	3.34385732491414	975.897	498.063
0.300349759720192	2.92679765856187	966.653	485.275
19.1002747197802	22.7260618191505	976.118	527.913
94.0963347229322	97.6828618537105	1064.324	607.65
34.1038027169578	37.7340898127282	1013.685	543.638
49.0960907231274	52.7275378179697	1019.977	550.778
6.29769496184403	9.93473205221436	980.708	511.615
53.8377069298345	56.234295012564	1015.721	559.851
59.0998327201338	62.7303098157522	1039.057	555.179
1.29901896078483	4.88807608953913	985.869	495.579
79.1000767199386	82.6670938663249	1045.08	560.307
4.20130663895469	7.83593373125302	1043.039	521.02
44.1011047191162	47.7257018194385	1031.547	530.297
0.899269280584576	4.43303645357084	999.57	500.546
1.90366847706522	5.54435556451555	1008.567	512.366
74.0820307343754	77.4064180748655	1043.214	546.071
64.100438719649	67.7276458178833	1051.532	554.766
2.8083777532978	6.45821483342813	980.938	502.454
29.0424367660506	32.1103543117165	998.944	539.657
0.597749521800383	3.9130168695865	989.974	509.379
0.202009838392129	2.35205811835351	992.682	512.719
98.6272010982391	99.99730000216	1048.71	579.832
84.1008527193178	87.7475898019282	1080.789	589.138
0.0996799202560638	1.44125884699292	997.766	501.357
9.40290247767802	13.0591695526644	1005.915	493.213
69.1016447186842	72.7280418175665	1029.052	565.42
39.101908718473	42.7380858095314	993.187	541.394
89.097498722001	92.7337658129873	1055.558	584.634
14.103078717537	17.7317858145713	1000.829	523.332
24.0990507207594	27.7408578073138	990.808	503.62
