84.0993627205098	84.4654724276221	1926.057	805.678
54.1010267191786	54.4735364211709	1330.831	499.186
49.0991607206714	49.4645004283997	1226.996	454.362
94.0995047203962	94.4633844292925	2068.884	1614.011
34.1018827184938	34.4634924292061	882.724	318.294
19.0994047204762	19.4664444268445	554.662	186.526
0.299279760576192	0.669599464320428	74.97	3.876
89.098738721009	89.4685684251453	2016.428	847.279
44.1014447188442	44.4714844228125	1056.044	433.972
79.1007567193946	79.4638164289469	1894.608	737.408
6.29953496037203	6.66575466739627	248.207	60.733
1.30070895943283	1.66679866656107	127.154	12.706
0.600299519760384	0.971999222400622	82.108	6.502
14.099148720681	14.4619084304733	425.715	136.036
2.80041775966579	3.16439746848203	147.511	26.988
29.0980967215226	29.4625564299549	797.437	270.689
1.89964848028122	2.26385818891345	128.469	18.139
0.198969840824127	0.564479548416361	62.124	3.124
24.0995207203834	24.4632404294077	647.868	235.523
4.19916664066669	4.56137635089892	218.509	40.367
0.101039919168065	0.456479634816292	54.6	2.303
0.401159679072257	0.763739389008489	87.528	5.042
9.40101247919002	9.76373218901425	349.414	88.636
64.090248727801	64.3850484919612	1487.741	595.206
0.900399279680576	1.26341898926481	88.457	9.434
39.102548717961	39.4637084290333	960.151	379.544
59.0997027202378	59.4660124271901	1373.822	578.412
74.1006107195114	74.4664804268157	1727.85	702.824
69.1027347178122	69.4603244317405	1607.496	662.319
99.0989007208794	99.4493804404956	2186.567	1614.375
0.100199919840064	0.448379641296287	53.479	2.182
0.599609520312384	0.970199223840621	87.417	6.968
9.39932248054201	9.76625218699825	352.857	86.179
74.1001707198634	74.4700804239357	1756.193	707.354
49.0987107210314	49.4666604266717	1232.351	457.138
1.29895896083283	1.66373866900906	123.053	12.425
69.1018747185002	69.4650044279965	1627.053	669.523
1.89967848025722	2.26223819020945	131.674	18.002
0.900389279688576	1.26557898753681	91.934	9.839
0.398369681304255	0.759239392608486	84.184	4.644
84.1006327194938	84.4652924277661	1987.937	759.519
2.80103775916979	3.17123746301003	145.208	26.904
39.099758720193	39.4658684273053	1006.266	371.107
34.1004627196298	34.4669124264701	861.004	336.35
29.1006867194506	29.4656164275069	770.356	286.915
59.1017927185658	59.4616924306461	1393.988	573.613
79.1016167187066	79.4625564299549	1803.744	746.057
94.1004847196122	94.4619444304445	2065.541	1620.738
64.100798719361	64.4617284306173	1501.7	612.821
14.096158723073	14.4635284291773	429.139	135.11
0.200109839912128	0.566819546544363	61.88	3.208
6.29919496064403	6.66215467027626	264.128	60.041
44.0996447202842	44.4662644269885	1110.053	414.062
0.301589758728193	0.667439466048427	74.057	4.281
4.19877664097869	4.55957635233892	217.405	39.74
89.100728719417	89.4640684287453	2239.09	977.011
19.0994347204522	19.4626644298685	555.498	185.451
24.0980307215754	24.4607204314237	667.321	227.883
99.0909307272554	99.3869204904636	2090.956	1689.014
54.0999367200506	54.4627364298109	1317.857	498.708
94.0991147207082	94.4511444390844	2114.009	1572.298
59.1006327194938	59.4687124250301	1385.906	564.306
34.1026527178778	34.4708724233021	888.525	321.429
14.100368719705	14.4646084283133	426.689	135.058
44.1007447194042	44.4597844321725	1073.466	426.342
0.900569279544576	1.26431898854481	95.49	10.038
24.1013607189114	24.4610804311357	658.485	224.195
89.098688721049	89.4606484314813	2089.329	831.91
29.1001167199066	29.4629164296669	789.687	275.227
0.399339680528256	0.761759390592488	84.392	5.175
1.30404895676083	1.66859866512107	126.566	12.739
6.29936496050803	6.66881466494827	256.863	57.118
79.1000267199786	79.4690364247709	1885.577	721.306
2.79973776020979	3.16421746862602	155.003	26.609
0.600279519776384	0.970019223984621	84.962	6.41
4.19897664081869	4.56101635118692	219.998	39.514
49.0981907214474	49.4594604324317	1197.292	473.867
99.0989007208794	99.4493804404956	2185.622	1632.519
19.0995247203802	19.4651844278525	578.4	181.742
0.199519840384128	0.559979552016358	61.743	3.106
39.100548719561	39.4637084290333	978.414	379.316
9.40061247951002	9.75797219362225	362.219	89.06
0.300889759288193	0.662939469648424	75.376	4.212
54.0997067202346	54.4683164253469	1294.939	519.959
84.1000627199498	84.4638524289181	2000.871	778.595
64.100178719857	64.4689284248573	1506.851	619.605
1.90008847992922	2.27051818358545	130.123	17.635
74.0992907205674	74.4673804260957	1789.912	679.796
69.1009847192122	69.4666244267005	1612.17	659.876
0.0997399202080638	0.458459633232293	57.367	2.502
99.1008507193194	99.4645004283997	2087.77	1717.432
0.397499682000254	0.759959392032486	83.825	4.636
6.29748496201203	6.66341466926826	241.934	59.363
49.0987607209914	49.4592804325757	1238.802	461.079
54.0982467214026	54.4627364298109	1276.742	520.474
0.299339760528192	0.661139471088423	77.58	4.405
9.40221247823002	9.76715218627825	370.199	88.143
69.0986447210842	69.4594244324605	1595.657	662.565
0.0990899207280634	0.449999640000288	53.674	2.136
84.0996927202458	84.4690724247421	1910.163	797.462
4.20068663945069	4.56569634744292	223.553	39.739
19.0997547201962	19.4655444275645	575.189	193.388
64.099508720393	64.4656884274493	1561.112	594.409
14.100068719945	14.4637084290333	445.307	131.379
79.1012567189946	79.4639964288029	1829.333	742.616
59.0995927203258	59.4660124271901	1445.784	543.893
0.200589839528128	0.561599550720359	62.072	3.306
29.1000667199466	29.4688564249149	796.321	272.116
0.600769519384384	0.964619228304617	84.067	6.599
1.29988896008883	1.66553866756907	125.54	12.73
1.90053847956922	2.26619818704145	131.216	17.974
0.900339279728576	1.26791898566481	90.805	9.172
2.80166775866579	3.16637746689803	150.628	26.721
74.0999907200074	74.4672004262397	1817.324	680.239
34.0990427207658	34.4624124300701	866.677	318.824
