0.399119680704255	0.761759390592488	1157.646	670.973
2.79974776020179	3.16061747150602	998.537	788.114
1.29950896039283	1.66355866915306	1090.303	588.457
2.80017775985779	3.16745746603403	1153.704	655.672
0.900069279944576	1.26503898796881	1068.699	762.792
0.599709520232384	0.959579232336614	1071.473	779.536
0.0996799202560638	0.454319636544291	1190.735	640.644
0.100919919264065	0.456119635104292	1182.944	622.68
4.20168663865069	4.56299634960292	1217.04	658.157
1.89881848094522	2.26691818646545	1064.864	538.61
0.198959840832127	0.56177955057636	1071.595	550.563
9.40047247962202	9.76517218786225	1157.692	679.575
1.30172895861683	1.66085867131306	1147.799	661.151
4.20038663969069	4.56317634945892	1191.431	641.891
6.30015495987603	6.66395466883626	1078.12	737.047
0.201449838840129	0.561239551008359	1168.537	677.836
0.100249919800064	0.455759635392292	1082.356	592.508
0.400399679680256	0.762299390160488	1068.506	797.904
0.899369280504576	1.26845898523281	1013.802	598.536
9.39966248027002	9.76391218887025	1075.559	628.157
0.398889680888255	0.761579390736487	1066.774	573.92
0.201099839120129	0.565919547264362	1058.022	802.482
0.901679278656577	1.26503898796881	1177.086	632.039
4.20007663993869	4.56569634744292	1075.426	795.959
2.79911776070579	3.16079747136202	1146.128	665.032
1.90002847997722	2.26223819020945	1187.749	631.045
2.79911776070579	3.16079747136202	1092.013	788.715
0.599459520432384	0.967319226144619	1008.983	601.604
1.89925848059322	2.26655818675345	1192.47	638.19
0.300389759688192	0.663299469360424	1078.847	803.266
6.30012495990003	6.67043466365227	1163.775	664.527
6.30135495891603	6.66611466710827	1215.958	659.132
0.300599759520192	0.663839468928425	1218.732	669.022
6.29986496010803	6.66179467056426	1043.938	817.49
0.599769520184384	0.954899236080611	1157.197	656.7
1.29973896020883	1.66895866483307	1149.726	667.481
0.299849760120192	0.664739468208425	1148.798	651.715
9.39966248027002	9.76391218887025	1074.656	630.696
0.901179279056577	1.26665898667281	1213.199	661.325
1.90068847944922	2.26421818862545	1083.08	594.421
4.19845664123469	4.56137635089892	1032.259	656.919
1.30093895924883	1.67165866267307	1067.403	544.205
0.400699679440256	0.767159386272491	1198.573	656.737
0.100639919488064	0.458459633232293	1102.752	559.769
9.39940248047801	9.76337218930225	1151.665	660.804
0.199319840544128	0.567539545968363	1204.932	656.147
0.599259520592384	0.966059227152618	1171.725	668.436
0.300529759576192	0.664019468784425	1088.251	810.924
