1.30257895793683	4.91597606721915	380.099	92.073
49.1049907160074	52.7610177911858	3834.612	2904.535
84.1041927166458	87.7236498210801	6299.03	4654.345
0.299119760704191	2.94911764070589	321.334	39.983
0.0998199201440639	1.43171885462492	352.16	29.186
34.1038027169578	37.7340898127282	2958.865	2081.737
69.1042047166362	72.7381218095026	5411.636	4500.136
0.602609517912386	3.9050968759225	334.399	58.185
93.9044848764121	96.4225028619977	7094.876	5980.563
4.20022663981869	7.83341373326901	578.284	228.161
74.0996707202634	77.7484178012658	5653.089	4284.733
59.0985027211978	62.7403898076882	4531.02	3566.57
79.1013067189546	82.7410738071409	6039.34	4467.848
54.1000267199786	57.7331538134769	4203.596	3141.74
98.6272010982391	99.99730000216	7259.174	6593.931
0.200469839624128	2.35367811705751	303.242	38.796
14.096348722921	17.7366458106834	1315.177	790.353
6.29831496134803	9.96407202874238	728.845	359.657
1.90095847923322	5.52923557661154	405.167	116.99
0.902779277776578	4.44617644305885	369.119	69.77
0.398009681592255	3.34277732577814	337.33	47.48
44.1046347162922	47.7564817948146	3510.203	2565.877
2.80339775728179	6.44831484134813	456.017	167.028
19.0969547224362	22.7262418190065	1733.134	1108.652
39.099068720745	42.7377258098194	3159.367	2236.489
64.098568721145	67.7415058067954	4815.905	3817.03
29.0982167214266	32.7252338198129	2347.793	1738.064
9.39947248042202	13.0525095579924	979.087	565.065
24.0972207222234	27.7428378057298	2099.762	1501.432
89.099668720265	92.7305258155793	6749.484	4984.138
