0.00224999820000144	0.0399599680320256	11.975	0.581
57.3123141501487	60.954791236167	3323.392	1436.066
1.06362914909668	4.61915630467496	873.668	31.113
18.2002654397876	21.838122529502	1618.459	455.279
0.00909999272000582	0.160559871552103	46.361	1.121
97.1365622907502	99.6221803022558	4824.246	2333.681
0.478549617160306	3.62555709955432	816.207	19.929
27.3076681538655	30.9462952429638	2019.273	700.916
0.14007988793609	1.84643852284918	504.037	7.158
77.3053681557055	80.9432352454118	4143.682	1951.368
0.0282499774000181	0.478259617392306	133.382	3.371
0.00386999690400248	0.068759944992044	20.261	0.725
1.59402872477702	5.20883583293133	916.165	50.238
0.0634199492640406	0.98477921217663	273.475	3.838
0.0131399894880084	0.229859816112147	65.044	1.36
0.319499744400204	3.03173757460994	725.927	15.351
47.3079721536223	50.9381592494726	2852.473	1170.557
0.715829427336458	4.14989668008266	872.088	26.916
0.0415999667200266	0.683099453520437	187.723	2.663
0.0186499850800119	0.323639741088207	92.66	1.602
5.08944592844326	7.44353404517276	740.033	136.936
8.08595353123718	11.6269106984714	1178.429	213.173
37.3079501536399	40.9258472593222	2517.432	915.211
0.00303999756800195	0.0541799566560347	16.025	0.684
0.0944399244480604	1.37429890056088	381.223	5.035
0.000779999376000499	0.014039988768009	4.816	0.494
67.3087461530031	70.9401032479174	3711.99	1680.524
0.00564999548000362	0.100259919792064	29.371	0.85
87.3118201505439	90.9263872588902	4715.351	2099.092
12.1387002890398	15.7840073727941	1389.507	315.762
0.190449847640122	2.12435830051336	538.927	8.906
3.5875471299623	7.10891431286855	959.427	98.406
2.39369808504153	6.01559518752385	953.135	69.955
