74.0977407218074	77.7507577993938	1758.424	726.96
0.899499280400576	4.42259646192283	105.556	23.204
1.89819848144121	5.53247557401954	124.678	36.642
1.29970896023283	4.91381606894714	109.577	28.564
39.098978720817	42.7314258148593	1074.697	384.543
64.099788720169	67.7508657993074	1589.812	607.049
6.30581495534804	9.96821202543038	304.303	79.492
48.8655709075433	51.3174189460648	1223.68	488.95
98.6670410663671	99.999640000288	2282.887	919.682
84.0996227203018	87.7684697852242	2173.858	782.764
89.044748764201	92.114566308347	2117.832	826.21
24.0994207204634	27.7489578008338	725.732	247.662
19.0988547209162	22.7523417981266	629.292	206.128
29.1046567162746	32.754393796485	825.138	307.092
0.199919840064128	2.35259811792151	67.188	10.516
44.1008447193242	47.7325418139665	1122.568	442.899
54.1021967182426	57.739633808293	1351.559	542.398
78.6984270412584	80.9324352540518	1903.568	722.574
59.1091827126538	62.7299498160401	1461.334	586.715
34.0931327254938	37.7355298115761	895.936	351.172
4.20475663619469	7.82999373600501	233.426	56.179
14.100488719609	17.7503257997394	516.992	156.16
0.400029679976256	3.37085730331416	84.039	16.108
0.599729520216384	3.91499686800251	102.196	22.799
9.39795248163801	13.0422495662003	373.566	107.157
94.0018547985162	96.826242539006	2174.945	869.775
0.0981599214720628	1.4054388756489	53.002	6.394
0.298979760816191	2.94695764243389	73.072	13.192
69.0732547413962	72.3309621352303	1754.61	666.449
2.80106775914579	6.43157485474012	169.778	45.194
