2.14917828065738	30.5974555220356	8302.287	119.581
8.00744359404512	55.5807155354276	9408.539	393.463
3.14920748063402	40.0550079559936	10280.584	173.104
0.0113099909520072	0.20321983742413	58.622	0.755
30.9180752655398	88.1873294501364	13041.627	1521.438
58.5961431230855	99.8070401543679	16573.569	3537.306
0.00175999859200113	0.0316799746560203	9.618	0.45
0.607399514080389	10.1510918791265	2787.796	37.256
7.27640417887666	64.9896680082656	12611.951	367.667
0.0239599808320153	0.430019655984275	119.041	1.221
0.116279906976074	2.06171835062532	573.512	6.52
0.00256999794400164	0.0462599629920296	13.81	0.461
13.9011488790809	70.0014039988768	11325.856	677.008
0.0458399633280293	0.820259343792525	228.596	2.545
0.268259785392172	4.67729625816299	1289.805	17.551
0.0117499906000075	0.211319830944135	60.119	0.796
51.7745785803371	99.8182001454399	15922.171	3253.524
0.826569338744529	12.7961897630482	3527.48	48.115
78.6728770616983	100.0	15488.674	5314.83
0.0348499721200223	0.6251394998884	174.716	1.979
0.744649404280477	12.0131903894477	3299.674	43.129
0.000739999408000474	0.0133199893440085	4.658	0.443
0.394749684200253	6.76655458675633	1861.172	24.479
72.4491920406464	99.997120002304	15220.561	4488.922
3.50037719969824	38.3444693244245	8392.963	180.589
0.00565999547200362	0.101879918496065	29.427	0.577
0.00165999867200106	0.0298799760960191	9.038	0.443
43.5614851508119	99.4526204379036	15698.917	2710.053
65.3408677273058	99.93790004968	14961.982	4007.025
0.185319851744119	3.26429738856209	904.343	10.17
0.0814099348720521	1.44971884022493	404.833	4.61
23.1495714803428	84.2705325835739	12919.145	1189.484
0.00769999384000493	0.138419889264089	39.042	0.642
