54.0568067545546	57.1926142459086	3555.781	1300.934
39.093728725017	42.7404258076594	2612.881	936.45
84.0912127270298	87.7213098229521	3844.808	1994.1
6.29552496358003	9.93221205423036	371.343	156.445
69.0947747241802	72.7392018086386	3286.606	1706.141
34.0951227239018	37.7254498196401	1772.185	807.283
14.095108723913	17.7245858203313	772.776	352.74
64.102968717625	67.7328658137073	3038.951	1588.865
19.0941347246922	22.7307418154065	1322.498	465.428
74.1029207176634	77.7412178070257	4811.84	1844.218
0.598809520952383	3.9139168688665	140.542	23.002
4.19827664137869	7.83917372866102	289.258	109.054
49.0959007232794	52.7289778168177	2457.121	1155.146
74.0983607213114	77.7359978112018	3639.465	1757.196
29.1007367194106	32.735493811605	1913.616	724.786
34.1064627148298	37.7420098063922	1775.618	839.79
79.0977067218346	82.7360338111729	3956.885	1951.11
0.401489678808257	3.38381729294617	93.346	13.178
0.199799840160128	2.3491781206575	199.989	7.333
6.29723496221203	9.93167205466236	396.958	155.39
0.0988999208800633	1.4124588700329	34.035	4.149
94.0851947318442	97.5665819467344	4806.037	4711.252
39.101538718769	42.7559057952754	2027.255	927.788
69.0952847237722	72.7330818135346	3261.765	1629.747
89.094908724073	92.7332258134194	4312.803	2214.77
59.0949427240458	62.7151898278481	2877.216	1386.758
0.198869840904127	2.3459381232495	57.611	6.586
29.0973167221466	32.759433792453	1513.037	718.367
34.0985127211898	37.7198698241041	2213.364	844.459
29.0984167212666	32.742873805701	1382.443	708.008
98.6706310634952	99.999820000144	4600.13	4413.604
4.19668664265069	7.82657373874101	281.576	105.426
6.30333495733203	9.94967204026237	513.962	159.665
0.298309761352191	2.93687765049788	82.093	10.007
88.9821988142409	91.7291866166507	4207.175	2179.053
0.599499520400384	3.9133768692985	101.891	21.33
54.1041767166586	57.7311738150609	2547.331	1318.98
0.397469682024254	3.35393731685015	109.73	12.161
0.298959760832191	2.94335764531388	99.969	14.355
44.0988547209162	47.7314618148305	2837.202	1093.131
24.0937007250394	27.7242978205617	1586.205	597.277
2.80300775759379	6.44489484408412	283.091	78.495
0.398619681104255	3.34727732217814	81.216	16.675
79.1006267194986	82.7227138218289	3681.076	1947.262
9.39605248315801	13.0336095731123	731.867	231.81
94.0942547245962	97.7278618177105	4614.528	4224.172
39.101638718689	42.7460058031954	1932.682	957.644
9.39394248484601	12.9295696563443	685.095	222.696
0.302759757792194	2.95901763278589	241.579	10.995
98.6644410684471	99.999820000144	5107.815	4930.711
79.0983367213306	82.738193809445	3942.77	1893.966
0.0999199200640639	1.41893886484891	45.101	4.049
2.79837776129779	6.44795484163613	374.106	68.289
0.200929839256129	2.35763811388951	77.553	8.053
59.0942227246218	62.7411098071122	2809.649	1406.351
19.1024047180762	22.7402818077746	1038.744	457.997
9.39777248178201	13.0408095673523	549.495	228.557
84.0987827209738	87.7321098143122	5491.252	2044.248
98.6707310634151	99.999640000288	6135.94	5082.857
74.0970707223434	77.7363578109137	3459.222	1764.754
0.596229523016382	3.89627688297849	274.611	17.425
0.600679519456384	3.91841686526651	111.002	20.756
54.0991267206986	57.742873805701	2722.449	1290.714
24.0969707224234	27.7323978140818	1116.075	582.488
64.103058717553	67.7402458078033	3241.631	1577.498
98.6255910995271	99.99910000072	4622.556	4558.614
59.0965927227258	62.7382298094162	3038.032	1396.497
39.102968717625	42.7497858001714	1847.372	932.833
0.397889681688255	3.35573731541015	263.538	13.825
4.20016663986669	7.82621373902901	447.428	107.59
44.0934647252282	47.7374018100786	2278.188	1049.438
34.1006227195018	37.7330098135921	1579.094	826.165
0.198019841584127	2.31983814412948	44.845	9.726
0.0988999208800633	1.4124588700329	123.701	3.735
49.0964907228074	52.7390578087538	2491.29	1158.215
94.0877047298362	97.6108619113105	4341.667	4471.386
29.1074467140426	32.7356738114609	1530.82	690.696
88.9821988142409	91.7291866166507	5681.408	2322.003
59.0995527203578	62.7481298014962	3794.389	1471.192
14.097648721881	17.7370058103954	881.729	337.918
14.033278773377	17.0233063813549	989.098	337.759
6.29723496221203	9.93167205466236	536.36	154.829
0.298319761344191	2.94533764372988	67.278	12.836
69.0955047235962	72.7447818041746	4532.04	1674.505
54.0975867219306	57.735313811749	2707.983	1334.629
24.0985007211994	27.7545377963698	1256.437	593.828
74.1019307184554	77.7525577979538	3785.861	1758.568
44.0994547204362	47.7399218080626	2118.808	1036.551
79.0957967233626	82.742333806133	5192.094	1910.21
49.0969607224314	52.7437378050098	2539.885	1166.425
19.1016847186522	22.7453218037426	933.385	451.426
9.40260247791802	13.0296495762803	516.881	226.347
19.1002447198042	22.7469418024466	1096.873	475.557
44.1005947195242	47.7309218152625	2200.484	1070.823
94.0880847295322	97.6385818891345	5993.854	4910.434
64.100218719825	67.7263858188913	2981.98	1570.773
14.097398722081	17.7335858131313	734.038	336.97
84.0998027201578	87.7304898156082	4262.907	2008.629
0.0992699205840635	1.42757885793691	23.254	4.456
49.1051807158554	52.7471578022738	3119.031	1238.414
4.19897664081869	7.84223372621302	380.397	107.466
69.0996847202522	72.7438818048946	3531.676	1638.495
64.103358717313	67.7470858023314	4226.537	1536.266
24.1021907182474	27.7313178149457	1279.762	586.929
89.093068725545	92.7325058139953	4557.226	2271.148
84.0994927204058	87.7398498081202	3988.904	1998.026
0.403129677496258	3.37499730000216	260.421	13.689
39.105388715689	42.7586057931154	1810.572	923.268
34.0954927236058	37.7270698183441	1720.088	840.65
79.0950167239866	82.7394538084369	3759.954	1933.753
4.20140663887469	7.83053373557301	284.405	105.575
69.0923947260842	72.7294818164145	3536.944	1637.649
0.302079758336193	2.95289763768189	71.666	13.953
19.0962147230282	22.7276818178545	933.263	471.274
9.40689247448602	13.0481895614484	513.83	232.599
44.0996447202842	47.7235418211665	2283.358	1043.863
78.9281968574425	81.5258947792842	5133.138	1911.32
19.1029747176202	22.7431618054706	1006.994	471.933
64.096818722545	67.7539257968594	3309.54	1522.141
98.6707310634151	99.999640000288	4676.06	4359.014
69.0291147767082	72.0125423899661	3447.851	1636.238
84.0672027462378	87.3404301276559	4230.226	2077.184
2.79796776162579	6.43031485574812	285.867	80.262
6.29899496080403	9.94247204602236	370.752	158.944
0.596349522920382	3.9085168731865	282.928	17.56
14.099498720401	17.7263858188913	722.535	333.878
6.29509496392403	9.92879205696635	397.41	155.8
88.9821988142409	91.7291866166507	4136.584	2253.668
89.077428738057	92.4101260718991	5831.512	2203.347
4.20469663624269	7.87121370302904	389.344	108.787
0.201299838960129	2.36987810409752	57.095	7.743
84.0953327237338	87.7283298173361	3967.954	2066.323
9.40244247804602	13.0264095788723	697.193	224.691
14.098418721265	17.7348458121233	759.668	348.156
39.103228717417	42.7326858138513	2520.412	980.162
74.1036407170874	77.7563377949298	3554.345	1809.333
14.104738716209	17.7343058125553	992.637	355.96
9.37961249631	12.7211298230961	531.568	235.428
93.8668749065001	96.3274629380297	6161.073	4698.23
54.1014067188746	57.736213811029	2522.398	1314.231
74.0920007263994	77.6542778765777	4746.79	1844.275
0.397109682312254	3.35933731253015	83.294	16.936
58.9561428350857	61.6292506965994	2928.306	1383.034
0.0997799201760639	1.42883885692891	45.73	4.208
0.200029839976128	2.3405381275695	198.332	7.233
2.79545776363379	6.42365486107611	213.261	69.67
9.38857248914201	12.9972496022003	708.937	230.067
59.1025327179738	62.7333698133042	3888.584	1437.516
64.094698724241	67.7361058111154	2942.532	1561.71
4.19778664177069	7.85573371541303	281.539	111.407
0.600249519800384	3.89501688398649	129.029	16.763
64.103218717425	67.7341258126993	3003.198	1565.116
0.601949518440385	3.9036568770745	115.913	21.37
93.746845002524	96.0119231904614	4276.377	4414.004
49.0295907763274	52.0174383860493	2349.369	1214.466
0.402599677920258	3.38453729237017	95.785	16.177
0.601409518872385	3.9061768750585	99.652	22.262
74.0973507221194	77.7327578137938	3690.545	1819.495
0.0994599204320637	1.42829885736091	124.741	3.593
0.300559759552192	2.95649763480189	81.912	13.019
0.144429884456092	1.62953869636904	33.826	5.74
49.1002807197754	52.7350978119217	2469.497	1207.767
69.0144547884362	71.91156247075	3274.963	1635.158
34.0982427214058	37.7267098186321	1739.229	840.937
29.0988767208986	32.741793806565	1479.028	713.108
0.198489841208127	2.32937813649749	76.056	7.182
74.1004007196794	77.7381578094737	3551.203	1777.173
79.0900067279946	82.6651138679089	4060.771	1887.421
59.0950027239978	62.7328298137361	2945.889	1400.127
6.29801496158803	9.93311205351036	537.025	155.696
2.80288775768979	6.43247485402012	371.816	75.259
54.0973367221306	57.736933810453	2813.457	1279.274
79.1006267194986	82.7227138218289	3633.784	1947.573
69.0992847205722	72.7291218167025	4547.236	1662.827
4.20223663821069	7.83395373283701	449.895	106.189
89.094688724249	92.7254858196114	4205.381	2297.264
44.0991747206602	47.7269618184305	2353.069	1039.231
0.301529758776193	2.9701776238579	241.934	9.463
49.0897707281834	52.7356378114898	2295.795	1207.655
6.29890496087603	9.92357206114235	492.677	161.33
34.1006227195018	37.7330098135921	1641.967	802.414
84.0947927241658	87.7387698089842	5555.929	2035.317
54.1052067158346	57.752593797925	3593.883	1310.108
59.0983827212938	62.7205898235281	2642.116	1439.674
2.80028775976979	6.43247485402012	215.314	78.242
19.1007847193722	22.7402818077746	1345.961	466.258
44.0991647206682	47.7392018086386	2937.208	1085.382
98.6491910806471	99.99910000072	4917.24	5102.662
54.0945267243786	57.738373809301	2692.105	1277.125
24.1042107166314	27.7482378014098	1324.323	588.768
34.0965927227258	37.7353498117201	2270.21	815.95
24.0973607221114	27.7395978083218	1270.502	572.419
24.1011407190874	27.7491378006898	1191.577	569.231
0.100039919968064	1.42595885923291	34.503	3.919
98.6255910995271	99.99910000072	4573.254	4295.797
29.1054367156506	32.744853804117	1901.687	696.264
83.7458930032856	86.0334511732391	3671.799	2058.529
64.098168721465	67.7496058003154	4071.553	1636.386
29.1003867196906	32.7273938180849	1387.612	681.778
94.0954447236442	97.7293018165585	4769.368	4936.897
0.100139919888064	1.43333885332892	26.654	5.61
39.098578721137	42.7292658165873	1970.278	972.25
39.097148722281	42.7433058053554	2001.195	947.521
14.100088719929	17.7532057974354	869.512	339.075
19.0949847240122	22.7051818358545	1093.668	468.339
89.094688724249	92.7254858196114	4448.505	2238.722
98.6633210693431	99.999280000576	6352.885	4881.284
0.303049757560194	2.95685763451389	95.991	9.855
93.9283248573401	96.5128627897098	4426.524	4263.925
44.1007247194202	47.7422618061906	2097.417	1035.524
0.403909676872258	3.37823729741016	116.727	12.274
49.0980707215434	52.7370778103378	3202.946	1197.78
24.1031507174794	27.7419378064498	1594.721	606.946
29.1033767172986	32.7380138095889	1537.591	716.458
29.0957967233626	32.7331538134769	1403.429	718.438
0.299499760400192	2.95505763595389	246.872	10.532
79.0954567236346	82.740173807861	5044.658	1918.032
0.598529521176383	3.9110368711705	137.521	17.595
4.20384663692269	7.84097372722102	273.726	109.956
29.0321467742826	32.0086543930765	1531.192	684.144
64.100968719225	67.7445658043474	2829.989	1563.953
98.6292410966071	99.997840001728	4921.191	5061.689
0.201559838752129	2.3468381225295	77.97	7.535
84.0980827215338	87.7306698154642	5299.858	2098.329
54.0992167206266	57.746653802677	2636.905	1318.986
94.0144947884042	96.907782473774	4331.291	4325.116
89.019128784697	91.9109864712108	4529.643	2190.561
24.0006007995194	26.8208785432972	1271.946	571.214
54.1031467174826	57.7281138175089	2783.906	1279.528
0.0989499208400633	1.42433886052891	34.495	3.654
74.1046507162794	77.7404978076018	3516.789	1766.046
4.19741664206669	7.83719373024502	369.157	110.349
64.030528775577	67.0260063791949	3224.994	1505.747
14.100148719881	17.7483458013234	749.667	334.822
6.29937496050003	9.92609205912635	372.273	159.186
19.0979147216682	22.7557617953906	1092.488	472.767
39.102528717977	42.7613057909554	1939.054	932.978
69.1054647156282	72.7294818164145	3558.339	1695.965
0.301129759096193	2.95901763278589	73.525	13.207
0.200539839568128	2.3455781235375	197.977	7.575
84.0993227205418	87.7286898170481	3978.208	2012.592
59.0982227214218	62.7353498117201	2963.468	1412.119
79.0973067221546	82.7050738359409	4012.968	1952.226
14.097848721721	17.7463658029074	855.75	345.518
29.1010167191866	32.747013802389	1912.93	730.787
24.0960307231754	27.7374378100498	1180.047	566.825
14.106838714529	17.7391658086674	797.148	340.555
4.20589663528269	7.84097372722102	438.451	104.168
0.201549838760129	2.35997811201751	58.464	7.756
59.0980427215658	62.7522697981842	3925.252	1423.959
34.1000027199978	37.7277898177681	2215.669	844.01
19.0977747217802	22.7426218059026	1032.635	471.952
94.0880847295322	97.6385818891345	4732.408	4871.989
34.0987327210138	37.7229298216561	1776.924	815.144
64.098058721553	67.7272858181713	3268.921	1519.46
94.0856447314842	97.5984419212465	6135.774	4715.412
0.600269519784384	3.91445686843451	108.592	21.672
89.095178723857	92.7294458164433	4275.321	2300.399
94.0945947243242	97.7060818351345	4568.344	4212.382
69.0986747210602	72.7294818164145	3500.4	1635.742
59.0981327214938	62.7369698104241	2807.245	1456.338
69.0909547272362	72.6677418658065	3150.241	1628.642
88.8338889328889	91.2244670204264	4107.937	2261.092
14.097418722065	17.7415058067954	975.484	356.18
49.1025707179434	52.7491378006898	3157.948	1222.787
34.1010827191338	37.7337298130161	1807.479	809.312
0.200699839440128	2.35403811676951	48.32	8.527
19.0900247279802	22.7465818027346	957.511	458.255
74.0920607263514	77.6926178459057	3593.392	1756.861
44.0975447219642	47.7406418074866	2280.36	1057.963
84.0955227235818	87.7427298058162	4049.177	2036.687
2.79953776036979	6.44561484350813	393.734	74.647
79.0996867202506	82.7279338176529	3767.877	1919.886
