0.00106999914400068	0.0188999848800121	1.471	0.437
0.00216999826400139	0.039059968752025	2.124	0.466
0.0023399981280015	0.0419399664480268	2.424	0.541
0.00291999766400187	0.0523799580960335	2.601	0.541
0.00525999579200337	0.0925199259840592	3.934	0.622
0.00617999505600396	0.10979991216007	4.749	0.567
0.0130399895680083	0.226799818560145	8.55	0.875
0.0191799846560123	0.331379734896212	12.215	1.099
0.0276399778880177	0.467099626320299	16.457	1.471
0.0416699666640267	0.678599457120434	23.356	1.926
0.0620199503840397	0.979559216352627	34.278	2.803
0.0940699247440602	1.36925890459288	45.875	3.803
0.139679888256089	1.84679852256118	65.286	5.354
0.209399832480134	2.41739806608155	91.67	7.79
0.314469748424201	3.03731757014594	130.029	10.626
0.471859622512302	3.57893713685029	231.241	18.464
0.713229429416457	4.13909668872265	324.044	24.292
1.06606914714468	4.63139629488296	439.145	31.988
1.60284871772103	5.23007581593935	502.25	46.45
2.39881808094554	6.02855517715586	548.395	62.92
3.5981671214663	7.24571420342864	647.363	90.616
5.39915568067546	9.04751276198979	759.109	130.8
8.09066352746918	11.7210506231595	893.846	196.628
12.1347502921998	15.7679873856101	1074.324	299.321
18.0080155935875	20.5320435743651	1175.128	432.387
27.3124081500735	30.9439552448358	1675.993	657.751
37.3099401520479	40.9285472571622	2112.204	891.394
47.3129621496303	50.9574192340646	2569.314	1133.616
57.3162141470287	60.952631237895	2949.186	1384.354
67.3084161532671	70.9537832369734	3530.254	1590.611
77.3203881436895	80.9664552268358	3860.995	1856.562
87.3120901503279	90.9265672587462	4303.093	2189.884
96.9530824375341	99.1981006415195	4695.839	3691.482
