0.900969279224577	1.26395898883281	35.599	11.094
54.1002667197866	54.4665164267869	933.975	517.44
94.1005047195962	94.4644644284285	1215.579	872.542
34.0993727205018	34.4685324251741	869.99	322.504
19.1003947196842	19.4668044265565	302.223	178.247
99.0909307272554	99.3869204904636	1647.649	919.95
1.89998848000922	2.26259818992145	61.573	18.422
24.1018607185114	24.4682804253757	628.96	234.317
89.100858719313	89.4685684251453	1469.429	833.359
74.1002407198074	74.4654004276797	1741.984	669.093
79.1001267198986	79.4657964273629	1094.175	746.601
89.099818720145	89.4626284298973	1255.374	804.449
1.30023895980883	1.66445866843307	60.265	13.557
89.097808721753	89.4617284306173	2017.782	857.472
59.1003327197338	59.4679924256061	834.119	548.957
1.30085895931283	1.66463866828907	45.906	14.524
24.1024207180634	24.4637804289757	382.19	235.083
79.1005967195226	79.4674164260669	1798.666	747.689
59.0998727201018	59.4652924277661	1386.203	563.701
0.900339279728576	1.26449898840081	20.486	10.249
1.90124847900122	2.26727818617745	40.545	19.243
39.098918720865	39.4575884339293	608.12	370.305
49.1013107189514	49.4661204271037	881.47	459.001
49.1018707185034	49.4691804246557	1151.929	468.345
29.1002767197786	29.4643564285149	496.68	271.257
64.099348720521	64.4642484286013	1099.545	592.452
19.0995447203642	19.4606844314525	332.091	178.414
1.29999896000083	1.66679866656107	32.091	14.5
99.1008507193194	99.4645004283997	1225.758	912.583
49.0998507201194	49.4625204299837	739.822	444.513
59.1009227192618	59.4618724305021	872.896	561.732
14.098528721177	14.4642484286013	432.044	130.987
44.0998147201482	44.4646444282845	656.717	405.765
29.0992867205706	29.4643564285149	762.631	273.26
29.1012367190106	29.4639964288029	535.469	279.312
54.0981367214906	54.4632764293789	1314.795	503.862
94.0991147207082	94.4511444390844	1528.685	876.039
69.1002947197642	69.4583444333245	1671.547	638.531
64.099758720193	64.4638884288893	901.425	593.576
84.1010427191658	84.4687124250301	1169.923	795.703
69.1003647197082	69.4653644277085	1209.986	637.919
54.1004267196586	54.4627364298109	801.908	509.556
99.0592707525834	99.2915205667835	1205.558	904.833
14.101578718737	14.4683884252893	258.209	133.545
79.1011967190426	79.4659764272189	1336.388	763.505
1.90109847912122	2.26925818459345	42.808	20.448
64.098868720905	64.4613684309053	1486.782	615.252
94.0995047203962	94.4633844292925	1257.014	839.261
24.0999207200634	24.4634204292637	412.263	232.393
84.0999127200698	84.4742924205661	1376.59	772.028
89.100858719313	89.4685684251453	1216.344	823.488
49.1003407197274	49.4700804239357	708.889	462.88
69.0983347213322	69.4612244310205	963.234	648.924
24.1006507194794	24.4641404286877	437.243	235.999
79.1006167195066	79.4591364326909	1084.733	731.601
34.1011527190778	34.4678124257501	663.462	329.059
74.0999907200074	74.4672004262397	1237.25	669.2
69.0993947204842	69.4650044279965	999.939	653.461
14.097968721625	14.4660484271613	277.44	133.404
34.0988827208938	34.4654724276221	534.686	319.311
74.1001607198714	74.4718804224957	1061.124	696.652
84.1009527192378	84.4672724261821	1166.519	762.987
74.0992407206074	74.4605404315677	1024.712	664.948
44.0990147207882	44.4630244295805	650.154	408.91
19.1002147198282	19.4644644284285	535.03	180.663
59.0997227202218	59.4658324273341	1021.297	556.824
0.899369280504576	1.25945899243281	42.52	10.482
39.101688718649	39.4669484264413	613.11	366.813
1.30104895916083	1.66607866713707	31.091	14.573
0.898809280952575	1.26017899185681	20.713	11.148
29.0996767202586	29.4582364334109	450.553	280.416
94.1007647193882	94.4642844285725	2100.482	893.362
54.1010767191386	54.4706564234749	785.216	495.87
44.1009747192202	44.4628444297245	787.807	420.39
39.099508720393	39.4608284313373	1004.494	369.325
99.0989007208794	99.4493804404956	2143.475	934.364
34.0999827200138	34.4589924328061	554.154	318.741
84.0996027203178	84.4647524281981	1895.69	792.887
44.0997347202122	44.4653644277085	1114.939	412.527
39.101168719065	39.4647884281693	697.319	363.954
1.89933848052922	2.26709818632145	76.51	19.882
19.1004547196362	19.4588844328925	362.84	192.582
64.098848720921	64.4590284327773	882.491	602.499
14.099818720145	14.4682084254333	218.417	131.25
