29.0764767388186	65.4099676720259	1132.669	528.826
1.90085847931322	22.7197618241905	602.534	144.742
68.4524852380118	97.4789220168624	1488.729	1166.613
19.0874747300202	55.2842557725954	914.41	414.205
6.30499495600403	39.7178682257054	728.512	284.279
49.0254507796394	84.5421523662781	1351.53	683.248
38.1679094656724	66.6408066873547	1048.406	547.06
0.273639781088175	4.58063633549093	193.927	20.881
0.600379519696384	9.39167248666201	367.609	45.022
0.0973199221440623	1.71035863171309	72.781	7.866
0.192099846320123	3.30371735702611	141.041	15.506
21.6315226947818	45.8297633361893	736.174	367.34
91.5516967586426	99.999820000144	1507.275	1282.46
53.9745168203865	88.7055490355608	1372.266	714.476
85.2171818262545	99.983260013392	1492.846	1280.01
0.753289397368482	10.7877513697989	378.788	54.059
2.79582776333779	28.4543772364982	639.616	182.775
58.6199931040055	89.7970681623455	1386.811	741.137
44.0239947808042	79.4589564328349	1309.235	653.025
1.29892896085683	17.4529660376272	547.075	102.557
71.9905624075501	96.0283031773575	1442.343	1228.61
61.8061105551116	86.3178509457192	1382.225	739.9
9.34080252735798	43.6523050781559	753.811	321.827
13.7168790264968	45.268343785325	766.588	332.641
2.46316802946558	19.2943645645083	395.47	133.682
76.4180888655289	98.2450014039989	1520.613	1225.674
0.398959680832255	6.53489477208418	268.271	29.352
88.6468890824887	99.999280000576	1476.5	1310.183
34.0794427364458	70.378683697053	1227.619	554.909
80.7452454038037	99.5489203608637	1519.145	1252.49
34.0309327752538	69.4246844602524	1125.945	553.646
0.832839333728533	12.0457703633837	429.307	78.478
84.441622446702	99.8878600897119	1454.639	1265.785
29.0704667436266	65.3111477510818	1149.537	536.406
18.5108451913238	48.7862609709912	761.993	380.015
1.30037895969683	17.5249659800272	547.202	101.821
45.7706833834533	68.690105047916	1175.243	574.592
81.6783346573323	99.962920029664	1521.727	1194.642
0.197969841624127	3.39335728531417	146.024	15.441
91.5511267590986	99.999820000144	1567.934	1237.866
38.8730889015289	72.3226821418543	1235.174	575.771
73.1139815088148	99.1043207165434	1429.908	1242.787
0.0971599222720622	1.70999863200109	73.169	7.814
63.5935491251607	94.2182246254203	1457.732	1133.176
0.298759760992191	5.01803598557121	210.91	22.243
88.4487192410246	99.996040003168	1560.212	1246.152
76.0632691493847	97.7357818113746	1451.891	1242.067
58.9458828432937	93.0343655725075	1414.816	1156.7
1.63754868996105	18.820784943372	465.639	127.25
66.5196267842986	90.4189676648259	1414.41	745.663
24.0814407348474	60.5004715996227	1033.726	480.112
1.96365842907326	18.9147448682041	398.601	123.054
14.062808749753	49.5257003794397	825.247	366.682
4.19636664290669	34.2660325871739	666.41	228.003
43.9141048687161	77.8483177213458	1307.28	642.199
6.21386502890798	38.3217893425685	676.423	268.681
0.397559681952254	6.52049478360417	270.041	30.301
0.601539518768385	9.40589247528602	369.059	44.244
9.37776249779	44.1845646523483	751.734	313.549
53.3184173452661	82.6035539171569	1328.979	691.759
6.29566496346803	39.5693683445053	721.658	284.9
61.2142510285992	84.7441122047102	1379.508	693.613
1.10992911205671	14.5249083800733	439.354	89.603
2.6638578689137	26.3388389289289	571.736	176.706
0.197069842344126	3.37733729813016	143.741	15.621
53.9830868135305	88.8797888961689	1413.127	710.942
29.0800167359866	65.4553276357379	1152.643	534.149
88.5881291294967	99.998740001008	1571.371	1243.391
22.2856221715023	47.8095817523346	772.622	375.459
14.090198727841	50.1493998804801	855.423	379.984
39.064628748297	75.1888198489441	1267.984	593.232
0.893929284856572	13.1336894930484	473.731	85.071
0.501929598456321	7.75439379648496	303.663	35.033
91.5511267590986	99.999820000144	1572.854	1250.705
68.2531253974997	96.3742629005897	1421.091	1219.317
17.8374557300354	44.8872840901727	704.577	338.09
75.1327598937921	96.3292629365897	1491.205	1186.883
0.294739764208189	4.92119606304315	205.602	22.921
0.373629701096239	6.0856151315079	251.742	28.052
0.100479919616064	1.76651858678513	75.498	8.164
4.20674663460269	34.355492515606	676.842	227.882
49.0503507597194	84.8116121507103	1373.787	703.198
43.3216453426837	72.5863819308945	1108.174	580.734
84.7050022359982	99.927460058032	1466.218	1291.502
79.9593260325392	98.9893008085593	1472.593	1258.675
1.90083847932922	22.6771018583185	596.518	144.479
34.0105427915658	69.2479246016603	1181.65	555.101
6.95770443383645	29.0366767706586	512.598	201.095
72.4731020215184	97.2627421898062	1656.262	1324.406
57.873403701277	85.1438918848865	1342.692	711.824
85.3714817028146	99.99190000648	1514.77	1244.701
38.8118489505208	71.5958427233258	1241.291	604.171
1.06065915147268	12.457430034056	327.692	77.357
91.5525467579626	99.999820000144	1553.813	1264.154
0.168899864880108	2.8155577475538	123.327	13.318
1.30104895916083	17.5465659627472	548.928	101.879
0.200469839624128	3.4408772472982	147.331	15.854
77.3125781499375	99.4969004024797	1527.242	1181.644
6.21386502890798	38.3217893425685	681.043	267.035
0.0993699205040636	1.74671860262512	73.857	8.185
0.498909600872319	7.68671385062892	301.423	36.072
40.634497492402	63.4272692581846	1063.903	519.217
9.40153247877402	44.6918042465566	787.71	321.356
73.1658514673188	99.2607405914075	1444.28	1249.425
2.79109776712179	28.3940772847382	654.243	192.183
54.0198167841466	89.1956886434491	1377.648	743.438
61.4524508380393	85.3562917149666	1342.2	725.196
45.1567538745969	67.3879860896111	1167.427	582.074
29.0600667519466	64.9576280338976	1117.021	511.351
18.3593753124998	47.6841218527025	751.682	379.185
80.6799554560356	99.5073403941277	1480.299	1218.266
14.098208721433	50.2050198359841	852.807	379.902
68.4291052567158	97.2834421732463	1472.887	1211.007
58.4504832396134	88.4476092419126	1371.347	711.093
21.5229227816618	45.5072035942371	776.549	365.238
88.6809490552408	99.999460000432	1467.224	1293.176
