93.9044848764121	96.4225028619977	5303.398	2354.622
44.0979647216282	47.7381218095026	3165.956	1127.206
2.79956776034579	6.43463485229212	1239.331	83.372
64.101798718561	67.7398858080914	3912.34	1665.684
14.098908720873	17.7541057967154	1748.936	381.476
0.400679679456256	3.36725730619415	1064.383	18.513
98.6656510674791	99.999820000144	4889.397	2549.481
84.1037127170298	87.7412898069682	4843.105	2186.982
0.0991699206640635	1.43135885491292	547.645	5.598
19.1016247187002	22.7199418240465	2000.983	513.235
0.597829521736383	3.9056368754905	1100.469	24.398
24.1018407185274	27.7399578080338	2194.82	636.286
74.0350007719994	77.0798983360813	4219.503	2001.151
79.0789167368666	82.4194140644688	4439.805	2031.988
89.104558716353	92.7490658007474	5181.81	2248.157
0.903149277480578	4.41665646667483	1118.024	32.424
39.103878716897	42.7355658115474	2888.418	975.978
54.1057567153946	57.743953804837	3533.351	1420.115
4.19605664315469	7.84007372794102	1316.112	118.151
59.0981427214858	62.7409298072562	3817.363	1490.702
34.0993427205258	37.7461498030802	2665.27	859.939
0.300039759968192	2.95127763897789	989.495	15.07
9.39902248078202	13.0400895679283	1561.261	258.517
29.0915367267706	32.7187538249969	2404.99	774.449
6.29735496211603	9.92879205696635	1393.238	172.371
0.131029895176084	1.46915882467294	517.416	5.945
49.1028007177594	52.7385178091858	3325.983	1303.511
69.1040147167882	72.7514417988466	4285.244	1731.353
1.90398847680922	5.54291556566755	1201.589	57.969
1.30137895889683	4.91813606549115	1196.725	43.529
