9.40172247862202	9.76787218570225	340.464	91.41
4.20126663898669	4.57109634312293	227.576	43.173
4.19994664004269	4.56947634441892	209.635	39.49
2.79928776056979	3.17033746373003	146.049	27.836
0.200759839392128	0.566279546976362	58.692	3.836
0.197769841784127	0.564299548560361	59.385	3.867
6.30277495778003	6.65657467474026	252.755	59.355
6.29911496070803	6.66611466710827	265.709	61.058
2.79941776046579	3.16745746603403	142.444	27.919
0.400209679832256	0.764279388576489	76.674	6.054
9.39968248025402	9.76265218987825	342.156	88.457
4.20050663959469	4.56587634729892	216.364	41.532
0.197729841816127	0.556379554896356	58.295	4.952
2.79990776007379	3.17159746272203	137.728	26.511
0.300239759808192	0.662759469792424	72.267	4.721
0.300119759904192	0.665099467920426	70.992	4.781
0.401649678680257	0.762479390016488	77.385	6.169
0.0996599202720638	0.45377963697629	50.822	3.971
0.298549761160191	0.663659469072425	73.391	5.249
4.20162663869869	4.56713634629092	219.455	41.352
0.100289919768064	0.451799638560289	51.51	2.922
2.80044775964179	3.16187747049802	146.278	28.928
6.29968496025203	6.66791466566827	268.368	62.251
0.600989519208385	0.964259228592617	81.117	7.515
0.100409919672064	0.45269963784029	50.28	3.012
0.600659519472384	0.963179229456616	83.106	7.915
0.301169759064193	0.662219470224424	70.927	5.018
0.598679521056383	0.966059227152618	79.667	7.927
6.30120495903603	6.66809466552427	244.442	62.891
9.39987248010202	9.76391218887025	348.534	89.692
0.201679838656129	0.567179546256363	59.544	3.932
0.598809520952383	0.963539229168617	80.756	7.525
0.400229679816256	0.768419385264492	81.751	6.099
9.40126247899002	9.76517218786225	348.134	88.722
0.100719919424064	0.466019627184298	51.872	3.214
0.399819680144256	0.767159386272491	81.222	6.125
