19.0976647218682	22.7492818005746	1926.222	475.739
49.1006807194554	52.7584977932018	3246.108	1226.75
64.100508719593	67.7497858001714	3907.126	1617.412
24.0952707237834	27.7349178120657	2151.308	603.312
0.898789280968575	4.39415648467481	1129.949	29.63
84.0942427246058	87.6997098402321	4881.933	2033.474
1.89696848242521	5.52959557632354	1192.616	54.243
6.29955496035603	9.93581205135036	1389.075	162.991
0.199539840368128	2.35457811633751	833.658	8.162
14.103988716809	17.7476258018994	1760.92	342.903
4.19484664412269	7.83089373528501	1303.637	112.003
88.9294888564089	91.5335267731786	4905.915	2319.872
74.0939707248234	77.6094579124337	4453.16	1800.914
0.602419518064386	3.92219686224251	1096.477	18.213
0.398009681592255	3.34277732577814	1039.636	14.121
2.79891776086579	6.43301485358812	1223.612	73.748
39.103308717353	42.7244058204753	2857.994	940.454
79.0997067202346	82.7392738085809	4520.901	1998.233
0.299579760336192	2.93615765107388	965.254	11.526
98.6538210769431	99.999460000432	4920.542	3938.798
94.0702847437722	97.3477021218383	5155.594	3660.74
54.0987667209866	57.740713807429	3545.99	1298.051
29.1016667186666	32.747553801957	2423.604	699.823
44.1017947185642	47.7397418082066	3095.062	1061.837
59.1054427156458	62.7691897846482	3773.699	1432.282
0.100249919800064	1.44269884584092	558.007	6.172
9.40225247819802	13.0375695699443	1526.128	239.897
69.1006347194922	72.7176018259185	4239.739	1668.125
34.1011027191178	37.7573097941522	2650.652	822.545
1.30102895917683	4.91705606635515	1168.497	39.572
