0.00482999613600309	0.0869399304480556	3.319	0.544
0.00680999455200436	0.122579901936078	4.545	0.625
0.0101299918960065	0.181799854560116	6.227	0.765
0.0120999903200077	0.217439826048139	7.409	0.854
0.0215799827360138	0.387719689824248	12.191	1.662
0.0348999720800223	0.626759498592401	18.216	2.271
0.0558299553360357	0.99971920022464	30.455	3.806
0.0620299503760397	1.10789911368071	33.702	4.381
0.121919902464078	2.16161827070538	62.831	8.548
0.17234986212011	3.00815759347393	88.592	12.044
0.178319857344114	3.14009748792201	87.153	12.067
0.379499696400243	6.48755480995615	185.908	26.208
0.560009551992358	9.11321270942983	295.938	39.039
0.588539529168377	9.82007214394229	299.721	43.511
3.99296680562656	43.2357854113717	1504.292	306.741
7.40901407278874	66.4127468698025	1941.74	509.689
9.50796239363009	64.4356284514972	1954.91	460.488
