51.2183590253128	74.8218001425599	12977.053	2212.603
63.7546689962648	95.4749836200131	14002.299	3052.613
80.6519454784436	99.4837604129917	13658.716	4867.301
72.8923516861186	98.442101246319	14065.57	4008.713
77.2972781621775	99.4762004190397	12222.952	4686.053
0.100069919944064	1.75895859283313	702.275	6.709
71.2319130144696	94.3055245555804	10958.132	3282.147
0.392329686136251	6.08291513366789	2315.565	23.429
29.0686767450586	65.1036079171137	11514.272	1319.835
38.6080891135287	69.6527442778046	10388.865	1718.644
88.4502892397686	99.99730000216	12408.311	5549.045
67.4873660101072	93.2917653665877	14191.027	3195.09
0.298479761216191	5.00939599248321	1910.523	15.933
81.6363046909563	99.952840037728	12271.196	5036.196
6.30232495814003	39.6591882726494	9353.228	293.1
61.0556911554471	84.362872509702	13607.561	2735.189
9.381572494742	44.4542044366365	9661.343	428.253
57.8926336858931	85.2421718062626	11508.555	2500.024
24.0705707435434	60.2041918366465	11082.686	1059.412
0.196659842672126	3.37787729769816	1301.966	12.966
62.8511697190642	90.0307079754336	14030.633	2851.606
0.402059678352257	6.59825472139622	2531.884	21.793
0.182969853624117	3.132177494258	1211.313	9.99
18.9296048563161	52.8070977543218	9663.187	855.511
65.3823276941378	87.8059097552722	14200.786	2864.652
0.0958999232800614	1.68407865273708	653.855	5.627
85.2112118310305	99.981820014544	12758.816	5162.192
84.5761423390861	99.9083800732959	11539.2	5000.068
2.79508776392979	28.3555573155541	8214.671	139.048
24.0871707302634	60.4743716205027	11262.875	1059.367
56.5702647437882	80.7173354261317	13598.38	2454.396
23.9903908076874	58.8689529048377	11073.361	1047.835
0.283499773200181	4.62023630381096	1768.412	17.861
0.0850399319680544	1.49201880638495	575.576	4.487
75.6288094969524	97.0706823434541	14386.063	3892.792
91.5474567620346	99.999820000144	12034.828	5455.409
13.3670793063366	42.5319859744112	9623.48	588.543
75.8277093378325	97.4040420767663	11149.642	3591.372
43.6477950817639	74.968680025056	11212.09	1899.881
88.6977090418328	99.999460000432	11906.871	5566.563
41.1165771067383	64.5112283910173	8363.075	1692.369
4.15622667501866	33.5537731569815	8615.267	199.296
7.50979399216481	31.0503351597319	8277.391	307.001
67.5463159629472	93.4498052401558	11538.031	3143.255
33.8141729486616	66.4953668037066	11715.163	1522.793
44.0627147498282	79.9944560044352	12984.129	1935.147
0.588589529128377	8.48159321472543	3228.532	30.4
88.5067891945686	99.996580002736	11526.774	5569.95
34.0718927424858	70.349883720093	12028.139	1558.098
4.19694664244269	34.2692725845819	8786.579	198.602
91.5442567645946	100.0	11554.55	5709.978
28.170757463394	56.6538746769003	8935.598	1183.827
48.6189311048551	79.7804361756511	11546.427	2114.547
0.301759758592193	5.05763595389124	1944.61	19.525
8.50056319954944	35.7377114098309	6944.893	361.779
0.0981899214480628	1.7243986204811	660.735	5.524
77.3699481040415	99.5665603467517	13542.619	4693.778
81.6760146591883	99.961840030528	12527.344	5010.769
37.6212399030081	64.116848706521	11731.067	1684.833
28.8861168911065	62.3992900805679	11463.275	1267.287
66.3271969382425	89.9493480405216	14359.901	2913.19
0.201889838488129	3.46229723016222	1333.483	13.227
91.5522067582346	99.999820000144	11682.596	5546.958
6.29257496594003	39.6879882496094	9393.332	285.661
84.405082475934	99.8819200944639	11269.919	5103.979
62.6730198615841	89.2734485812411	13960.975	2844.179
34.0717727425818	70.247823801741	12147.113	1501.905
9.39342248526201	44.7234842212126	9789.404	431.945
57.6932538453969	84.355852515318	11076.474	2482.406
88.7100790319368	99.999820000144	12360.105	5356.215
81.6760146591883	99.961840030528	12536.505	5026.44
19.0851747318602	55.4080956735235	10820.988	843.027
4.18995664803468	34.2942925645659	8929.237	195.392
51.0259491792407	74.3104205516636	9323.19	2133.71
48.7892309686152	81.4137548689961	12102.147	2126.864
24.0316507746794	59.2971725622619	10641.333	1085.813
85.0648219481424	99.971740022608	12060.252	4927.416
0.227519817984146	3.78719697024242	1460.449	12.7
34.0724527420378	70.3884036892771	12189.222	1545.891
6.30522495582004	39.6885282491774	9325.066	285.066
0.600489519608384	9.40841247327002	3617.808	34.471
49.0509207592634	84.8380721295423	13291.875	2232.744
18.6379450896439	49.7447602041918	10377.842	813.483
72.7199218240625	97.9534016372787	12265.259	3648.972
0.121349902920078	2.08313833348933	804.647	6.495
14.088188729449	50.1785598571521	10155.567	640.208
45.7180634255493	68.5896651282679	8548.856	1960.364
0.398319681344255	6.50213479829216	2493.917	23.825
56.5322147742282	80.6147355082116	13342.557	2547.023
0.595139523888381	9.34001252798998	3585.739	32.746
44.0657147474282	80.1733758612993	12711.129	1995.062
38.9363688509049	73.2885613691509	12492.557	1705.667
0.220159823872141	3.65921707262634	1397.126	11.012
12.7144998284001	39.088408729273	9437.468	531.352
28.8736269010985	62.1402702877838	10435.31	1284.289
39.076948738441	75.2944797644162	12610.519	1779.613
53.9968468025226	88.999128800697	13794.247	2458.33
53.9750068199945	88.5313091749527	13356.219	2375.466
72.5779819376145	97.5673019461584	12205.735	3418.621
91.5522067582346	99.999820000144	11856.795	5490.625
0.315809747352202	5.09921592062726	1956.15	18.741
0.340709727432218	5.30387575689939	2041.031	19.542
11.7018006385595	35.4776116179107	6057.38	471.756
19.0860047311962	55.3072957541634	10675.084	862.896
6.29065496747603	39.6948282441374	9453.803	296.096
4.19230664615468	34.313372549302	8815.752	200.192
