0.0192799845760123	0.345959723232221	287.903	9.49
24.5441803646557	89.6608082713534	3768.316	1645.942
0.00257999793600165	0.0464399628480297	15.547	1.03
0.000569999544000365	0.0102599917920066	4.103	0.589
0.00496999602400318	0.0894599284320573	31.1	1.316
1.22264902188078	18.6685050651959	3289.337	406.099
41.8445065243948	97.0762623389901	5627.642	2371.419
4.25090659927472	46.0416231667015	2379.165	647.529
0.00119999904000077	0.0215999827200138	7.448	0.64
5.28421577262738	47.2616621906703	2386.078	615.347
78.6699470640423	100.0	6714.321	4636.444
15.7965173627861	79.4881164095069	3296.686	1206.188
51.7135186291851	99.7924601660319	5055.493	3050.576
66.5360967711226	99.990460007632	5640.874	3836.203
0.35972971221623	6.05753515397188	2139.022	160.107
0.120559903552077	2.13857828913737	1660.754	57.745
0.0244799804160157	0.438659649072281	397.448	11.53
0.00711999430400456	0.128159897472082	41.025	2.428
0.0810199351840519	1.44323884540892	1170.135	37.508
0.0507299594160325	0.908279273376581	745.355	23.668
0.0136499890800087	0.245159803872157	206.891	7.203
0.273069781544175	4.74119620704303	2908.526	129.338
73.0526115579108	99.999460000432	6373.178	4652.729
2.71422782861774	34.383572493142	2509.078	567.241
1.570028743977	22.2674221860623	3871.796	437.454
0.00368999704800236	0.0664199468640425	21.517	1.379
0.411849670520264	7.08029433576453	3662.549	184.861
58.1630234695812	99.7139802288158	4956.145	3299.709
10.0429819656144	68.0631655494676	3321.317	923.504
0.00666999466400427	0.119879904096077	66.74	3.088
34.6228823016942	97.7404618076306	4726.848	2066.732
0.142629885896091	2.51153799076961	1792.814	68.333
0.587399530080376	9.5225323819741	2604.958	226.077
