64.100948719241	64.117928705657	3200.131	1375.329
4.20099663920269	4.2181166255067	224.061	92.541
54.1009567192346	54.1180367055706	2691.104	1121.727
89.100928719257	89.117928705657	4497.067	1843.283
1.90099847920122	1.91789846568123	104.154	35.699
0.100999919200065	0.118079905536076	7.802	1.901
6.30099495920403	6.31799494560404	326.879	129.448
29.1009767192186	29.1178567057146	1489.392	613.538
39.100968719225	39.117928705657	1976.884	807.039
0.300999759200193	0.318059745552204	18.245	4.386
69.1009447192442	69.1179647056282	3366.211	1482.095
84.1009327192538	84.1178927056858	4277.5	1740.975
14.100988719209	14.118108705513	745.043	296.85
99.1009207192634	99.1178207057434	4864.038	2112.967
0.600999519200385	0.617939505648396	36.657	9.575
34.1009727192218	34.1178927056858	1756.624	711.636
19.1009847192122	19.1179647056282	936.661	413.314
59.1009527192378	59.1178927056858	2938.972	1275.401
9.40099247920602	9.41795246563803	475.89	201.371
0.900999279200577	0.917999265600588	50.714	15.717
94.1009247192602	94.1179647056282	4662.574	2025.162
79.1009367192506	79.1180367055706	4063.835	1660.194
2.80099775920179	2.8180777455378	155.645	59.143
74.1009407192474	74.1180007055994	3600.5	1620.192
0.400999679200257	0.417959665632267	24.292	5.937
49.1009607192314	49.1180007055994	2444.372	1047.615
44.1009647192282	44.1179647056282	2192.607	941.351
24.1009807192154	24.1180007055994	1183.214	516.92
0.200999839200129	0.21797982561614	14.359	3.234
1.30099895920083	1.31795894563284	72.525	24.252
0.400999679200257	0.417959665632267	25.762	6.242
2.80099775920179	2.8178977456818	144.069	56.649
4.20099663920269	4.2179366256507	226.763	87.664
74.1009407192474	74.1178207057434	3666.757	1592.984
29.1009767192186	29.1180367055706	1452.282	622.61
69.1009447192442	69.1179647056282	3476.465	1427.727
1.30099895920083	1.31795894563284	73.324	23.155
9.40099247920602	9.41795246563803	488.624	204.331
14.100988719209	14.117928705657	731.435	305.373
99.1009207192634	99.1180007055994	5086.153	2059.396
89.100928719257	89.117928705657	4372.473	1899.46
0.900999279200577	0.917999265600588	52.07	15.191
39.100968719225	39.117928705657	1945.489	839.675
0.200999839200129	0.21797982561614	13.819	3.093
6.30099495920403	6.31799494560404	329.738	137.186
0.100999919200065	0.118079905536076	8.104	2.037
79.1009367192506	79.1178567057146	3979.792	1636.293
64.100948719241	64.117928705657	3160.181	1369.308
19.1009847192122	19.1179647056282	974.664	416.763
44.1009647192282	44.1179647056282	2220.918	943.2
59.1009527192378	59.1178927056858	3000.32	1244.588
94.1009247192602	94.1177847057722	4745.752	1934.21
34.1009727192218	34.1178927056858	1672.356	741.649
49.1009607192314	49.1180007055994	2476.351	1021.27
0.300999759200193	0.318059745552204	18.682	4.995
0.600999519200385	0.617939505648396	36.752	9.693
1.90099847920122	1.91789846568123	105.645	37.448
24.1009807192154	24.1178207057434	1249.147	499.005
54.1009567192346	54.1180367055706	2632.982	1171.586
84.1009327192538	84.1178927056858	4114.213	1804.265
69.1009447192442	69.1179647056282	3484.989	1440.705
34.1009727192218	34.1178927056858	1695.862	738.648
29.1009767192186	29.1180367055706	1484.074	603.939
74.1009407192474	74.1180007055994	3557.053	1580.661
59.1009527192378	59.1178927056858	3014.501	1235.768
54.1009567192346	54.1180367055706	2703.855	1107.537
94.1009247192602	94.1177847057722	4616.019	2061.88
89.100928719257	89.117928705657	4432.338	1918.961
0.300999759200193	0.317879745696203	18.699	4.449
0.900999279200577	0.917999265600588	51.31	15.122
19.1009847192122	19.1179647056282	917.894	408.545
84.1009327192538	84.1180727055418	4268.058	1733.219
14.100988719209	14.117928705657	737.827	305.439
2.80099775920179	2.8178977456818	149.944	61.428
4.20099663920269	4.2181166255067	219.211	89.24
44.1009647192282	44.1179647056282	2263.158	959.975
24.1009807192154	24.1180007055994	1215.547	538.711
