0.271579782736174	4.77881617694706	1841.818	14.835
2.25484819612144	32.7156938274449	12492.214	127.874
1.89387848489721	29.0350567719546	11124.943	106.225
32.2608941912846	99.7800401759679	23357.497	2205.494
9.14115268707785	80.6676554658756	21222.786	472.064
37.4223000621599	99.8518601185119	22054.569	2551.286
50.2491098007122	99.998020001584	23251.078	3558.359
44.3663345069324	99.985780011376	22988.208	2990.354
40.8122373502101	99.94420004464	24221.469	2780.94
12.0627503497997	87.8231897414482	20964.487	638.912
0.432799653760277	7.45631403494877	2872.183	27.415
4.09637672289862	52.2528781976974	18939.073	212.774
58.0479435616451	99.999820000144	23773.509	4073.663
35.3499017200786	99.8804800956159	22207.15	2449.994
21.835782531374	97.7357818113746	22557.195	1443.02
5.7787053770357	63.9026488778809	19903.43	309.185
47.3705121035903	99.994240004608	23128.593	3271.057
0.134119892704086	2.38319809344153	923.806	7.14
0.0674799460160432	1.20617903505677	472.906	3.881
0.403529677176258	7.01549438760449	2710.746	26.882
52.8458577233138	99.998740001008	23594.039	3705.308
0.182169854264117	3.21911742470606	1237.291	12.065
13.6943090445528	88.5811691350647	20444.919	708.623
60.5342915725667	99.999820000144	23709.79	4223.246
18.3160653471477	95.5819035344772	21293.465	1222.542
0.884149292680566	14.7554881956094	5710.654	53.198
24.6254102996718	98.422661261871	21489.484	1660.869
29.4318564545148	99.6927402458078	23037.936	1987.806
1.2546389962888	20.262943789645	7825.632	70.395
55.5250755799395	99.999820000144	23447.114	3893.061
