0.013999988800009	0.0300599759520192	18.767	1.221
0.00399999680000256	0.0219599824320141	17.95	1.285
0.00199999840000128	0.0179999856000115	6.25	0.865
0.00699999440000448	0.0239399808480153	18.193	1.005
0.210999831200135	0.228059817552146	51.078	9.936
1.06699914640068	1.08395913283269	119.858	46.986
18.2079854336117	18.2260654191477	1157.801	785.761
0.0289999768000186	0.0460799631360295	20.523	2.273
0.0199999840000128	0.035999971200023	19.052	1.703
37.3109701512239	37.3278301377359	2375.867	1662.641
97.3109221512623	97.3279021376783	5648.847	4395.708
0.063999948800041	0.0799199360640512	29.651	3.829
0.474999620000304	0.492119606304315	80.143	20.115
12.1389902888078	12.1559302752558	810.541	566.035
0.316999746400203	0.333899732880214	59.064	14.369
0.0199999840000128	0.0379799696160243	19.246	1.721
0.0099999920000064	0.028079977536018	18.479	1.068
0.0129999896000083	0.0300599759520192	18.479	1.511
1.06599914720068	1.08395913283269	122.944	50.151
12.1389902888078	12.1559302752558	821.666	539.006
1.06699914640068	1.08395913283269	121.86	46.085
0.711999430400456	0.730079415936467	94.237	29.839
0.0949999240000608	0.112139910288072	33.936	4.798
0.00699999440000448	0.0239399808480153	18.711	1.353
0.013999988800009	0.0298799760960191	18.686	1.188
0.711999430400456	0.729899416080467	85.721	29.243
18.2079854336117	18.2260654191477	1129.013	773.811
0.00399999680000256	0.0199799840160128	17.69	1.344
0.063999948800041	0.0799199360640512	29.084	3.706
0.211999830400136	0.229859816112147	53.995	9.945
57.3109541512367	57.3279741376207	3342.967	2564.846
0.0949999240000608	0.111959910432072	36.885	4.733
0.00299999760000192	0.0199799840160128	9.924	1.086
5.39499568400345	5.41205567035546	401.062	236.291
0.063999948800041	0.0820799343360525	28.946	3.226
47.3099621520303	47.3279021376783	2736.752	1970.186
0.0289999768000186	0.0460799631360295	20.687	2.152
0.00399999680000256	0.0199799840160128	18.017	1.145
27.3099781520175	27.3279381376495	1657.275	1140.273
0.0949999240000608	0.111959910432072	34.715	4.688
87.3109301512559	87.3280101375919	4915.955	3706.375
0.474999620000304	0.491939606448315	72.697	19.822
3.5979971216023	3.61385710891431	279.342	160.733
0.0049999960000032	0.0219599824320141	18.265	1.361
77.3109381512495	77.3279381376495	4389.483	3321.828
0.711999430400456	0.728099417520466	92.027	29.211
37.3109701512239	37.3280101375919	2275.568	1559.066
3.5979971216023	3.61403710877031	277.837	163.839
97.3109221512623	97.3280821375343	5617.396	4443.338
0.211999830400136	0.227879817696146	52.178	9.987
67.3109461512431	67.3278661377071	3975.963	2782.878
67.3109461512431	67.3278661377071	3978.079	2821.7
1.06699914640068	1.08395913283269	121.398	46.502
0.0429999656000275	0.0599399520480384	22.893	2.718
87.3109301512559	87.3280101375919	5019.958	3914.361
0.14099988720009	0.158039873568101	44.402	6.731
0.0049999960000032	0.0219599824320141	17.869	1.356
27.3109781512175	27.3279381376495	1647.37	1187.207
0.0289999768000186	0.0460799631360295	20.417	2.32
3.5979971216023	3.61601710718631	280.073	159.923
77.3109381512495	77.3279381376495	4752.381	3366.653
57.3109541512367	57.3279741376207	3412.918	2459.398
1.59999872000102	1.61801870558504	146.549	70.427
0.063999948800041	0.0820799343360525	29.603	3.322
0.0429999656000275	0.0599399520480384	23.864	2.847
8.09299352560518	8.10989351208519	573.643	370.021
8.09299352560518	8.11007351194119	558.722	338.836
1.59999872000102	1.61603870716903	149.504	73.233
0.0049999960000032	0.0221399822880142	17.513	0.919
0.0129999896000083	0.0300599759520192	18.466	1.541
0.0099999920000064	0.0260999791200167	18.438	1.058
1.59999872000102	1.61603870716903	140.834	72.242
0.00199999840000128	0.0179999856000115	6.146	0.626
37.3109701512239	37.3280101375919	2346.958	1686.823
77.3109381512495	77.3279381376495	4387.598	3474.234
57.3109541512367	57.3279741376207	3339.279	2641.406
47.3099621520303	47.3259221392623	2743.48	2057.677
0.0419999664000269	0.0579599536320371	22.431	2.713
0.0099999920000064	0.028079977536018	18.567	1.452
0.0199999840000128	0.035999971200023	19.464	1.684
0.00699999440000448	0.0239399808480153	18.395	1.467
0.474999620000304	0.491939606448315	79.979	19.582
0.0429999656000275	0.0599399520480384	23.879	2.785
3.5979971216023	3.61601710718631	278.093	147.831
0.00199999840000128	0.0199799840160128	6.716	0.818
77.3109381512495	77.3279381376495	4497.42	3244.321
0.316999746400203	0.334079732736214	62.564	13.352
0.141999886400091	0.158039873568101	43.347	6.96
2.39899808080154	2.41595806723355	213.127	107.369
0.711999430400456	0.730079415936467	98.085	29.804
0.211999830400136	0.228059817552146	54.824	9.614
67.3109461512431	67.3278661377071	4082.579	2928.035
0.00599999520000384	0.0241199807040154	18.889	1.43
37.3109701512239	37.3280101375919	2365.987	1686.946
0.0049999960000032	0.0221399822880142	18.014	1.349
97.3109221512623	97.3279021376783	5449.44	4217.281
87.3109301512559	87.3280101375919	5074.141	3775.854
0.141999886400091	0.158039873568101	42.222	6.539
0.00099999920000064	0.0179999856000115	6.099	0.614
12.1389902888078	12.1561102751118	805.207	520.309
5.39599568320345	5.41187567049946	402.255	235.689
18.2079854336117	18.2258854192917	1132.566	816.142
0.00399999680000256	0.0219599824320141	18.504	1.305
2.39899808080154	2.41595806723355	210.498	108.479
87.3109301512559	87.3280101375919	5358.928	4122.508
0.0949999240000608	0.111959910432072	33.922	4.88
0.00299999760000192	0.0199799840160128	17.748	1.188
2.39899808080154	2.41613806708955	219.919	108.786
97.3109221512623	97.3279021376783	5972.376	4468.948
27.3109781512175	27.3279381376495	1636.146	1230.091
0.141999886400091	0.158039873568101	44.503	7.036
0.0289999768000186	0.0458999632800294	20.833	2.256
12.1389902888078	12.1561102751118	789.677	494.31
5.39599568320345	5.41403566877147	432.317	236.955
18.2069854344117	18.2239054208757	1189.133	823.05
2.39899808080154	2.41595806723355	215.706	106.341
8.09299352560518	8.10989351208519	560.322	342.716
0.316999746400203	0.333899732880214	57.916	14.33
27.3099781520175	27.3259581392335	1699.069	1149.559
5.39599568320345	5.41403566877147	382.816	232.262
1.59999872000102	1.61801870558504	147.623	70.058
8.09299352560518	8.11007351194119	577.679	373.684
47.3109621512303	47.3279021376783	2887.377	2285.054
0.473999620800303	0.489959608032314	76.403	20.057
0.00299999760000192	0.0199799840160128	10.058	1.009
47.3109621512303	47.3280821375343	2914.296	2069.181
0.0099999920000064	0.0259199792640166	18.837	1.471
0.00299999760000192	0.0199799840160128	10.032	1.006
67.3109461512431	67.3280461375631	3932.043	3012.902
57.3109541512367	57.3279741376207	3227.655	2468.387
0.0199999840000128	0.0379799696160243	19.214	1.643
0.316999746400203	0.333899732880214	59.869	14.102
