39.099308720553	39.4662284270173	1781.225	812.297
0.200169839864128	0.564839548128361	23.052	4.518
0.600569519544384	0.96803922556862	49.504	13.782
54.0976467218826	54.4641764286589	3258.275	1130.695
69.0988747209002	69.4614044308765	3135.016	1419.805
29.1031267174986	29.4645364283709	1255.81	626.971
4.20062663949869	4.56065635147492	208.269	90.368
49.0999207200634	49.4578404337277	2196	1009.034
99.0916907266474	99.3842204926236	4228.37	2044.179
99.0998107201514	99.4650404279677	4333.143	2094.553
6.29994496004403	6.66683466653227	333.096	136.429
94.1008647193082	94.4687844249725	5670.91	1948.767
6.29910496071603	6.66485466811627	406.651	136.396
4.20046663962669	4.56461634830692	231.941	92.973
29.0982767213786	29.4652564277949	1761.183	610.093
64.099218720625	64.4606484314813	2771.619	1326.597
0.399099680720255	0.764279388576489	37.898	6.904
4.19960664031469	4.56659634672292	271.298	93.954
0.399499680400256	0.76571938742449	36.631	8.941
2.79990776007379	3.16853746517003	178.195	59.801
19.1011647190682	19.4642844285725	1132.639	419.442
59.0994027204778	59.4627724297821	2514.49	1262.619
89.100928719257	89.4602884317693	3926.409	1833.336
2.79843776124979	3.16583746733003	146.5	59.994
14.100728719417	14.4608284313373	844.262	311.498
99.0916907266474	99.3842204926236	4440.958	2044.622
14.098908720873	14.4592084326333	618.706	302.774
59.1014827188138	59.4629524296381	2391.392	1220.443
2.79817776145779	3.15719747424202	162.622	58.791
79.0998767200986	79.4638164289469	3400.395	1677.173
14.100058719953	14.4624484300413	613.16	304.74
14.100678719457	14.4604684316253	648.926	304.948
0.0994499204400636	0.446759642592286	16.342	2.658
19.0987647209882	19.4615844307325	875.068	392.843
24.1002207198234	24.4672004262397	987.224	515.123
24.1004307196554	24.4645004283997	1458.532	506.689
54.1006767194586	54.4654364276509	2317.891	1113.44
9.40157247874202	9.77075218339825	444.931	206.753
0.0988299209360633	0.452159638272289	18.942	2.69
74.0989507208394	74.4625204299837	3391.441	1566.586
79.0999667200266	79.4679564256349	4564.41	1695.059
0.299369760504192	0.668519465184428	27.641	8.06
29.1006067195146	29.4661564270749	1297.35	619.603
0.29763976188819	0.663299469360424	27.614	6.743
34.1022127182298	34.4620524303581	2059.188	721.503
0.599259520592384	0.96875922499262	63.332	11.495
94.1011047191162	94.4644644284285	3898.213	2000.619
0.101139919088065	0.458639633088294	16.031	4.411
9.40092247926202	9.76715218627825	438.836	206.155
9.40136247891002	9.76751218599025	415.626	199.984
19.1002547197962	19.4624844300125	878.661	398.583
74.1008107193514	74.4691804246557	3145.571	1536.245
54.0994867204106	54.4677764257789	2310.679	1155.221
44.0987847209722	44.4684244252605	2589.093	971.788
0.200569839544128	0.561239551008359	25.612	4.286
0.598899520880383	0.966419226864619	45.63	12.223
4.20115663907469	4.56425634859492	199.484	91.105
44.1000147199882	44.4650044279965	1826.218	939.959
0.0994999204000637	0.456119635104292	39.872	4.3
6.30058495953203	6.66251466998826	290.596	129.572
94.0997747201802	94.4662644269885	3946.332	2003.447
64.099218720625	64.4606484314813	3728.467	1383.265
0.599019520784383	0.962459230032616	50.89	10.517
0.398379681296255	0.757079394336485	55.896	7.576
44.0987147210282	44.4675244259805	1796.15	935.691
34.1000527199578	34.4620524303581	1369.965	713.027
69.1015247187802	69.4668044265565	3045.661	1429.795
99.0990707207434	99.4492004406396	5936.936	2072.053
39.100638719489	39.4660484271613	2386.859	820.818
0.299029760776191	0.665459467632426	32.929	5.393
84.1010427191658	84.4609724312221	3817.536	1723.687
44.0993547205162	44.4574444340445	2045.54	917.633
74.0979907216074	74.4621604302717	3257.835	1512.642
29.0999867200106	29.4620164303869	1255.986	625.507
69.1001547198762	69.4628444297245	3996.59	1507.399
84.1006627194698	84.4625924299261	3634.717	1724.823
6.29928496057203	6.66701466638827	310.946	138.495
24.1016907186474	24.4672004262397	1116.572	519.923
39.098518721185	39.4626284298973	1817.232	817.889
34.1000827199338	34.4696124243101	1384.566	728.41
34.0994627204298	34.4649324280541	1468.952	728.168
89.100768719385	89.4707284234173	3703.51	1908.897
49.1007007194394	49.4681004255197	2088.279	1038.982
0.400629679496256	0.76589938728049	38.931	8.808
59.1005027195978	59.4676324258941	3543.54	1236.532
9.40011247991002	9.76715218627825	576.684	209.804
64.100868719305	64.4626284298973	2978.106	1354.34
54.0999567200346	54.4589564328349	2473.396	1114.533
84.0991027207178	84.461332430934	5055.741	1753.95
0.298679761056191	0.659519472384422	47.955	6.003
79.1016967186426	79.4605764315389	3567.36	1632.007
49.0995607203514	49.4681004255197	2294.948	1034.731
0.199179840656127	0.559439552448358	25.887	4.98
24.1001707198634	24.4637804289757	1065.441	524.203
64.099208720633	64.4646084283133	2877.225	1325.502
79.0989567208346	79.4616564306749	3459.973	1622.665
59.0986227211018	59.4606124315101	2551.031	1248.496
19.0997047202362	19.4608644313085	890.111	396.87
74.0994507204394	74.4675604259517	4280.466	1614.269
89.099808720153	89.4629884296093	3785.677	1894.37
49.1013307189354	49.4657604273917	2885.908	1084.294
39.100748719401	39.4705484235613	1699.467	808.734
84.0978127217498	84.4622324302141	3309.812	1777.468
89.099098720721	89.4664084268733	5177.688	1940.841
69.0994947204042	69.4642844285725	3102.743	1425.578
94.0977047218362	94.4621244303004	3985.297	1919.788
2.79768776184979	3.16907746473803	145.387	61.184
0.199569840344128	0.569159544672364	47.114	4.466
9.39954248036602	9.75905219275825	454.034	204.988
49.0983307213354	49.4670204263837	2893.067	1083.885
0.199809840152128	0.568079545536364	21.151	4.754
49.1001007199194	49.4636004291197	2045.086	1055.138
14.099998720001	14.4633484293213	613.692	295.521
69.0995147203882	69.4617644305885	2987.827	1479.132
14.100388719689	14.4664084268733	648.407	306.838
74.0984507212394	74.4643204285437	3242.47	1574.171
89.099858720113	89.4626284298973	3463.702	1902.584
4.19873664101069	4.56695634643492	233.225	95.097
84.0998627201098	84.4669124264701	3543.169	1775.657
0.300729759416192	0.668519465184428	28.949	6.683
19.0989747208202	19.4567244346205	842.746	419.185
6.29916496066803	6.66071467142826	302.361	141.793
49.1000007199994	49.4686404250877	2099.432	1051.674
64.100888719289	64.4655084275933	2730.441	1364.69
4.20087663929869	4.56353634917092	183.807	91.765
2.79843776124979	3.16583746733003	163.745	61.525
34.1002027198378	34.4624124300701	1475.938	729.612
94.1020647183482	94.4680644255485	4124.242	2030.579
19.1002647197882	19.4641044287165	1153.429	416.688
44.1013447189242	44.4644644284285	1899.396	908.467
0.400569679544256	0.76607938713649	37.612	8.556
0.100359919712064	0.45287963769629	38.267	2.741
59.0988227209418	59.4618724305021	2607.507	1221.984
29.0999867200106	29.4620164303869	1239.231	600.271
9.40136247891002	9.77201218239025	440.475	197.412
69.0996147203082	69.4666244267005	2939.022	1479.934
9.39975248019802	9.76553218757425	554.468	206.233
39.097978721617	39.4482284414172	1685.497	836.391
49.1004007196794	49.4695404243677	1881.166	1004.817
44.0973847220922	44.4599644320285	2538.756	953.717
84.1002527197978	84.4663724269021	3743.178	1728.721
0.200379839696128	0.563939548848361	22.364	4.596
39.097918721665	39.4626284298973	1733.153	809.86
2.79986776010579	3.16169747064202	140.023	59.629
79.0995467203626	79.4636364290909	4792.225	1661.617
99.1002907197674	99.4708004233597	4513.601	2031.759
0.299639760288192	0.661499470800423	27.062	6.173
0.101399918880065	0.456299634960292	16.197	2.989
0.601129519096385	0.963359229312617	40.744	11.735
89.100498719601	89.4626284298973	3828.107	1835.555
29.1025867179306	29.4683164253469	1321.343	621.516
34.0984727212218	34.4660124271901	1477.998	724.148
2.79979776016179	3.16529746776203	147.063	61.644
54.1013867188906	54.4652564277949	2313.382	1124.359
6.29980496015603	6.66161467070826	301.284	137.533
94.1009447192442	94.4657244274205	4045.015	1916.631
74.1001407198874	74.4641404286877	4441.097	1551.794
0.398679681056255	0.76499938800049	38.321	7.303
0.599459520432384	0.962099230320616	49.303	10.148
24.0997507201994	24.4637804289757	1132.954	504.338
6.29952496038003	6.66953466437227	292.955	136.591
29.0991467206826	29.4636364290909	1295.107	621.248
14.101208719033	14.4649684280253	644.605	294.506
0.0994399204480636	0.455039635968291	22.71	2.718
29.0993667205066	29.4596764322589	1780.648	619.084
2.79976776018579	3.16259746992202	186.689	60.833
0.401669678664257	0.768599385120492	55.235	8.288
99.0609307512554	99.2922405662076	4306.746	2027.432
79.0987067210346	79.4657964273629	3346.424	1693.784
39.099788720169	39.4649684280253	1704.723	844.187
44.0987747209802	44.4623044301565	1893.317	937.423
59.1000327199738	59.4667324266141	2524.505	1216.835
74.0997507201994	74.4637804289757	3149.774	1573.832
44.0998547201162	44.4642844285725	1774.826	906.161
0.199359840512128	0.56303954956836	44.756	4.887
94.0984447212442	94.4590644327484	5438.258	2032.287
59.0995527203578	59.4620524303581	2604.201	1234.329
0.600959519232385	0.963719229024617	66.313	12.019
99.1002907197674	99.4708004233597	5661.807	2135.922
69.1023947180842	69.4642844285725	2926.235	1484.002
39.098988720809	39.4653284277373	2307.259	859.025
24.0990307207754	24.4677404258077	1073.638	513.744
19.1006847194522	19.4687844249725	886.74	388.553
4.19940664047469	4.56065635147492	261.595	92.805
79.1006667194666	79.4647164282269	3449.745	1616.469
79.0980967215226	79.4672364262109	3235.814	1646.847
89.099878720097	89.4669484264413	5203.47	1913.931
99.0916907266474	99.3842204926236	4073.35	2096.498
14.098868720905	14.4629884296093	838.279	310.268
9.40054247956602	9.77093218325425	393.207	201.312
34.1002027198378	34.4651124279101	1540.94	708.032
6.30005495995603	6.66557466754027	390.576	132.456
89.100168719865	89.4674884260093	3800.078	1890.66
0.0993999204800636	0.450179639856288	16.403	2.98
74.0984107212714	74.4623404301277	2880.956	1516.678
0.200259839792128	0.557459554032357	26.05	4.174
0.300589759528192	0.668339465328428	29.088	5.205
64.100088719929	64.4694684244253	2727.917	1377.515
24.0986607210714	24.4591004327197	1045.687	498.389
69.0976747218602	69.4624844300125	4150.567	1455.514
64.100998719201	64.4622684301853	2807.794	1318.885
54.0983967212826	54.4686764250589	2296.229	1121.373
4.20091663926669	4.56317634945892	200.94	94.434
0.299879760096192	0.661139471088423	51.295	5.533
54.1000967199226	54.4683164253469	3169.814	1174.258
24.1009807192154	24.4646804282557	1474.341	511.682
84.0980727215418	84.461332430934	3518.271	1809.283
84.1002527197978	84.4663724269021	4901.566	1814.833
64.100448719641	64.4642484286013	3751.921	1403.777
59.1014327188538	59.4652924277661	3568.013	1228.633
0.600789519368385	0.963719229024617	45.358	12.888
54.1009367192506	54.4666964266429	2358.03	1112.628
94.1008647193082	94.4687844249725	3933.21	1917.839
0.398329681336255	0.759059392752486	37.324	10.541
19.1002547197962	19.4624844300125	817.658	409.191
34.1019527184378	34.4618724305021	2046.584	746.3
29.0994367204506	29.4650764279389	1294.41	599.841
6.30232495814003	6.67097466322027	403.247	136.747
2.79986776010579	3.16007747193802	158.926	60.817
44.0987147210282	44.4675244259805	1770.618	909.037
99.0989107208714	99.4627004298397	4214.857	2114.247
34.1002927197658	34.4661924270461	1504.657	701.288
19.0994747204202	19.4664444268445	884.638	398.502
59.0992327206138	59.4679924256061	2657	1220.87
79.0990567207546	79.4663364269309	3441.358	1672.561
0.400269679784256	0.762299390160488	37.529	8.99
49.0999007200794	49.4654004276797	2060.57	1051.989
59.0981227215018	59.4609724312221	3539.612	1230.707
0.200889839288129	0.569879544096365	25.581	6.695
2.80003775996979	3.16493746805003	129.375	60.175
54.1001167199066	54.4643564285149	2294.389	1102.235
9.39878248097402	9.76427218858225	591.341	200.684
0.199059840752127	0.565559547552362	23.015	4.968
74.1025907179274	74.4672004262397	3190.457	1580.117
79.0992867205706	79.4647164282269	4601.48	1743.498
34.0967927225658	34.4633124293501	1560.679	711.451
54.1018067185546	54.4596764322589	3210.935	1186.375
0.0993299205360636	0.451079639136289	15.877	2.785
14.099888720089	14.4644284284573	599.268	309.212
19.0989447208442	19.4657244274205	1130.064	414.123
19.0986747210602	19.4635644291485	854.421	392.188
6.30144495884403	6.66971466422827	307.81	136.51
84.0980727215418	84.461332430934	4859.569	1833.814
24.0988307209354	24.4610804311357	1058.046	516.943
0.301519758784193	0.668519465184428	30.877	5.354
0.600379519696384	0.967499226000619	43.973	12.645
29.0989967208026	29.4627364298109	1261.867	624.459
64.098858720913	64.4626284298973	2848.393	1326.942
29.1007367194106	29.4627364298109	1193.148	621.108
64.100478719617	64.4638884288893	2725.344	1364.006
4.20149663880269	4.56443634845092	188.504	89.15
0.0990799207360634	0.451979638416289	15.447	3.447
89.099798720161	89.4615484307613	4093.397	1849.125
39.100078719937	39.4682084254333	1706.38	834.563
89.098698721041	89.4572284342173	3563.665	1887.251
94.1003947196842	94.4675244259805	4092.718	1931.207
84.0998627201098	84.4669124264701	3618.345	1718.754
44.1003747197002	44.4623044301565	1999.316	909.645
69.1011647190682	69.4644644284285	4010.323	1495.692
34.0980027215978	34.4647524281981	1555.901	699.818
2.79939776048179	3.16295746963402	149.603	59.43
64.100868719305	64.4626284298973	3711.692	1397.242
49.1002807197754	49.4661204271037	2090.152	1047.824
94.0990047207962	94.4520444383645	3987.574	1997.705
89.100298719761	89.4662284270173	3804.522	1827.338
0.599019520784383	0.967859225712619	49.933	10.83
84.1003627197098	84.4643924284861	3637.64	1722.686
79.0990167207866	79.4571564342749	3380.103	1632.518
69.0995847203322	69.4675244259805	3118.335	1426.125
54.0992067206346	54.4668764264989	2444.788	1146.131
89.099548720361	89.4611884310493	5363.744	1867.26
99.0928407257274	99.3899804880156	5738.471	2131.176
74.1011407190874	74.4623404301277	3058.136	1567.235
39.100748719401	39.4705484235613	1683.583	838.106
0.399029680776255	0.763019389584488	36.094	6.925
94.0604747516202	94.2904045676763	4120.972	1939.405
59.1007427194058	59.4665524267581	2801.274	1214.809
74.0984807212154	74.4677404258077	4250.426	1599.889
69.0996347202922	69.4678844256925	2953.789	1459.948
59.1010027191978	59.4699724240221	2500.736	1214.023
