0.0136399890880087	0.236519810784151	8.961	1.076
1.06460914831268	4.61897630481896	304.843	33.655
0.092229926216059	1.35089891928086	51.163	5.347
0.472909621672303	3.58253713397029	219.045	18.822
0.0643899484880412	0.994679204256637	36.073	3.658
18.2080954335237	21.858642513086	1042.038	437.71
0.316459746832203	3.02129758296193	175.79	14.095
37.3096001523199	40.9458272433382	1958.029	870.18
5.39113568709145	9.02321278142978	499.982	132.639
8.08615353107717	11.6036907170474	609.94	192.046
57.3146541482767	60.945971243223	2732.659	1374.107
47.3109821512143	50.9658792272966	2356.956	1101.53
0.143109885512092	1.89197848641721	78.651	6.423
87.3124601500319	90.9409672472262	4033.283	2182.246
0.0186699850640119	0.320939743248205	12	1.082
0.0416499666800267	0.678779456976434	29.478	2.223
3.5889371288503	7.23995420803663	419.869	91.107
0.028079977536018	0.473039621568303	17.514	1.82
0.00625999499200401	0.111059911152071	5.113	0.644
77.3148181481455	80.9610552311558	3701.865	1796.446
0.0010899991280007	0.0196199843040126	1.634	0.427
1.58903872876902	5.09147592681926	297.625	46.452
0.706719434624452	4.10345671723463	257.558	23.898
2.39557808353753	6.03179517456386	373.044	65.401
0.00396999682400254	0.0709199432640454	3.581	0.595
67.3057761553791	70.9458632433094	3178.994	1607.327
0.0088999928800057	0.1560598751521	6.536	0.763
27.3170981463215	30.9513352389318	1490.168	637.275
12.1354802916158	15.7766273786981	814.997	296.672
0.212579829936136	2.43413805268956	114.143	10.283
0.00285999771200183	0.0511199591040327	2.785	0.506
0.00204999836000131	0.0367199706240235	2.53	0.526
97.1069423144461	99.5392003686397	4527.916	3750.666
