44.1628246697403	99.976240019008	15251.603	2152.388
27.8716577026738	99.1037807169754	14445.262	1402.174
33.5908631273095	99.6005803195357	15451.664	1648.59
19.6665242667806	97.6670218663825	14780.596	1017.475
50.2606397914882	99.997120002304	15701.52	2383.771
3.14669748264201	41.8708465033228	9827.292	177.347
2.84613772308982	40.3545277163778	9659.773	178.006
0.0493999604800316	0.884879292096566	215.094	3.72
0.476429618856305	8.17883345693324	1978.784	31.577
22.9201216639027	98.7776209779032	14949.472	1095.454
16.3157769473784	95.4244036604771	14580.114	812.203
7.92300366159707	73.6203011037591	13376.413	435.325
25.6586494730804	99.1072007142394	14711.039	1210.949
30.2223758220993	99.2189806248155	15552.46	1434.467
15.7285074171941	94.1057247154202	14263.139	813.225
55.4492456406035	99.998560001152	15600.091	2674.243
0.181529854776116	3.21785742571406	786.727	14.239
0.134979892016086	2.40029807976154	585.2	8.448
15.8547373162101	94.3953444837244	14368.018	778.498
0.128159897472082	2.27645817883346	546.186	9.832
44.0431547654762	99.972460022032	15931.941	2092.944
31.32042494366	99.5654803476157	14913.561	1497.029
0.201039839168129	3.55409715672227	870.235	11.987
12.8595897123282	90.8439473248421	14529.444	640.865
32.5568139545488	99.8396201283039	15011.169	1664.315
40.5301075759139	99.925660059472	15950.119	1913.608
41.7336066131147	99.974260020592	15369.126	2067.815
60.5364415708467	99.999820000144	15552.873	2955.282
0.34300972559222	5.96627522697982	1439.397	24.867
5.94640524287581	65.4162676669859	13189.486	310.852
38.2318894144885	99.9224200620639	15729.087	1820.774
25.5138995888803	99.0164807868154	14748.561	1265.533
35.1595418723665	99.8642801085759	15007.484	1675.918
0.0549599560320352	0.985319211744631	244.588	3.711
0.0659699472240422	1.18259905392076	289.85	4.745
19.6292342966126	97.6074419140465	14713.087	1019.662
25.6041295166964	99.0474407620474	15224.287	1269.434
60.5390815687347	99.999640000288	15550.497	2903.235
15.2898677681058	93.0784655372276	14143.811	733.398
9.46388242889406	82.4680140255888	14127.285	482.3
47.1516722786622	99.986680010656	15292.298	2203.905
0.221799822560142	3.9067168746265	952.384	16.46
12.7269798184161	90.3881876894499	14131.328	676.623
29.3991764806588	99.6760002591998	15275.702	1467.6
0.0646499482800414	1.15667907465674	289.309	4.677
41.7235466211627	99.97570001944	15531.754	1983.194
50.2509097992722	99.99730000216	15760.009	2377.638
0.182849853720117	3.23351741318607	788.228	13.853
46.7613425909259	99.982360014112	15934.228	2195.439
12.4201900638479	89.2687685849851	13882.037	638.868
17.0705063435949	93.3689853048118	13655.968	879.138
29.8840660927471	99.0940607247514	15404.464	1449.769
16.8202865437708	92.8849656920274	13665.281	844.398
44.4029444776444	99.981820014544	15524.645	2155.686
22.8355417315666	98.6892410486072	14901.267	1173.338
47.4708820232944	99.993880004896	15745.627	2257.613
60.5388815688947	99.999820000144	15804.724	2844.37
2.82040774367381	40.0658079473536	9711.698	161.129
55.5220355823715	99.998920000864	16027.761	2618.398
22.9680716255427	98.7994009604792	15069.033	1109.78
58.0764835388132	99.999460000432	15989.115	2728.125
11.3735809011353	85.2292118166306	13902.041	608.798
58.0574435540452	99.999460000432	15761.534	2822.944
6.06319514944388	66.2349070120744	13468.413	317.455
6.29688496249203	68.3178653457077	13673.489	335.431
4.00336679730656	51.2414590068328	11901.57	240.251
35.7031414374868	99.9155800675359	15174.717	1747.712
0.403459677232258	7.01549438760449	1695.94	24.933
29.4250364599708	99.6886002491198	15306.708	1417.304
60.5388815688947	99.999820000144	15769.102	2840.444
26.7260586191531	98.5229211816631	14060.291	1305.968
0.219859824112141	3.87773689781048	948.449	13.742
58.0808435353252	99.999280000576	15672	2810.174
50.2798197761442	99.996940002448	15742.363	2340.663
9.59814232148614	83.1188935048852	13954.087	492.705
55.5721755422596	99.99910000072	15860.249	2622.194
0.247789801768159	4.36589650728279	1066.433	17.4
35.3922616861907	99.8891200887039	15102.248	1704.696
2.83718773024982	40.2580477935618	9606.081	168.38
52.9603776316979	99.99820000144	15838.217	2500.467
55.5721755422596	99.99910000072	15891.473	2595.268
52.9611276310979	99.998380001296	15881.381	2469.424
0.45368963704829	7.78499377200498	1927.132	31.717
52.9612576309939	99.998380001296	15843.981	2486.785
43.72847501722	99.964720028224	15822.008	2179.667
4.15482667613866	52.8187977449618	12080.509	237.49
52.8218377425298	99.998560001152	15747.045	2554.135
0.629809496152403	10.6322314942148	2584.135	41.729
0.54734956212035	9.37961249631	2289.703	38.604
25.2995497603602	98.8836408930873	14355.4	1248.264
0.122309902152078	2.17835825731339	533.37	10.361
47.5019519984384	99.994420004464	15743.508	2252.795
38.5395691683447	99.945460043632	15248.667	1831.572
0.261849790520168	4.60007631993894	1129.474	19.925
0.098429921256063	1.75445859643312	434.911	8.025
0.199499840400128	3.53339717328226	869.077	12.607
6.41389486888411	69.1811446550843	13821.644	344.67
38.3792292966166	99.93430005256	15605.187	1947.719
0.410839671328263	7.13717429026057	1725.174	27.428
58.0811335350932	99.999280000576	15874.018	2729.931
49.8211801430559	99.991540006768	15397.126	2466.388
22.5000619999504	98.426981258415	14636.294	1162.312
0.335879731296215	5.85215531827575	1431.644	25.133
38.7383690093048	99.953740037008	15398.599	1878.715
0.549099560720351	9.39581248335001	2264.962	33.476
41.6893466485227	99.972280022176	15455.52	1987.315
9.13189269448584	80.5119555904355	13890.819	489.461
4.20536663570669	53.3991172807062	12248.47	233.151
37.9808396153283	99.9046000763199	14915.641	1848.127
43.738735009012	99.966520026784	15044.456	2201.807
50.1531798774561	99.995140003888	15776.164	2504.588
47.1709722632222	99.987040010368	15433.871	2197.32
6.04183516653187	66.2327470138024	13273.285	310.08
25.4030696775443	98.9578008337593	14493.199	1243.272
0.120879903296077	2.15009827992138	526.808	7.07
15.8450773239381	94.3085845531324	14570.789	810.679
5.35260571791543	60.4210916631267	12566.115	284.483
27.7620677903458	99.0479807616154	14530.64	1371.085
60.5364415708467	99.999820000144	15593.777	2996.283
9.32013254389397	81.6796146563083	13794.295	483.799
0.601199519040385	10.2841117727106	2495.539	39.354
0.271749782600174	4.77719617824306	1184.406	19.157
0.540819567344346	9.25919259264593	2248.308	36.546
15.1099979120017	92.5319859744112	14461.93	793.635
0.202029838376129	3.56849714520228	872.472	14.763
9.61583230733415	83.2384134092693	14256.603	478.579
0.0495499603600317	0.886859290512568	221.536	3.423
11.2265610187512	84.6193723045021	13621.176	583.06
0.116929906456075	2.08187833449733	506.933	7.619
60.5387315690147	99.999820000144	15714.994	2801.364
0.403319677344258	7.00667439466048	1713.763	28.613
22.5630619495504	98.436881250495	14871.339	1152.363
28.7306670154664	99.4506404394876	15345.91	1405.572
19.5482343614125	97.4827020138384	14992.585	930.675
41.3435469251625	99.959860032112	15895.123	2035.303
0.581669534664372	9.93545205163836	2411.529	38.987
52.8464177228658	99.998560001152	15719.039	2668.629
0.261409790872167	4.58945632843494	1118.821	19.376
47.1516722786622	99.986680010656	15313.394	2252.928
35.6993414405269	99.9145000683999	15521.316	1699.759
47.4190220647823	99.992080006336	15408.33	2379.412
35.7027514377989	99.915040067968	15390.401	1688.844
19.2204846236123	96.9938224049421	14833.917	947.96
0.195359843712125	3.45599723520221	846.647	15.335
55.5347255722195	99.99910000072	15806.095	2621.512
26.0612091510327	99.2852205718235	15114.165	1297.028
3.66624706700235	47.6187819049745	11063.3	215.215
28.4010672791462	99.3278805376956	15173.757	1441.888
52.7887977689618	99.997120002304	15377.29	2558.068
52.6772778581777	99.996760002592	15290.287	2557.885
5.36305570955543	60.5199115840707	12527.656	309.331
0.404819676144259	7.0338543729165	1735.515	28.806
3.20171743862605	42.4617860305712	9941.094	185.163
0.0509299592560326	0.911339270928583	221.729	3.678
12.9314896548083	91.0594071524743	14310.385	659.929
50.1476998818401	99.995680003456	15608.391	2447.912
58.0911235271012	99.999460000432	15991.706	2743.007
22.6921318462945	98.5942011246391	14785.211	1091.612
32.5532839573728	99.8398001281599	15118.105	1558.719
60.5380015695987	99.999640000288	15605.38	2923.143
0.0689599448320441	1.23515901187279	305.937	4.695
23.5512911589671	97.5637019490384	14208.56	1130.083
18.1063955148836	95.299483760413	14077.322	884.099
38.3446293242965	99.93070005544	15625.01	1877.062
29.2480966015227	99.6243403005278	15271.881	1437.526
2.63483789212969	37.6449898840081	9104.051	152.214
0.381629694696244	6.63713469029225	1633.382	27.576
0.267139786288171	4.69583624333101	1143.095	18.29
60.5364415708467	99.999820000144	15897.387	2826.635
32.2529341976526	99.7782401774079	15513.395	1560.086
11.6066807146554	86.1587310730151	14061.987	610.366
6.07556513954789	66.3196869442504	13411.341	335.611
55.5740155407876	99.999280000576	15927.554	2599.248
37.2616301906958	99.8428601257119	14708.349	1890.72
44.1305646955482	99.97390002088	15677.259	2154.717
58.0731835414532	99.999460000432	15823.378	2785.832
40.2762677789858	99.9159400672479	14865.757	1915.736
55.5712555429956	99.998920000864	15705.525	2687.018
37.8612397110082	99.8929000856799	15697.636	1931.061
43.8508349193321	99.969760024192	15282.574	2108.574
3.4365172507862	45.0546839562528	10495.993	195.707
0.132989893608085	2.36465810827351	582.381	8.719
0.0653399477280418	1.17089906328075	288.373	5.988
58.0907335274132	99.999460000432	15759.185	2918.847
9.382902493678	81.9679744256205	14084.205	500.018
3.7524769980184	48.507081194335	11224.922	213.597
52.9314876548099	99.998380001296	15854.259	2504.005
17.6405658875473	94.4666244267005	13920.833	914.708
16.0773671381063	94.8950240839807	14423.236	814.578
31.5907347274122	99.6306402954878	14771.998	1536.189
15.7469074024741	94.0949247240602	14529.652	816.232
41.7335966131227	99.97480002016	15455.425	2023.772
55.5383855692915	99.99910000072	15735.919	2599.506
0.499059600752319	8.56439314848548	2099.473	33.877
33.4348232521414	99.5653003477597	14565.886	1586.57
46.6040827167338	99.981640014688	15172.738	2204.14
21.6558426753259	97.5853019317585	14285.229	1042.92
34.9697020242384	99.8263001389599	15596.983	1732.663
0.196669842664126	3.48335721331423	872.517	14.948
49.991310006952	99.994240004608	15757.187	2442.364
22.5000619999504	98.426981258415	14746.537	1087.464
12.0550603559517	87.8365097307922	14209.055	621.513
0.39097968721625	6.80363455709235	1658.806	26.246
0.162219870224104	2.87423770060984	700.761	11.762
8.1309634952292	74.8736401010879	13663.358	432.466
0.174489860408112	3.09329752536198	761.12	10.941
30.9613452309238	99.4618004305596	15407.249	1586.756
44.3656645074684	99.980740015408	15803.81	2151.148
0.133879892896086	2.38319809344153	584.103	10.667
40.8945272843782	99.944020044784	15900.785	1943.435
26.0844991324007	99.3444405244476	14804.997	1292.18
58.0878035297572	99.999460000432	15672.426	2792.252
49.997410002072	99.993340005328	15369.23	2489.716
0.0685399451680439	1.22363902108878	305.106	6.2
9.60283231773415	83.1388734889012	14059.58	505.529
47.4923120061504	99.992620005904	15731.683	2233.831
0.267269786184171	4.69835624131501	1145.43	18.76
0.235949811240151	4.14701668238665	1022.06	18.212
15.4763376189299	93.4751852198518	14537.518	775.51
47.1709722632222	99.987040010368	15495.864	2248.28
40.8460473231621	99.941680046656	14973.546	1988.21
5.72151542278766	63.5872891301687	13113.873	328.354
0.0565099547920362	1.01141919086465	247.556	3.855
60.5388815688947	99.999820000144	15880.315	2969.232
2.58454793236165	37.0446903642477	8869.649	150.153
30.8589653128277	99.4378604497116	14423.792	1515.816
0.135639891488087	2.41235807011354	592.273	8.747
25.5957995233604	99.0375407699674	15320.434	1242.679
55.5737455410036	99.99910000072	15510.291	2786.225
6.26176499058801	68.0113255909395	13676.977	336.689
8.96095283123774	79.5289763768189	14060.249	454.496
3.23956740834607	42.9191656646675	10077.595	187.454
44.5801643358685	99.985240011808	15486.653	2171.125
52.9072976741619	99.997840001728	15690.409	2459.613
0.0534299572560342	0.956699234640612	239.321	5.289
3.26883738493009	43.2546853962517	10181.277	182.765
50.2382998093602	99.997480002016	15546.174	2416.765
40.7730973815221	99.93880004896	15211.162	1956.635
17.5861159311073	94.3570045143964	13826.885	871.045
0.481439614848308	8.27369338104529	2041.549	33.78
38.5718991424807	99.947260042192	15284.009	1841.929
11.5631607494714	85.993671205063	13612.3	584.711
19.7698041841567	95.1877038498369	14786.253	989.045
55.5419155664675	99.99910000072	15619.511	2706.697
40.9093072725542	99.944380044496	15795.155	2079.517
17.8070957543234	94.7755041795967	14002.02	894.197
44.5039043968765	99.982720013824	15603.507	2140.673
35.1448018841585	99.8536601170719	15553.346	1722.204
16.3416069267145	95.4523036381571	14668.161	832.544
0.263489789208169	4.63391629286697	1132.909	19.026
0.192379846096123	3.40379727696218	840.631	12.465
50.2832797733762	99.996940002448	15653.933	2546.317
0.0599299520560384	1.07117914305669	265.618	4.311
4.94100604719516	56.8619545104364	11852.775	255.849
55.4992856005715	99.998920000864	15810.524	2667.352
0.611689510648391	10.4412516469987	2517.457	40.336
15.7607873913701	94.1217447026042	14521.515	820.425
30.8968952824838	99.4484804412157	14514.119	1581.866
28.6119171104663	99.4205804635356	14518.21	1398.331
25.1406298874961	98.7612409910072	15368.042	1224.381
50.051019959184	99.994960004032	15385.495	2418.704
