0.0629999496000403	0.0800999359200513	19.186	0.988
12.1389902888078	12.1559302752558	479.539	238.23
77.3109381512495	77.3279381376495	2258.476	1554.496
5.39499568400345	5.41187567049946	255.369	107.788
0.474999620000304	0.491939606448315	41.293	6.434
0.211999830400136	0.229859816112147	34.886	2.942
1.06699914640068	1.08413913268869	71.901	16.268
0.00199999840000128	0.0199799840160128	6.474	0.441
0.00399999680000256	0.0199799840160128	6.369	0.437
8.09299352560518	8.11007351194119	319.532	161.302
27.3109781512175	27.3279381376495	864.685	526.324
0.316999746400203	0.334079732736214	36.398	4.224
0.141999886400091	0.159839872128102	23.933	1.737
0.00099999920000064	0.0179999856000115	5.774	0.391
0.013999988800009	0.0300599759520192	9.537	0.543
2.39899808080154	2.41595806723355	132.87	44.379
0.0199999840000128	0.035999971200023	12.975	0.593
18.2079854336117	18.2239054208757	578.49	348.1
37.3109701512239	37.3280101375919	1124.554	735.38
47.3109621512303	47.3280821375343	1407.697	940.607
0.0049999960000032	0.0219599824320141	7.054	0.476
0.0429999656000275	0.0601199519040385	18.229	0.779
0.711999430400456	0.728099417520466	65.245	11.246
0.00599999520000384	0.0219599824320141	6.951	0.482
3.5979971216023	3.61601710718631	160.202	66.409
0.0099999920000064	0.0260999791200167	8.306	0.49
87.3109301512559	87.3280101375919	2517.122	1768.846
1.59999872000102	1.61603870716903	84.21	27.205
57.3109541512367	57.3279741376207	1685.27	1174.255
97.3109221512623	97.3279021376783	2874.012	2251.938
0.0939999248000602	0.111959910432072	22.196	1.434
67.3099461520431	67.3258861392911	1973.361	1342.241
0.0289999768000186	0.0460799631360295	15.055	0.694
