27.3057781553775	30.9502552397958	463.847	277.695
37.3106301514959	40.9384472492422	604.161	378.364
0.141619886704091	1.85687851449719	46.363	6.621
0.0932799253760597	1.35269891784087	38.475	4.703
8.09059352752518	11.7289706168235	195.134	94.445
1.60493871604903	5.24627580297936	90.421	31.036
0.0130199895840083	0.224639820288144	8.412	0.927
0.288569769144185	2.64095788723369	47.578	10.886
5.39717568225945	9.02411278070977	161.022	64.967
0.0284299772560182	0.478439617248306	17.747	1.614
0.00938999248800601	0.165419867664106	7.445	0.753
0.00403999676800259	0.0719999424000461	3.6	0.58
0.0188699849040121	0.325079739936208	12.305	1.189
67.3150661479471	70.9437032450374	969.891	652.245
87.3097701521839	90.9443872444902	1205.432	1001.04
0.604069516744387	3.09779752176198	45.491	14.888
97.0436523650781	99.3955604835516	1230.926	1059.288
0.212559829952136	2.45465803627357	51.128	10.023
18.2054154356676	21.85396251683	343.259	189.903
0.003119997504002	0.0556199555040356	2.835	0.527
3.60294711764231	7.24733420213264	126.071	49.002
47.3111521510783	50.9525592379526	738.733	464.689
0.00620999503200397	0.110879911296071	4.493	0.617
0.0639099488720409	0.987299210160632	30.449	3.363
12.1399602880318	15.7894073684741	258.753	131.565
0.00193999844800124	0.0347399722080222	2.171	0.47
0.0418899664880268	0.681659454672436	22.919	2.48
0.00101999918400065	0.0181799854560116	1.618	0.41
2.39963808028954	6.02495518003586	107.53	37.455
57.3149541480367	60.959111232711	848.935	543.067
0.476179619056305	3.60827711337831	56.794	15.303
77.3133881492895	80.9624952300038	1106.093	748.288
1.06077915137668	4.61663630669096	71.584	23.463
