0.603909516872386	10.3075117539906	411.392	46.75
19.4024944780044	97.3192621445903	1936.878	1535.917
8.84274292580566	78.9713368229305	1777.839	541.244
47.4070720743423	99.994780004176	1967.903	1606.296
15.5330975735219	93.5808451353239	1904.429	1458.2
1.39205888635289	21.7445226043819	846.809	135.163
0.122369902104078	2.17529825976139	83.207	8.343
11.9449104440716	87.459410032472	1823.508	630.098
0.65576947538442	11.0327311738151	441.154	49.093
30.3240857407314	99.2720805823355	1966.633	1583.04
28.2619073904741	99.2735205811835	1943.342	1558.163
0.186169851064119	3.29669736264211	125.151	13.193
41.1055171155863	99.953740037008	2010.681	1617.97
4.29800656159475	54.3185565451548	1585.518	379.024
0.263139789488168	4.62635629891496	178.757	20.045
58.0872435302052	99.999820000144	2014.101	1621.494
2.64790788167369	37.8359697312242	1324.392	259.616
23.7421410062872	97.7042818365745	2020.17	1474.608
1.29056896754483	20.8443433245253	837.115	136.68
44.4680544255565	99.987580009936	2057.365	1527.986
55.5170855863315	99.999460000432	2012.579	1622.841
49.6154303076558	99.992980005616	2009.105	1610.238
0.400959679232257	6.96059443152445	277.298	30.44
52.8458577233138	99.998740001008	2090.502	1548.533
6.03060517551586	66.1137671089863	1659.854	455.049
22.0482723613821	97.9467416426067	1945.411	1541.516
33.6297630961895	99.6146203083038	2002.938	1603.428
0.0628099497520402	1.12283910172872	41.695	4.136
60.5329115736707	99.999820000144	2096.23	1560.255
38.7435490051608	99.962560029952	2070.393	1530.418
