89.100928719257	89.117928705657	2580.067	1747.392
69.1009447192442	69.1179647056282	1995.484	1380.817
44.1009647192282	44.1179647056282	1345.951	854.632
4.20099663920269	4.2179366256507	203.329	85.06
54.1009567192346	54.1180367055706	1614.921	1053.002
14.100988719209	14.118108705513	511.602	275.212
19.1009847192122	19.1179647056282	625.966	382.787
59.1009527192378	59.1180727055418	1840.189	1161.107
0.400999679200257	0.417959665632267	46.989	5.959
0.200999839200129	0.21797982561614	39.853	3.401
0.300999759200193	0.317879745696203	42.909	4.634
2.80099775920179	2.8180777455378	156.236	57.39
0.100999919200065	0.118079905536076	29.565	1.748
6.30099495920403	6.31799494560404	285.741	125.245
9.40099247920602	9.41813246549403	375.342	193.505
0.600999519200385	0.617939505648396	66.795	10.174
99.1009207192634	99.1178207057434	2728.988	1968.369
29.1009767192186	29.1178567057146	869.778	579.306
1.30099895920083	1.31795894563284	82.399	21.559
0.900999279200577	0.917999265600588	73.513	18.619
49.1009607192314	49.1180007055994	1543.543	954.597
84.1009327192538	84.1178927056858	2462.892	1694.191
1.90099847920122	1.91789846568123	102.183	33.696
64.100948719241	64.117928705657	1894.862	1251.622
34.1009727192218	34.1180727055418	1061.237	669.565
39.100968719225	39.117928705657	1262.199	763.847
79.1009367192506	79.1178567057146	2394.57	1536.228
24.1009807192154	24.1178207057434	804.933	476.476
74.1009407192474	74.1180007055994	2133.392	1472.21
94.1009247192602	94.1179647056282	2703.061	1884.661
