44.1009647192282	44.1179647056282	1771.119	939.132
54.1009567192346	54.1178567057146	2217.106	1158.733
59.1009527192378	59.1180727055418	2533.644	1197.665
1.90099847920122	1.91807846553723	95.279	35.882
19.1009847192122	19.1179647056282	820.38	407.505
64.100948719241	64.117928705657	2511.38	1367.206
0.600999519200385	0.617939505648396	43.749	11.192
99.1009207192634	99.1180007055994	4449.166	2005.981
0.400999679200257	0.418139665488268	27.747	6.123
4.20099663920269	4.2179366256507	193.643	90.783
34.1009727192218	34.1180727055418	1559.344	703.19
0.200999839200129	0.21797982561614	19.785	3.271
39.100968719225	39.117928705657	1652.98	814.408
94.1009247192602	94.1179647056282	3968.954	1934.155
24.1009807192154	24.1180007055994	1068.544	495.673
84.1009327192538	84.1178927056858	3527.566	1712.595
0.100999919200065	0.117899905680075	10.576	1.815
9.40099247920602	9.41795246563803	413.147	191.924
14.100988719209	14.118108705513	622.911	294.102
49.1009607192314	49.1180007055994	2015.243	1004.646
89.100928719257	89.117928705657	3258.899	1880.591
6.30099495920403	6.31799494560404	293.39	132.843
1.30099895920083	1.31795894563284	70.397	23.184
2.80099775920179	2.8180777455378	149.451	57.191
79.1009367192506	79.1180367055706	3080.684	1680.509
0.300999759200193	0.318059745552204	24.29	4.834
29.1009767192186	29.1180367055706	1351.416	592.037
0.900999279200577	0.917999265600588	56.732	13.916
74.1009407192474	74.1180007055994	3105.116	1574.085
69.1009447192442	69.1179647056282	2861.395	1422.498
94.1009247192602	94.1179647056282	3703.771	1920.414
0.400999679200257	0.417959665632267	26.977	6.153
0.100999919200065	0.118079905536076	11.491	2.099
59.1009527192378	59.1178927056858	2368.438	1249.704
4.20099663920269	4.2181166255067	199.279	89.599
99.1009207192634	99.1178207057434	4039.256	2092.626
54.1009567192346	54.1178567057146	2243.51	1105.759
19.1009847192122	19.1179647056282	821.606	389.776
44.1009647192282	44.1179647056282	1808.649	932.421
0.600999519200385	0.617939505648396	44.531	10.386
84.1009327192538	84.1180727055418	3267.601	1771.528
9.40099247920602	9.41795246563803	437.108	191.898
0.200999839200129	0.21797982561614	19.797	3.44
34.1009727192218	34.1178927056858	1414.133	704.851
1.90099847920122	1.91789846568123	92.818	36.902
29.1009767192186	29.1180367055706	1293.455	593.669
0.300999759200193	0.318059745552204	24.049	4.913
0.900999279200577	0.917999265600588	58.595	15.97
2.80099775920179	2.8178977456818	146.045	55.991
6.30099495920403	6.31799494560404	306.458	135.036
69.1009447192442	69.1179647056282	2799.128	1476.277
1.30099895920083	1.31795894563284	69.897	23.385
24.1009807192154	24.1180007055994	1004.635	515.547
14.100988719209	14.117928705657	616.435	303.146
39.100968719225	39.117928705657	1627.089	836.207
64.100948719241	64.117928705657	2555.863	1360.965
74.1009407192474	74.1180007055994	2897.599	1580.017
49.1009607192314	49.1180007055994	2128.327	1001.925
79.1009367192506	79.1180367055706	3359.866	1650.793
89.100928719257	89.117928705657	3709.445	1818.359
24.1009807192154	24.1180007055994	999.979	520.931
1.90099847920122	1.91789846568123	93.462	36.046
59.1009527192378	59.1178927056858	2359.75	1253.888
64.100948719241	64.118108705513	2577.159	1363.861
39.100968719225	39.117928705657	1695.66	789.662
4.20099663920269	4.2181166255067	196.911	88.738
19.1009847192122	19.1179647056282	787.385	409.521
0.100999919200065	0.118079905536076	10.665	1.814
34.1009727192218	34.1178927056858	1446.509	699.402
49.1009607192314	49.1180007055994	2165.237	1051.244
99.1009207192634	99.1178207057434	4002.796	2023.041
44.1009647192282	44.1179647056282	1851.764	910.624
54.1009567192346	54.1180367055706	2270.681	1107.688
2.80099775920179	2.8180777455378	154.102	59.336
