29.0987667209866	32.742513805989	2028.916	720.221
79.0932367254106	82.737113810309	4138.369	1945.427
49.0955707235434	52.7251978198417	2853.269	1204.21
2.60312791749767	5.14205588635529	846.092	66.136
0.198389841288127	2.3410781271375	544.588	8.015
0.903899276880578	4.42223646221083	782.197	25.6
74.0914607268314	77.7264578188338	4054.557	1765.051
4.19580664335469	7.83809372952502	949.108	105.017
1.29939896048083	4.89221608622713	814.38	38.466
19.1011047191162	22.7464018028786	1579.772	474.034
34.0968727225018	37.7258098193521	2242.429	850.34
6.29742496206003	9.94679204256637	1053.721	156.365
98.6644410684471	99.999820000144	4690.089	3928.791
84.0963427229258	87.7364298108562	4382.021	2068.286
88.9578988336809	91.6220867023306	4673.125	2179.117
39.093508725193	42.7411458070834	2488.877	913.607
0.598859520912383	3.9063568749145	791.017	17.965
44.1003047197562	47.7455018035986	2729.269	1042.813
0.0995299203760637	1.42919885664091	351.986	4.722
64.102328718137	67.7242258206193	3489.573	1559.832
0.400239679808256	3.36239731008215	730.961	13.984
69.0992947205642	72.7384818092145	3732.742	1688.769
24.0949807240154	27.7280778175377	1835.29	576.521
0.298459761232191	2.94209764632188	659.047	10.875
14.091378726897	17.7262058190353	1404.663	337.671
59.1063327149338	62.7380498095602	3384.369	1398.939
54.0938667249066	57.740713807429	3155.549	1281.303
1.89949848040122	5.54111556710755	838.537	49.093
93.9283248573401	96.5128627897098	4490.187	3765.081
9.39809248152602	13.0537695569844	1184.473	226.036
0.200339839728128	2.35385811691351	556.176	8.205
0.300699759440192	2.95847763321789	651.573	10.955
83.8314629348297	86.2310910151272	4490.97	2016.283
98.6014811188151	99.9955000036	4751.089	3902.549
19.0987947209642	22.7438818048946	1629.831	448.624
44.1024147180682	47.7492818005746	2759.693	1040.964
79.0996667202666	82.743413805269	4151.688	1958.422
0.604589516328387	3.9090568727545	732.234	22.132
93.8308149353481	96.2209030232776	4549.02	3816.093
0.901149279080577	4.42511645990683	783.888	30.013
0.398989680808255	3.34637732289814	714.85	13.929
2.80118775904979	6.43229485416412	873.443	75.975
4.20279663776269	7.83917372866102	950.725	107.581
24.1061507150794	27.7467978025618	1844.066	577.611
14.108788712969	17.7404258076594	1370.486	350.933
69.1004347196522	72.7413618069106	3727.146	1691.64
39.097368722105	42.7328658137073	2493.653	922.578
6.29539496368403	9.93347205322236	1034.147	159.076
74.0967007226394	77.7372578101938	3946.17	1843.917
49.0997107202314	52.7494978004018	2871.539	1192.765
1.90258847792922	5.54435556451555	858.059	52.082
29.1025467179626	32.7129938296049	2004.242	720.947
54.0933567253146	57.736033811173	3177.168	1296.021
1.29568896344883	4.89941608046714	806.097	37.19
89.081578734737	92.4765460187632	4550.138	2250.171
34.1053327157338	37.7528097977522	2232.749	836.436
9.39789248168601	13.0292895765683	1175.45	241.564
64.102908717673	67.7353858116913	3623.144	1546.336
0.100219919824064	1.44431884454492	352.872	5.766
59.0883027293578	62.7353498117201	3388.883	1396.869
49.0997107202314	52.7494978004018	2872.935	1217.793
39.102818717745	42.7508657993074	2424.423	969.069
44.1005947195242	47.7431618054706	2724.781	1046.396
84.0952927237658	87.7290498167602	4377.302	2084.211
29.0984867212106	32.7327938137649	2055.111	698.43
34.0959927232058	37.7472298022162	2233.395	830.498
98.6255910995271	99.99910000072	4678.577	3906.901
74.1040107167914	77.7287978169617	4061.781	1752.069
0.895069283944573	4.40639647488282	788.875	29.336
1.90322847741722	5.52455558035554	845.593	55.244
4.20060663951469	7.83269373384501	934.708	110.687
24.0971907222474	27.7401378078898	1797.624	589.44
2.79887776089779	6.44363484509212	879.304	76.188
6.29691496246803	9.91799206560635	1039.746	157.258
