4.20747663401869	34.39221248623	860.517	228.223
0.874079300736559	12.7501097999122	452.082	77.423
0.602459518032386	9.43559245152604	367.988	45.451
6.30630495495604	39.6989682408254	988.475	280.215
80.3667057066354	99.2962005630395	2120.855	810.148
91.5525467579626	99.999820000144	2218.109	863.999
12.2597901921678	37.2891301686959	925.909	279.061
62.6975098419921	89.3611085111132	1976.895	729.558
24.0711807430554	60.1626118699105	1415.631	458.393
17.8923656861074	45.1650238679809	1052.845	350.025
30.8172453462037	53.8222969421624	1262.387	431.813
0.132119894304085	2.25377819697744	93.311	10.251
53.4165272667782	83.2542533965973	1881.198	704.835
72.6593118725505	97.7761017791186	2148.167	803.3
0.0950899239280609	1.66787866569707	66.858	7.395
28.8936668850665	62.3818300945359	1427.043	500.517
0.290849767320186	4.86521610782711	199.263	25.635
9.20061263950989	41.7345866123307	990.987	301.941
88.7018390385288	99.999820000144	2215.69	849.305
43.9559648352281	78.3546573162741	1791.73	603.623
77.5546679562656	99.7958801632959	2167.636	829.303
2.78625777099378	28.153777476978	724.852	181.08
56.7468446025243	81.199915040068	1865.609	653.335
0.321119743104205	5.20199583840333	216.299	27.061
1.30332895733683	15.0332279734176	418.454	90.467
65.4815676147459	88.0040895967283	2022.146	725.716
45.1567538745969	67.3879860896111	1554.342	572.108
1.22451902038478	16.2730669815464	521.246	100.156
39.065788747369	75.2928597657122	1752.031	615.644
84.9596820322544	99.960220031824	2147.904	831.813
