0.00085999931200055	0.0154799876160099	1006.352	543.538
0.00179999856000115	0.0323999740800207	968.209	532.136
0.00244999804000157	0.0439199648640281	981.229	533.727
0.00349999720000224	0.0629999496000403	997.275	506.645
0.00532999573600341	0.0957599233920613	997.779	540.029
0.00875999299200561	0.1569598744321	955.708	534.569
0.0102299918160065	0.183239853408117	982.008	547.582
0.018789984968012	0.336959730432216	976.957	520.181
0.0267099786320171	0.477359618112305	1003.972	517.781
0.0381999694400244	0.680579455536436	974.1	535.067
0.0576499538800369	1.02167918265665	1012.627	502.178
0.0726299418960465	1.27835897731282	975.777	511.699
0.115059907952074	1.99439840448128	992.97	506.315
0.209519832384134	3.5870371303703	982.66	513.623
0.298249761400191	4.76153619077105	990.885	531.911
0.315919747264202	5.27039578368337	1011.933	535.564
0.667369466104427	10.1469518824385	1001.565	530.45
0.675449459640432	9.34955252035798	984.611	530.201
1.43809884952092	17.7224258220593	990.656	533.094
2.10610831511335	21.916422466862	972.955	514.636
3.21028743177005	26.9072784741772	1012.27	541.955
4.92376606098715	31.8398145281484	968.989	537.889
8.04429356456515	41.9770464183629	995.25	541.889
11.2523709981032	39.3531885174492	1016.379	524.541
18.0262555789955	51.7688585849131	998.224	567.017
27.2985481611615	63.6681090655127	1000.96	545.729
36.7836005731195	67.5939059248753	995.37	568.166
47.2959821632143	83.2276134179093	1000.478	568.013
56.270194983844	84.2951925638459	1055.061	588.164
66.6335066931946	95.8492033206373	1011.981	568.49
75.7446894042485	99.1489606808315	1067.094	573.353
84.0165927867258	99.97660001872	1027.811	606.878
90.5394075684739	100.0	1011.886	597.107
