89.092928725657	92.7159458272433	2010.519	1608.008
0.101179919056065	1.46087883129693	393.339	6.014
39.101328718937	42.7501457998834	1201.3	393.923
9.40002247998202	13.0526895578484	529.627	106.879
93.9069648744281	96.4316828546537	2065.538	1647.582
0.198759840992127	2.3396381282895	454.823	9.523
69.1018447185242	72.7393818084946	1776.598	677.896
24.0959507232394	27.7106178315057	838.085	255.823
44.0988347209322	47.7280418175665	1261.721	453.716
2.79948776040979	6.43355485315612	369.715	41.84
0.601039519168385	3.9034768772185	295.527	18.798
74.1042407166074	77.7500377999698	1967.845	707.008
84.1008427193258	87.7520897983282	1987.305	818.65
29.0545967563226	32.1990942407246	831.677	287.468
1.29847896121683	4.88051609558712	326.834	30.435
4.19996664002669	7.84133372693302	380.815	55.298
64.099178720657	67.7469058024754	1733.964	607.526
0.898599281120575	4.41611646710683	315.144	23.491
98.6670410663671	99.999640000288	2104.657	1697.955
6.29605496315603	9.94697204242237	451.802	76.839
49.1010907191274	52.7419378064498	1396.794	475.009
0.399629680296256	3.38543729165017	320.414	14.6
59.1025727179418	62.7472298022162	1634.436	566.944
34.0992627205898	37.7477698017842	1098.142	342.308
14.104338716529	17.7805657755474	618.455	160.556
19.1030947175242	22.7399218080626	748.833	202.716
1.89554848356121	5.51753558597153	339.213	36.073
0.299489760408192	2.95721763422589	387.405	12.993
79.0990967207226	82.751513798789	2014.888	748.965
54.1012267190186	57.7331538134769	1464.068	536.529
4.20026663978669	7.83701373038902	387.504	56.459
0.131029895176084	1.46915882467294	270.256	6.053
1.90118847904922	5.54867556105955	341.918	35.956
0.0883699293040566	1.2445190043848	322.194	4.659
1.29483896412883	4.81301614958708	284.625	27.515
29.1001067199146	32.744673804261	963.894	295.538
89.099908720073	92.7101858318513	2050.298	1618.504
54.0992967205626	57.740533807573	1518.495	526.236
64.105138715889	67.7303458157234	1700.998	634.591
0.599339520528384	3.9059968752025	309.24	19.986
98.6737210610231	99.999820000144	2127.939	1711.256
19.1026047179162	22.7341618126705	756.252	202.679
79.0994167204666	82.743953804837	1950.406	775.832
9.39820248143801	13.0408095673523	519.737	109.711
83.7934629652296	86.1265110987911	2013.962	800.086
59.1006827194538	62.7360698111441	1553.062	587.91
0.303229757416194	2.9626176299059	366.981	12.305
44.0992047206362	47.7366818106546	1307.358	446.907
24.1029407176474	27.7649777880178	841.417	256.048
6.30638495489204	9.94031204775036	453.805	78.822
69.0991147207082	72.7638617889106	1832.473	673.869
49.1042907165674	52.7539977968018	1348.891	490.662
2.79629776296179	6.45353483717213	356.662	43.759
0.400379679696256	3.37337730129816	318.274	14.613
94.0963047229562	97.7138218289425	2154.009	1600.83
34.1014427188458	37.7441698046642	1085.776	351.014
74.1025207179834	77.7170978263217	1899.41	742.28
39.100018719985	42.7395258083794	1193.62	389.733
0.901459278832577	4.42601645918683	315.414	23.943
14.095408723673	17.7472658021874	633.169	156.729
19.0998547201162	22.7395618083506	754.714	203.446
0.294829764136189	2.91329766936186	375.298	12.415
29.0966567226746	32.734413812469	946.385	313.185
0.20246983802413	2.37491810006552	440.35	9.505
79.0974767220186	82.7104738316209	2012.266	761.247
39.105458715633	42.7512257990194	1162.116	409.58
89.065128747897	92.269186184651	2016.244	1592.468
98.5996411202871	99.9955000036	2361.772	1832.092
24.1011607190714	27.7394178084658	864.174	247.568
84.1002327198138	87.7517297986162	1985.404	812.819
0.900349279720576	4.41719646624283	315.419	23.428
0.598739521008383	3.9115768707385	305.693	18.704
48.7953809636952	51.1255390995687	1240.542	473.463
34.0987627209898	37.7526297978962	1094.006	344.128
54.1065867147306	57.748093801525	1485.43	548.383
14.092938725649	17.7424058060754	609.082	160.64
2.79937776049779	6.43967484826012	356.444	44.005
64.101448718841	67.7339458128433	1663.893	630.599
44.1017947185642	47.7397418082066	1315.338	437.341
59.1005527195578	62.7403898076882	1551.995	591.849
6.29802496158003	9.93995204803836	458.933	77.832
0.400269679784256	3.37175730259416	323.995	15.147
69.1022547181962	72.7262418190065	1843.843	663.017
74.1025507179594	77.7372578101938	1873.818	735.801
4.19945664043469	7.82675373859701	403.074	55.527
9.40036247971002	13.0388295689363	514.444	109.78
93.794544964364	96.1337830929735	2088.777	1655.044
1.29833896132883	4.90553607557114	316.213	26.655
1.90040847967322	5.54165556667555	349.372	33.904
0.0992199206240635	1.41749886600091	380.367	5.826
68.700345039724	70.9282232574214	1610.655	669.15
44.0993447205242	47.7489218008626	1312.524	435.036
98.6474910820071	99.99910000072	2188.009	1650.692
94.0316447746842	97.0010223991821	2076.874	1660.385
0.198359841312127	2.31551814758548	436.315	9.203
24.1030607175514	27.7296978162417	842.345	257.232
84.1046127163098	87.7270698183441	2060.627	807.591
54.1023367181306	57.755653795477	1540.152	527.698
89.091368726905	92.6133459093233	2022.294	1593.143
9.40154247876602	13.0348695721043	516.306	110.439
78.8317269346185	81.227815017748	2017.925	750.986
0.594579524336381	3.9101368718905	311.231	19.942
39.099198720641	42.7476258018994	1140.002	397.88
74.0980307215754	77.7482378014098	1888.741	734.796
0.899269280584576	4.43303645357084	310.734	22.654
34.0973527221178	37.7513697989042	1053.995	353.07
0.100869919304065	1.44323884540892	387.218	5.798
1.30191895846483	4.91525606779515	322.891	27.393
0.295969763224189	2.91995766403387	376.005	14.499
1.90420847663322	5.53949556840355	342.708	36.31
29.1005867195306	32.738913808869	948.036	311.531
64.099508720393	67.7508657993074	1719.232	669.168
