84.0713427429258	87.3481701214639	4405.249	2136.524
84.0953327237338	87.7283298173361	4411.028	2153.958
69.1052847157722	72.7485618011506	3918.995	1702.787
0.298649761080191	2.93957764833788	661.112	12.674
4.20041663966669	7.82099374320501	948.532	112.75
0.0990099207920634	1.43261885390492	353.142	7.583
88.9312888549689	91.5236267810986	4624.536	2251.294
0.198979840816127	2.35277811777751	554.428	9.034
33.9779928176057	36.7170906263275	2220.331	873.546
6.29680496255603	9.92735205811835	1045.929	166.565
14.099778720177	17.7395258083794	1449.18	361.891
0.603509517192386	3.9115768707385	762.018	19.989
0.71909942472046	3.07439754048197	508.882	20.228
6.30427495658004	9.95561203551037	1082.005	164.557
9.39764248188601	13.0597095522324	1175.667	245.725
14.098658721073	17.7397058082354	1403.242	374.498
0.199009840792127	2.3362181310255	557.537	9.389
24.1049307160554	27.7381578094738	1866.495	595.717
19.1001247199002	22.7485618011506	1655.344	477.063
24.1041607166714	27.7610177911858	1807.938	618.351
0.596579522736382	3.9014968788025	746.127	20.289
59.0997227202218	62.7308498153201	3368.469	1501.892
54.1014267188586	57.7122738301809	3157.342	1387.074
0.100749919400064	1.44287884569692	349.449	5.404
0.298549761160191	2.95991763206589	653.652	11.97
43.9578448337241	46.6226627018698	2619.79	1110.89
0.201129839096129	2.3450381239695	550.181	9.149
29.0986467210826	32.7363938108849	2130.726	733.214
0.402709677832258	3.37175730259416	685.716	15.502
9.39585248331801	13.0323495741203	1233.344	240.909
0.301619758704193	2.95523763580989	658.483	15.259
73.7928709657032	76.1257190994247	3655.809	1910.263
44.0982147214282	47.7465818027346	2676.821	1115.706
69.0955047235962	72.7447818041746	3884.24	1720.001
64.105148715881	67.7364658108274	3687.621	1570.681
39.098658721073	42.7352058118353	2466.066	1012.987
79.0951767238586	82.743953804837	4283.79	2007.25
39.100938719249	42.7341258126993	2585.085	978.804
44.0964447228442	47.7323618141105	2713.34	1119.184
98.6491910806471	99.99910000072	4664.092	2485.708
59.0987627209898	62.7461498030802	3374.513	1507.836
19.0970147223882	22.7366818106546	1592.538	496.594
88.9746488202809	91.7140666287467	4424.962	2259.377
79.0735067411946	82.4050140759887	4221.095	1938.651
49.1002507197994	52.7451778038578	2972.867	1224.122
39.111808710553	42.7303458157233	2592.934	993.604
49.1038607169114	52.7484178012658	3043.352	1214.326
0.400599679520256	3.36383730893015	724.642	17.991
64.017168786265	66.9230464615628	3480.005	1560.857
98.6473510821191	99.999460000432	4863.43	2424.613
98.6014811188151	99.9955000036	4757.775	2496.04
0.401429678856257	3.37211730230616	714.673	18.164
29.1012867189706	32.736933810453	2055.926	751.093
44.0961647230682	47.7332618133905	2778.686	1097.506
94.0144947884042	96.907782473774	4995.094	2301.572
89.081578734737	92.4765460187632	4671.356	2271.149
39.091698726641	42.7224258220593	2509.182	1021.138
89.097028722377	92.7208058233553	4575.256	2286.937
49.1051807158554	52.7471578022738	2951.58	1267.201
74.0993607205114	77.7010778391377	4117.282	1817.676
74.0994907204074	77.7428378057297	4020.049	1899.409
59.0961527230778	62.7119498304401	3421.823	1460.397
29.0991967206426	32.733693813045	2024.281	744.973
3.97436682050654	6.41591486726811	679.746	105.574
98.6707310634151	99.999640000288	4850.825	2413.715
79.1001767198586	82.742693805845	4207.322	1999.892
74.0990107207914	77.7257378194097	4118.418	1833.537
4.20144663884269	7.84997372002102	936.23	116.152
0.298159761472191	2.93759764992188	657.445	12.186
34.0953627237098	37.7409298072562	2313.708	839.52
0.059359952512038	0.836819330544536	207.053	3.346
94.0256747794602	97.0058823952941	4811.564	2294.967
64.103338717329	67.7623857900914	3544.688	1640.192
14.097808721753	17.7301658158673	1435.57	356.934
2.77540777967378	6.0893951284839	799.622	78.885
2.79912776069779	6.44579484336413	883.062	81.187
49.0985307211754	52.7527377978098	2983.497	1205.367
83.9257428594057	86.5286307770954	4378.23	2113.856
54.1014967188026	57.737653809877	3260.478	1346.622
18.752464998028	21.0274031780775	1259.695	485.114
79.0977267218186	82.750973799221	4250.188	2012.156
94.0930647255482	97.7168818264945	4941.123	2292.596
6.29588496329203	9.94265204587836	1077.506	168.973
69.0993847204922	72.7210218231825	3819.775	1764.412
34.1012727189818	37.7425498059602	2366.903	862.521
0.598899520880383	3.9070768743385	771.92	19.469
69.0886847290522	72.5968219225425	3862.924	1690.15
0.602139518288385	3.9072568741945	767.291	23.707
9.39726248219001	13.0301895758483	1185.22	252.049
2.79727776217779	6.44435484451612	892.947	81.156
19.1052647157882	22.7431618054706	1678.008	479.463
34.0911227271018	37.6338298929361	2235.11	871.207
29.1033167173466	32.743233805413	2069.581	719.187
14.096988722409	17.7325058139953	1399.048	350.768
64.094098724721	67.7350258119794	3632.211	1582.279
0.188689849048121	2.1844782524174	508.761	10.892
24.1022407182074	27.7304178156657	1857.425	621.007
6.30214495828403	9.94535204371837	1052.546	167.578
0.101049919160065	1.44737884209693	354.037	5.119
4.20032663973869	7.84637372290102	957.588	118.439
24.1050507159594	27.7568777944978	1803.363	620.184
93.7891249687	96.1181231055015	4682.362	2291.225
2.79960776031379	6.45101483918813	897.249	81.355
59.0977627217898	62.7315698147441	3393.782	1535.6
84.1002327198138	87.7339098128722	4597.754	2048.523
54.0974567220346	57.745933803253	3214.935	1392.936
0.399719680224256	3.35285731771415	713.843	14.922
9.39310248551801	13.0397295682163	1180.512	250.932
54.0958467233226	57.745753803397	3187.569	1386.322
19.0970547223562	22.7298418161265	1601.152	496.165
44.0988547209162	47.7282218174225	2821.324	1089.553
98.6292410966071	99.997840001728	4648.041	2550.701
98.6706310634952	99.999820000144	4720.551	2486.821
44.0989147208682	47.7390218087826	2687.733	1137.014
0.302849757720194	2.9708976232819	661.448	13.255
69.0956347234922	72.7305618155505	3957.498	1714.614
34.0992727205818	37.7486698010642	2321.327	889.083
38.8381289294969	41.2289670168264	2186.164	1006.77
0.399459680432256	3.35033731973014	694.686	15.098
0.598429521256383	3.9139168688665	747.834	23.678
74.0984407212474	77.7505777995378	4109.362	1814.763
83.8670429063657	86.3358509313193	4560.078	2070.369
0.399739680208256	3.36347730921815	722.038	18.986
79.0842867325706	82.5149939880048	4320.541	1951.475
54.0996067203146	57.752593797925	3295.687	1339.068
29.1056267154986	32.7324338140529	2137.879	736.328
6.29354496516403	9.95633203493437	1036.413	172.927
19.1017247186202	22.7379418096466	1614.035	501.751
14.102838717729	17.7415058067954	1444.255	363.058
89.095178723857	92.7294458164433	4631.025	2320.062
2.80202775837779	6.43607485114012	899.945	79.567
34.1048727161018	37.7616297906962	2360.073	868.446
69.0981547214762	72.7329018136786	3740.281	1759.192
9.39829248136602	13.0555695555444	1172.595	249.354
49.1075907139274	52.7487778009778	3018.952	1212.852
68.79257496594	71.1278430977255	3492.928	1753.848
79.0992767205786	82.742693805845	4380.345	1934.544
74.1065807147354	77.7388778088978	4064.609	1833.271
0.200399839680128	2.3452181238255	552.2	9.055
49.1019807184154	52.7388778088978	3017.652	1211.302
89.091688726649	92.6326058939153	4566.708	2254.724
6.29874496100403	9.94283204573436	1071.178	166.809
19.1012847189722	22.7415418067666	1681.057	483.114
0.225459819632144	2.06243835004932	451.299	9.187
84.0959327232538	87.7385898091282	4410.771	2119.63
4.19659664272269	7.82873373701301	959.39	113.25
0.599489520408384	3.9119368704505	776.643	23.857
64.102138718289	67.7456458034834	3593.47	1629.181
84.0986327210938	87.7335498131602	4537.624	2096.486
0.29693976244819	2.93993764804988	670.393	13.032
98.6491910806471	99.99910000072	4760.371	2376.894
54.0982567213946	57.739453808437	3304.744	1349.791
34.1041427166858	37.7623497901202	2383.939	853.169
44.1023947180842	47.7366818106546	2698.437	1152.437
54.1041767166586	57.7268538185169	3160.953	1394.095
0.0900599279520576	1.28159897472082	316.551	4.746
9.39710248231801	13.0530495575604	1219.536	244.905
94.0404847676122	97.0886823290541	4850.977	2371.534
0.300129759896192	2.94695764243389	664.383	12.189
2.79376776498579	6.44507484394012	903.12	82.435
0.598909520872383	3.92021686382651	759.321	24.349
14.097708721833	17.7355658115473	1409.498	368.458
74.0982807213754	77.7408578073138	4098.447	1804.518
44.0991347206922	47.7366818106546	2832.173	1122.885
6.29743496205203	9.93041205567036	1044.581	171.852
2.79932776053779	6.43949484840412	877.19	76.695
0.100839919328065	1.44827884137693	348.988	7.385
0.098489921208063	1.41893886484891	350.131	5.267
2.80087775929779	6.44327484538012	897.706	77.79
14.105148715881	17.7548257961394	1424.972	368.46
34.1007327194138	37.7490298007762	2269.36	869.647
4.20227663817869	7.84943372045302	961.745	116.827
6.30686495450804	9.93653205077436	1056.491	170.858
0.200499839600128	2.35835811331351	556.755	12.066
39.103538717169	42.7418658065074	2512.374	1002.244
29.1098467121226	32.741973806421	2074.353	753.066
79.1000067199946	82.7365738107409	4331.257	1929.758
59.1007627193898	62.7330098135921	3389.467	1513.461
0.399739680208256	3.36869730504216	729.862	18.284
39.099058720753	42.7310658151473	2521.695	1007.014
64.100508719593	67.7634657892274	3680.099	1567.552
24.0976307218954	27.7460778031378	1835.222	633.651
14.089248728601	17.7490658007474	1390.837	371.668
98.6707310634151	99.999640000288	4713.285	2487.302
93.9727348218121	96.7162626269899	4608.02	2413.82
39.098118721505	42.7373658101073	2495.924	1015.275
0.200379839696128	2.3507981193615	548.631	9
29.1079567136346	32.7333338133329	2046.045	744.806
59.0920827263338	62.7195098243921	3458.816	1465.046
89.092848725721	92.7364658108274	4639.353	2269.177
93.9727348218121	96.7162626269899	4605.313	2423.824
64.095468723625	67.7141458286833	3725.01	1572.08
4.20032663973869	7.84637372290102	979.81	114.379
88.9291088567129	91.5187667849866	4351.178	2246.529
24.1062307150154	27.7471578022738	1917.624	606.275
0.602739517808386	3.91715686627451	744.409	24.191
0.0996599202720638	1.43189885448092	348.991	5.352
9.39171248663001	13.0386495690803	1233.939	244.271
29.1047567161946	32.744493804405	2025.546	740.398
49.0993807204954	52.7395978083218	2915.202	1268.538
9.40252247798202	13.0530495575604	1197.338	253.665
74.1014207188634	77.7278978176818	3989.015	1888.355
24.1015307187754	27.7412178070258	1858.375	608.9
84.1020227183818	87.7236498210801	4466.609	2181.486
69.0958047233562	72.7375818099346	3929.41	1700.844
94.0861847310522	97.5718019425585	5005.883	2349.406
4.20045663963469	7.83935372851702	979.074	115.68
24.0946407242874	27.7293378165297	1892.891	600.937
0.198649841080127	2.33279813376149	554.912	9.621
0.402019678384257	3.36707730633815	716.843	18.88
19.0928147257482	22.7251618198705	1658.29	482.452
49.1017107186314	52.7359978112017	3038.27	1233.572
59.1066127147098	62.7385898091282	3500.159	1481.775
54.0982867213706	57.734413812469	3100.254	1398.546
64.098718721025	67.7368258105394	3583.401	1629.778
59.0991827206538	62.7463298029362	3490.062	1463.051
79.1022167182266	82.727753817797	4350.998	1950.77
54.0658067473546	57.3331941334447	2997.753	1398.722
29.1046567162746	32.753133797493	2090.171	724.593
59.1027427178058	62.7528097977522	3381.867	1541.301
44.0987947209642	47.7402818077746	2760.937	1104.395
19.0988647209082	22.7446018043186	1643.381	476.809
24.0957007234394	27.7509377992498	1869.898	596.032
34.0962227230218	37.7216698226641	2339.325	851.088
74.0973507221194	77.7327578137938	3969.574	1877.836
14.100468719625	17.7301658158673	1412.196	376.084
14.101318718945	17.7375458099634	1416.544	372.326
44.1007547193962	47.7478418017266	2694.042	1130.48
89.095068723945	92.7222458222033	4677.293	2265.772
89.088318729345	92.6047059162353	4733.249	2209.875
84.0975027219978	87.7407498074001	4520.373	2044.069
0.29687976249619	2.94443764444988	658.079	12.386
64.093888724889	67.7425858059314	3545.7	1625.894
14.098948720841	17.7337658129874	1374.919	365.128
29.1066667146666	32.742873805701	2104.303	745.77
6.29850496119603	9.93275205379836	1053.683	170.887
9.40233247813402	13.0318095745523	1206.8	239.379
49.0897307282154	52.6400578879537	2973.035	1209.752
69.0996947202442	72.7278618177105	3944.014	1716.998
64.101548718761	67.7494258004594	3617.907	1661.637
79.1019167184666	82.743233805413	4212.59	2002.409
79.1021167183066	82.732613813909	4259.748	2017.681
39.098598721121	42.7499658000274	2536.077	953.162
79.0900067279946	82.6651138679089	4335.671	1949.83
93.9966948026442	96.816342546926	5006.517	2299.981
0.950389239688608	3.122277502178	465.862	29.249
89.097728721817	92.7182858253713	4678.168	2262.837
24.1020307183754	27.7446378042898	1864.104	596.654
49.1028807176954	52.7464378028498	2932.389	1268.827
0.597369522104382	3.88709689032249	767.911	20.599
0.398659681072255	3.36239731008215	715.557	17.816
58.7471830022536	61.0244511804391	2993.819	1503.002
64.094938724049	67.7415058067954	3681.767	1576.311
0.596669522664382	3.87989689608248	761.833	19.941
0.199179840656127	2.32559813952149	541.861	9.118
0.399959680032256	3.35357731713815	704.549	18.326
84.0949127240698	87.7180698255441	4372.36	2102.226
98.6706310634952	99.999820000144	4712.669	2498.172
9.39883248093401	13.0408095673523	1205.377	249.483
49.0977707217834	52.7363578109138	2882.871	1250.283
54.0961667230666	57.7365738107409	3155.885	1387.309
2.79796776162579	6.43031485574812	899.817	77.745
34.0954527236378	37.7351698118642	2278.315	893.331
69.0967947225642	72.7377618097906	3780.341	1758.121
98.6255910995271	99.99910000072	4739.199	2520.05
9.40317247746202	13.0593495525204	1235.842	242.163
39.097128722297	42.7325058139953	2595.731	966.333
6.29723496221203	9.93167205466236	1039.295	172.919
84.0975027219978	87.7407498074001	4380.384	2108.603
0.0994599204320637	1.43207885433692	349.493	5.507
2.79862776109779	6.44363484509212	910.056	81.712
93.8317349346121	96.2219830224136	4921.565	2318.489
6.29733496213203	9.93887204890236	1074.385	173.533
69.1062047150362	72.7305618155505	3766.054	1746.63
0.596399522880382	3.9022168782265	750.692	20.574
0.299869760104192	2.93237765409788	646.601	12.574
69.0956847234522	72.7280418175665	3889.967	1692.988
94.0931647254682	97.6924018460785	4849.153	2299.349
24.0989907208074	27.7313178149457	1867.228	598.027
98.6255910995271	99.99910000072	4955.49	2416.027
