9.40099247920602	9.41795246563803	674.355	435.223
69.1009447192442	69.1177847057722	4155.002	3193.303
79.1009367192506	79.1178567057146	4596.039	3336.129
0.900999279200577	0.917999265600588	116.5	38.068
14.100988719209	14.118108705513	910.87	607.054
49.1009607192314	49.1180007055994	3170.051	2132.308
64.100948719241	64.117928705657	3783.188	2689.087
24.1009807192154	24.1180007055994	1542.786	1029.247
0.400999679200257	0.417959665632267	76.152	15.966
0.600999519200385	0.617939505648396	94.204	24.594
4.20099663920269	4.2179366256507	349.419	198.153
54.1009567192346	54.1178567057146	3213.371	2442.361
34.1009727192218	34.1178927056858	2044.445	1471.906
44.1009647192282	44.1179647056282	2852.853	1938.248
89.100928719257	89.117928705657	5439.08	4332.179
1.30099895920083	1.31795894563284	148.042	59.637
0.100999919200065	0.117899905680075	45.232	4.563
6.30099495920403	6.31799494560404	478.299	282.638
19.1009847192122	19.1179647056282	1227.031	912.995
1.90099847920122	1.91807846553723	183.135	84.984
99.1009207192634	99.1180007055994	5586.722	4339.281
94.1009247192602	94.1179647056282	5681.768	4298.984
0.300999759200193	0.317879745696203	68.872	12.285
59.1009527192378	59.1178927056858	3585.712	2664.389
84.1009327192538	84.1178927056858	4988.455	3769.983
0.200999839200129	0.21797982561614	63.506	8.072
29.1009767192186	29.1178567057146	1764.39	1281.934
2.80099775920179	2.8178977456818	239.458	120.852
39.100968719225	39.117928705657	2349.362	1732.298
74.1009407192474	74.1180007055994	4673.535	3240.14
