1.90050847959322	22.7334418132466	3887.454	151.908
79.9593060325552	98.9981208015034	2061.904	845.967
5.05560595551524	28.3778772976982	731.876	195.588
4.11164671068263	32.841153727077	1900.991	218.233
0.127589897928082	2.1808782552974	766.826	9.494
0.302519757984194	5.07167594265925	1726.323	25.222
2.80136775890579	28.4604972316022	2559.465	181.344
85.2340618127506	99.983980012816	2142.312	838.526
88.4679792256166	99.99640000288	2135.115	828.348
58.6625830699335	90.0940679247457	1909.614	746.859
19.0851747318602	55.4080956735235	2414.311	423.082
0.454999636000291	7.01747438602049	2088.973	35.097
1.13446909242473	14.8874280900575	3351.182	91.909
0.0994299204560636	1.74383860492912	653.812	8.256
21.9713424229261	46.813282549374	2236.75	359.742
8.06216355026916	33.3883532893174	861.648	237.165
14.091218727025	50.2582997933602	2375.799	366.809
91.5481167615066	100.0	2112.615	869.773
53.8610569111545	87.0801503358797	1956.075	716.961
63.1197295042164	91.2372470102024	1945.65	755.126
73.1715314627748	99.2771205783035	2147.382	829.461
31.5104347916522	55.5072755941795	1294.013	454.872
0.897039282368574	13.1482694813844	3603.593	84.22
44.0283047773562	79.5505763595389	2508.876	639.355
28.9967068026346	63.7271490182808	2061.091	498.609
75.2245098203921	96.5035027971978	2004.051	798.823
0.399939680048256	6.5678347457322	2156.341	30.547
67.3337261330191	92.7341258126993	2021.517	750.838
48.7321110143112	80.8487353210117	2342.454	666.387
39.008118793505	74.0145007883994	2210.028	586.359
