84.1009327192538	84.1178927056858	1882.908	752.972
34.1009727192218	34.1178927056858	851.825	295.025
1.30099895920083	1.31813894548884	36.191	10.941
94.1009247192602	94.1179647056282	2055.723	1636.528
0.200999839200129	0.21797982561614	8.494	1.72
24.1009807192154	24.1180007055994	631.265	220.304
1.90099847920122	1.91807846553723	50.271	16.124
0.100999919200065	0.117899905680075	5.075	1.117
64.100948719241	64.117928705657	1471.312	598.265
14.100988719209	14.117928705657	425.439	124.161
29.1009767192186	29.1178567057146	736.725	257.035
49.1009607192314	49.1180007055994	1166.878	428.527
9.40099247920602	9.41795246563803	302.955	81.546
4.20099663920269	4.2181166255067	103.489	35.339
0.400999679200257	0.417959665632267	13.236	3.562
19.1009847192122	19.1179647056282	526.208	169.889
0.900999279200577	0.917999265600588	25.431	7.308
74.1009407192474	74.1178207057434	1662.795	677.367
99.1009207192634	99.1178207057434	2102.097	1698.654
79.1009367192506	79.1178567057146	1831.526	722.2
89.100928719257	89.117928705657	1983.445	802.803
0.600999519200385	0.617939505648396	18.332	5.189
2.80099775920179	2.8180777455378	74.63	24.376
0.300999759200193	0.318059745552204	10.39	2.557
59.1009527192378	59.1178927056858	1417.088	522.875
6.30099495920403	6.31799494560404	202.615	56.495
69.1009447192442	69.1179647056282	1604.124	632.336
39.100968719225	39.117928705657	939.233	355.159
44.1009647192282	44.1179647056282	1093.787	387.399
54.1009567192346	54.1178567057146	1255.219	507.922
