44.0993347205322	44.4633844292925	1105.336	430.97
2.79928776056979	3.17033746373003	146.049	27.836
89.101688718649	89.4622684301853	2052.024	788.152
59.0985927211258	59.4634924292061	1431.52	542.971
99.1005907195274	99.4655804275357	2236.069	898.747
1.30037895969683	1.66355866915306	125.294	13.865
0.400209679832256	0.764279388576489	76.674	6.054
54.1006767194586	54.4652564277949	1342.369	499.341
4.20050663959469	4.56587634729892	216.364	41.532
0.197729841816127	0.556379554896356	58.295	4.952
69.0989247208602	69.4637444290044	1607.412	658.058
0.900169279864576	1.26395898883281	84.933	10.621
74.0978307217354	74.4587404330076	1733.202	688.928
19.0987747209802	19.4646444282845	549.332	185.795
29.0990967207226	29.4659764272189	792.918	271.629
0.100289919768064	0.451799638560289	51.51	2.922
39.100568719545	39.4651484278813	979.157	377.355
64.097588721929	64.4638884288893	1560.498	586.448
14.100158719873	14.4628084297533	420.519	133.857
49.1014507188394	49.4657604273917	1191.881	446.48
24.1013707189034	24.4720604223517	709.454	234.314
94.0992747205802	94.4696844242525	2071.91	870.573
84.0999527200378	84.4692524245981	1922.593	791.164
1.90138847888922	2.26493818804945	125.442	18.569
0.600659519472384	0.963179229456616	83.106	7.915
0.301169759064193	0.662219470224424	70.927	5.018
6.30120495903603	6.66809466552427	244.442	62.891
9.39987248010202	9.76391218887025	348.534	89.692
79.0984467212426	79.4645364283709	1829.955	738.633
34.0993727205018	34.4602524317981	854.243	335.273
