0.00932999253600597	0.164339868528105	17.363	0.692
0.0269699784240173	0.45377963697629	15.785	2.31
0.712879429696456	4.13189669448264	98.904	21.241
0.141619886704091	1.85687851449719	46.363	6.621
0.0932799253760597	1.35269891784087	38.475	4.703
8.09059352752518	11.7289706168235	195.134	94.445
0.0130199895840083	0.224639820288144	8.412	0.927
0.288569769144185	2.64095788723369	47.578	10.886
5.39717568225945	9.02411278070977	161.022	64.967
0.0949999240000608	1.38095889523288	39.185	6.572
0.0284299772560182	0.478439617248306	17.747	1.614
0.28182977453618	2.04533836372931	45.89	8.599
0.06246995002404	0.963539229168617	31.012	3.935
0.00938999248800601	0.165419867664106	7.445	0.753
0.297809761752191	2.73707781033775	66.491	11.847
0.0279299776560179	0.471959622432302	47.088	1.393
3.6006171195063	7.23977420818063	202.655	48.335
0.00403999676800259	0.0719999424000461	3.6	0.58
0.0129499896400083	0.226079819136145	23.538	0.848
0.0188699849040121	0.325079739936208	12.305	1.189
0.604069516744387	3.09779752176198	45.491	14.888
0.473229621416303	3.5891971286423	66.52	17.857
0.14056988754409	1.84949852040118	44.709	7.725
0.209269832584134	2.40641807486554	64.313	10.394
3.60403711677031	7.24841420126864	199.891	49.427
0.0948199241440607	1.37375890099288	42.218	5.358
3.5966371226903	7.21781422574862	123.108	50.115
0.212559829952136	2.45465803627357	51.128	10.023
0.00636999490400408	0.111599910720071	12.388	0.945
5.39410568471545	9.02051278358977	155.155	67.193
0.482779613776309	2.53781796974562	80.59	12.525
0.211249831000135	2.41829806536155	52.068	11.835
0.0940399247680602	1.37177890257688	111.122	6.014
8.09295352563718	11.7212306230155	212.686	92.662
3.60294711764231	7.24733420213264	126.071	49.002
0.0420999663200269	0.682199454240437	68.737	2.405
0.0184799852160118	0.318419745264204	11.45	1.539
0.13990988807209	1.85147851881718	131.791	8.289
0.0285499771600183	0.482579613936309	17.712	1.927
0.0628099497520402	0.974519220384624	86.335	3.15
0.00620999503200397	0.110879911296071	4.493	0.617
0.0639099488720409	0.987299210160632	30.449	3.363
0.00424999660000272	0.0748799400960479	8.346	0.559
5.39591568326745	9.03581277134978	250.332	71.565
0.0625999499200401	0.971819222544622	32.009	3.803
8.09272352582118	11.7151106279115	328.825	93.813
0.0189399848480121	0.32759973792021	11.794	1.226
0.0418899664880268	0.681659454672436	22.919	2.48
0.0424999660000272	0.692819445744443	25.689	2.798
0.314149748680201	3.01517758785793	57.532	15.087
8.09101352718918	11.7048506361195	257.419	94.164
0.474829620136304	3.5864971308023	133.173	14.484
0.14072988741609	1.85597851521719	51.147	7.126
0.0035999971200023	0.0644399484480412	3.361	0.573
0.00847999321600543	0.149579880336096	6.21	0.672
0.00915999267200586	0.160199871840103	6.8	0.917
0.708129433496453	4.09931672054662	65.926	22.473
0.310489751608199	2.99339760528192	135.835	12.715
0.0194499844400124	0.332459734032213	35.216	1.088
0.00391999686400251	0.0700199439840448	3.391	0.506
0.0407599673920261	0.67211946230443	23.858	3.177
0.012519989984008	0.21851982518414	8.117	1.009
0.208599833120133	2.40983807212954	140.503	9.052
5.39936568050746	9.04067276746179	227.618	63.974
0.476179619056305	3.60827711337831	56.794	15.303
0.0139099888720089	0.241379806896154	9.577	1.036
0.00564999548000362	0.100619919504064	4.627	0.641
