3.14669748264201	41.8708465033228	9827.292	177.347
0.0493999604800316	0.884879292096566	215.094	3.72
0.476429618856305	8.17883345693324	1978.784	31.577
7.92300366159707	73.6203011037591	13376.413	435.325
15.7285074171941	94.1057247154202	14263.139	813.225
55.4492456406035	99.998560001152	15600.091	2674.243
0.181529854776116	3.21785742571406	786.727	14.239
31.32042494366	99.5654803476157	14913.561	1497.029
40.5301075759139	99.925660059472	15950.119	1913.608
5.94640524287581	65.4162676669859	13189.486	310.852
35.1595418723665	99.8642801085759	15007.484	1675.918
1.82058854352917	27.9973576021139	6779.351	119.048
46.7613425909259	99.982360014112	15934.228	2195.439
12.4201900638479	89.2687685849851	13882.037	638.868
17.0705063435949	93.3689853048118	13655.968	879.138
44.4029444776444	99.981820014544	15524.645	2155.686
22.8355417315666	98.6892410486072	14901.267	1173.338
60.5388815688947	99.999820000144	15769.102	2840.444
26.7260586191531	98.5229211816631	14060.291	1305.968
0.219859824112141	3.87773689781048	948.449	13.742
2.83718773024982	40.2580477935618	9606.081	168.38
52.8218377425298	99.998560001152	15747.045	2554.135
25.2995497603602	98.8836408930873	14355.4	1248.264
38.5395691683447	99.945460043632	15248.667	1831.572
0.098429921256063	1.75445859643312	434.911	8.025
1.29618896304883	20.8517233186213	5052.439	79.207
58.0811335350932	99.999280000576	15874.018	2729.931
49.8211801430559	99.991540006768	15397.126	2466.388
0.335879731296215	5.85215531827575	1431.644	25.133
0.838759328992537	13.990668807465	3396.161	51.125
5.35260571791543	60.4210916631267	12566.115	284.483
0.601199519040385	10.2841117727106	2495.539	39.354
0.0495499603600317	0.886859290512568	221.536	3.423
0.116929906456075	2.08187833449733	506.933	7.619
60.5387315690147	99.999820000144	15714.994	2801.364
0.261409790872167	4.58945632843494	1118.821	19.376
47.4190220647823	99.992080006336	15408.33	2379.412
1.21144903084078	19.5391643686685	4792.806	76.975
19.2204846236123	96.9938224049421	14833.917	947.96
28.4010672791462	99.3278805376956	15173.757	1441.888
52.6772778581777	99.996760002592	15290.287	2557.885
50.1476998818401	99.995680003456	15608.391	2447.912
1.77435858051314	27.3110181511855	6646.872	109.382
2.40525807579354	34.7648121881503	8335.492	138.898
38.3446293242965	99.93070005544	15625.01	1877.062
0.748699401040479	12.561109951112	3036.853	47.959
11.6066807146554	86.1587310730151	14061.987	610.366
44.1305646955482	99.97390002088	15677.259	2154.717
58.0731835414532	99.999460000432	15823.378	2785.832
40.2762677789858	99.9159400672479	14865.757	1915.736
3.4365172507862	45.0546839562528	10495.993	195.707
31.5907347274122	99.6306402954878	14771.998	1536.189
15.7469074024741	94.0949247240602	14529.652	816.232
55.5383855692915	99.99910000072	15735.919	2599.506
33.4348232521414	99.5653003477597	14565.886	1586.57
22.5000619999504	98.426981258415	14746.537	1087.464
0.39097968721625	6.80363455709235	1658.806	26.246
8.1309634952292	74.8736401010879	13663.358	432.466
0.174489860408112	3.09329752536198	761.12	10.941
26.0844991324007	99.3444405244476	14804.997	1292.18
0.0685399451680439	1.22363902108878	305.106	6.2
47.4923120061504	99.992620005904	15731.683	2233.831
15.4763376189299	93.4751852198518	14537.518	775.51
40.8460473231621	99.941680046656	14973.546	1988.21
1.17649905880075	19.0690047447962	4666.951	75.516
6.26176499058801	68.0113255909395	13676.977	336.689
8.96095283123774	79.5289763768189	14060.249	454.496
3.26883738493009	43.2546853962517	10181.277	182.765
17.5861159311073	94.3570045143964	13826.885	871.045
11.5631607494714	85.993671205063	13612.3	584.711
0.192379846096123	3.40379727696218	840.631	12.465
50.2832797733762	99.996940002448	15653.933	2546.317
30.8968952824838	99.4484804412157	14514.119	1581.866
