91.5549167560666	100.0	9358.844	3550.985
28.074757540194	56.21017503186	6255.732	1153.473
0.17226986218411	2.94893764084989	725.07	10.624
2.79070776743379	28.4036172771062	5392.168	137.33
4.12094670324264	33.0920735263412	5521.295	206.607
0.299969760024192	5.03225597419522	1249.258	21.403
63.6961490430808	95.0626039499168	10416.656	2554.98
0.423399661280271	6.53273477381218	1630.297	27.829
42.0641163487069	67.124106300715	6754.868	1725.354
50.1684398652481	72.3849620920303	6722.712	2021.903
85.2279418176466	99.985420011664	9287.93	3336.269
77.5271679782656	99.7634801892159	9734.842	3301.987
39.086788730569	75.3126597498722	8945.889	1675.74
0.899169280664575	13.1662694669844	3238.57	55.465
0.381889694488244	6.21287502969998	1514.58	27.385
0.0614299508560393	1.07927913657669	267.993	4.106
81.6104247116602	99.94870004104	9411.653	3302.889
6.0877051298359	36.4764308188553	5459.352	259.916
34.0897927281658	70.337643729885	8498.123	1456.55
71.2026730378616	94.2342446126043	10818.527	2925.922
0.909799272160582	11.9150904679276	2783.031	50.555
55.6374554900356	78.3998372801302	7328.347	2185.709
48.5213411829271	78.8698169041465	8290.805	1955.492
9.374192500646	44.2403646077083	6559.065	400.906
88.4915292067766	99.997480002016	9075.387	3603.351
19.1077547137962	55.4372556501955	7303.157	831.396
24.0630207495834	59.8719121024703	7579.071	1044.955
11.4093908724873	34.5718523425181	5990.118	477.353
66.8785464971628	91.3992468806025	10558.277	2694.319
1.63037869569704	18.727185018252	4080.726	81.972
91.5562067550346	100.0	9322.568	3525.109
44.0530047575962	79.7820561743551	9247.464	1810.804
88.5160791871367	99.998920000864	9840.841	3467.705
2.76649778680177	27.8348177321458	5244.853	140.868
72.7864117708706	98.1542814765748	10623.378	2925.592
6.29078496737203	39.4134884692092	6187.171	305.194
23.377031298375	52.9062776749779	6312.373	981.803
9.2170226263819	41.9077464738028	5907.07	426.396
48.5389811688151	79.0444167644666	8337.631	2060.254
35.5385015691987	58.2114134308693	5713.835	1370.523
29.0923167261466	65.4087076730339	8256.701	1241.487
0.601689518648385	9.41561246751003	2300.694	36.959
0.293769764984188	4.92929605656315	1206.883	21.34
60.5859515312388	83.2778333777333	7559.146	2538.437
33.9826128139097	68.4933652053078	8146.493	1383.078
0.699759440192448	9.34253252597398	2240.222	41.967
0.632619493904405	9.09449272440582	2221.677	40.229
14.089808728153	50.2172598261921	6984.739	636.555
0.199359840512128	3.41981726414619	834.14	12.435
0.401969678424257	6.57233474213221	1618.972	26.394
81.3388449289241	99.8471801222559	9236.107	3323.151
76.8223585421132	98.8379209296633	8947.808	3176.057
0.0607899513680389	1.06883914492868	267.211	5.95
51.7394086084731	76.0965591227527	7288.916	2109.786
19.1172047062362	55.4584956332035	7361.523	819.27
4.04116676706659	31.7694345844523	5237.614	179.32
55.8669653064278	78.9360568511545	9734.399	2308.138
68.3390753287397	96.876822498542	10407.272	2815.302
1.89820848143321	22.6688218649425	4951.82	105.173
84.4838624129101	99.8945200843839	10302.03	3300.766
0.597359522112382	9.34739252208598	2303.954	37.663
0.228329817336146	3.72887701689839	917.855	15.308
2.6553478757217	26.1334590932327	4849.247	131.787
37.9430996455203	65.4920476063619	6919.541	1564.862
47.5845419323665	73.9030808775353	7388.368	1961.636
81.6640546687563	99.964360028512	9815.667	3200.015
44.0477747617802	79.9129160696671	9410.626	1831.589
1.90111847910522	22.6792618565905	4907.699	96.114
73.1463014829588	99.2121406302875	10040.2	3028.69
91.5611767510586	100.0	9214.842	3636.491
1.26341898926481	16.8310665351468	3984.783	73.887
77.4106280714975	99.6063403149277	9973.178	3160.395
32.2056142355086	57.5914939268049	7789.469	1341.785
67.5910859271313	93.6242251006199	10670.018	2726.288
88.6771890582488	99.999820000144	9713.733	3479.66
0.898609281112575	13.1642894685684	3191.604	54.975
24.1057507153994	60.4558316353347	7925.783	1026.938
3.84471692422646	29.5269963784029	4700.586	190.272
28.7277170178264	60.8318513345189	7872.952	1228.096
