0.000949999240000608	0.0169199864640108	2.76	0.438
0.0014099988720009	0.0253799796960162	3.79	0.492
0.00320999743200205	0.0570599543520365	6.903	0.525
0.00428999656800275	0.0759599392320486	8.656	0.562
0.00587999529600376	0.104039916768067	11.688	0.622
0.00886999290400568	0.158219873424101	16.994	0.671
0.0130499895600084	0.226079819136145	23.553	0.933
0.0198599841120127	0.34325972539222	35.529	0.915
0.0276499778800177	0.466739626608299	48.015	1.138
0.0412199670240264	0.672839461728431	69.487	1.545
0.0622099502320398	0.971999222400622	98.272	2.523
0.0929599256320595	1.36601890718487	136.916	3.82
0.14027988777609	1.85525851579319	183.713	5.098
0.211389830888135	2.42603805916955	238.061	6.273
0.315049747960202	3.03065757547394	300.298	13.1
0.471569622744302	3.5893771284983	365.138	14.384
0.708679433056454	4.09877672097862	419.376	21.187
1.06786914570468	4.61645630683495	484.66	28.062
1.59926872058502	5.21909582472334	534.692	41.094
2.40366807706554	6.03827516937986	530.909	59.339
3.60160711871431	7.23743421005263	723.877	88.517
5.39608568313145	9.03671277062978	732.183	134.74
8.09074352740518	11.7201506238795	930.859	191.222
12.1353602917118	15.7663673869061	1509.147	280.91
18.2084554332357	21.842622525902	2036.988	424.713
27.3049781560175	30.9540352367718	2884.203	634.342
37.2923601661119	40.7237074210341	2815.123	864.028
47.2036822370542	50.020879983296	4577.314	1075.681
57.3114041508767	60.955511235591	5603.65	1366.851
67.2823461741231	70.5414035668772	4597.002	1630.186
77.2631381894895	80.3859556912355	7378.861	1792.569
87.3082901533679	90.8977672817862	5863.617	2164.458
96.926492458806	99.1455406835674	6376.098	7130.983
