6.29979496016403	9.94337204530236	1425.044	167.138
54.1023567181146	57.737653809877	3547.725	1421.754
0.199929840056128	2.3450381239695	836.133	12.295
34.1025827179338	37.7472298022162	2677.888	854.658
29.0990967207226	32.755293795765	2481.674	747.208
43.7466250027	46.0434231652615	2525.608	1147.354
24.0972107222314	27.7410378071698	2191.724	625.69
98.6739510608392	99.999640000288	5087.951	2474.759
0.599659520272384	3.89303688557049	1087.866	23.442
0.402269678184257	3.36977730417816	1023.35	15.433
1.89947848041722	5.53085557531554	1181.811	58.292
0.289579768336185	2.76281778974577	927.499	15.154
64.105208715833	67.7442058046354	3965.853	1679.507
19.0979547216362	22.7345218123825	2004.553	485.854
89.092618725905	92.6493458805233	5014.798	2330.788
0.100019919984064	1.43243885404892	545.834	5.43
4.20061663950669	7.84673372261302	1283.459	119.072
9.40253247797402	13.0316295746963	1558.243	247.597
0.900449279640576	4.40639647488282	1132.659	31.876
59.1017227186218	62.7366098107122	3815.425	1488.135
74.1061707150634	77.7430178055858	4477.158	1864.965
1.29722896221683	4.90823607341114	1176.468	42.666
2.80394775684179	6.45623483501213	1278.87	78.85
84.0637827489738	87.2624901900079	4914.36	2105.882
69.0955947235242	72.7570217943826	4168.401	1812.425
14.099928720057	17.7443858044914	1724.821	374.691
79.1045667163466	82.7329738136209	4600.736	2071.11
93.7496250003	96.0351431718855	4681.076	2431.399
39.102288718169	42.7231458214833	2829.334	1013.022
49.0981807214554	52.7278978176817	3260.093	1267.36
