29.4318564545148	99.6943602445118	2041.28	727.564
7.39982408014074	70.242423806061	2532.811	489.398
37.9864996108003	99.9047800761759	2073.342	742.764
1.555738755409	24.1522006782395	7309.112	175.974
60.5333015733587	99.999820000144	2028.343	806.782
47.1773222581422	99.992620005904	2009.317	799.295
0.181759854592116	3.21245743003406	1205.247	13.893
58.0833235333412	99.999820000144	2028.379	814.905
0.261849790520168	4.59413632469094	1695.808	19.291
49.999080000736	99.996580002736	2066.039	783.928
22.9434616452307	98.7857209714232	1898.776	728.589
41.6535466771627	99.978760016992	2006.392	791.964
0.100979919216065	1.79675856259315	683.626	8.051
19.6637842689726	97.6384018892785	1911.331	705.985
0.0564899548080362	1.01195919043265	393.506	4.738
0.616179507056394	10.5168515865187	3738.506	50.681
1.27035898371281	20.4559036352771	6563.049	138.161
2.24379820496144	32.5889739288209	8793.538	230.73
35.6138415089268	99.916480066816	2034.644	745.912
12.8907896873682	90.8844472924422	1850.06	649.067
6.19220504623596	67.3923060861551	3880.559	484.951
55.5464955628035	99.999820000144	1993.707	819.068
0.292719765824187	5.11325590939527	1875.417	26.256
24.0555107555914	97.9750016199987	1927.105	742.944
16.1507870793703	95.0145439883648	1907.926	713.288
52.8214677428258	99.998920000864	2051.56	831.419
0.883429293256565	14.7693481845215	5077.436	91.453
32.1994642404286	99.7708601833119	2056.914	753.179
43.5446051643159	99.960940031248	2049.142	768.649
4.29060656751475	54.2946165643068	11110.302	395.55
