0.599119520704383	0.96821922542462	1795.719	509.003
9.40089247928602	9.76589218728625	1720.555	518.626
4.20140663887469	4.56569634744292	819.401	479.282
0.399189680648255	0.768419385264492	1012.394	518.114
0.0986099211120631	0.45341963726429	833.047	491.272
0.300309759752192	0.662939469648424	1723.951	528.089
0.299639760288192	0.663659469072425	822.246	502.061
0.897929281656575	1.26467898825681	847.811	489.079
0.101349918920065	0.45251963798429	1737.571	499.383
0.201209839032129	0.563399549280361	850.654	490.9
0.298559761152191	0.665639467488426	805.683	479.435
0.602509517992386	0.967499226000619	968.495	498.655
0.101079919136065	0.458099633520293	964.807	498.041
6.29977496018003	6.66539466768427	845.045	502.552
0.199249840600128	0.557819553744357	1726.85	532.956
4.19892664085869	4.56947634441892	1717.222	521.529
0.401239679008257	0.76553938756849	836.127	498.423
2.80101775918579	3.16367746905802	833.47	493.442
1.30037895969683	1.66535866771307	823.988	483.415
6.30170495863603	6.66341466926826	840.665	488.109
1.89908848072922	2.26025819179345	824.383	501.67
4.19983664013069	4.56965634427492	996.031	515.506
0.200149839880128	0.568439545248364	837.798	512.865
1.30181895854483	1.66067867145706	986.377	525.124
0.899149280680575	1.25855899315281	828.105	487.981
2.79938776048979	3.16079747136202	1010.957	547.342
0.600649519480384	0.965699227440618	818.16	487.344
6.29961496030803	6.65945467243626	987.759	495.415
1.89989848008122	2.26313818948945	986.277	532.536
0.100259919792064	0.450359639712288	838.633	488.983
2.80109775912179	3.16565746747403	870.249	505.147
9.39857248114201	9.77003218397425	822.427	494.563
0.400279679776256	0.757979393616485	1861.238	520.662
1.90085847931322	2.26421818862545	1725.413	503.839
1.30049895960083	1.66409866872107	1790.119	492.367
4.19851664118669	4.56803634557092	827.445	517.742
0.898369281304575	1.2571189943048	983.667	503.033
0.600219519824384	0.960299231760615	843.458	479.576
9.39929248056602	9.76157219074225	859.611	499.944
1.89879848096122	2.26493818804945	855.832	491.167
6.29994496004403	6.66449466840427	1736.474	521.089
0.201049839160129	0.56177955057636	1033.291	491.878
0.899149280680575	1.25855899315281	1749.554	485.572
1.29876896098483	1.66409866872107	850.849	491.934
9.40080247935802	9.76571218743025	974.712	534.596
0.398649681080255	0.764819388144489	840.786	501.266
2.80070775943379	3.16601746718603	1730.189	501.8
0.298929760856191	0.661499470800423	967.081	493.389
