0.063999948800041	0.0800999359200513	1766.595	506.629
0.211999830400136	0.228059817552146	1776.418	532.946
0.00199999840000128	0.0199799840160128	1834.488	504.791
0.00299999760000192	0.0201599838720129	1696.605	517.55
1.59999872000102	1.61801870558504	1772.336	503.351
0.00699999440000448	0.0239399808480153	1739.575	528.855
0.711999430400456	0.730079415936467	1794.435	501.211
97.3109221512623	97.3279021376783	1791.142	590.384
0.00399999680000256	0.0199799840160128	1743.158	524.085
12.1389902888078	12.1561102751118	1772.963	516.305
0.474999620000304	0.491939606448315	1747.365	525.507
0.0429999656000275	0.0601199519040385	1728.796	523.972
2.39899808080154	2.41613806708955	1766.719	505.407
0.0289999768000186	0.0460799631360295	1711.185	525.583
0.0099999920000064	0.0260999791200167	1788.343	511.637
0.0199999840000128	0.035999971200023	1758.012	500.248
77.3109381512495	77.3279381376495	1824.594	554.189
57.3099541520367	57.3258141393487	1736.353	554.605
67.3109461512431	67.3278661377071	1809.566	557.995
0.141999886400091	0.160019871984102	1771.715	495.928
27.3109781512175	27.3279381376495	1781.061	526.058
18.2079854336117	18.2260654191477	1728.768	507.78
3.5979971216023	3.61385710891431	1829.788	510.48
0.0949999240000608	0.111959910432072	1767.41	515.159
47.3109621512303	47.3279021376783	1746.145	552.597
8.09199352640518	8.10791351366919	1777.582	500.279
1.06699914640068	1.08413913268869	1760.888	517.09
0.00399999680000256	0.0219599824320141	1793.862	518.1
5.39599568320345	5.41403566877147	1783.466	513.635
87.3109301512559	87.3278301377359	1767.561	588.411
37.3109701512239	37.3278301377359	1741.01	542.196
0.013999988800009	0.0318599745120204	1676.157	518.672
0.316999746400203	0.334079732736214	1803.288	511.617
