0.24997980001616	4.17131666294667	1603.339	104.96
80.5820755343396	99.4450604439516	6744.049	5980.977
0.402229678216257	6.57575473939621	2140.581	156.067
21.3291629366697	45.0298439761248	2643.695	1302.409
57.9342336526131	85.4299116560707	5358.407	3613.66
1.33855892915286	15.3844076924738	1179.838	239.878
38.6185791051367	69.7312242150206	4166.925	2437.463
49.0508907592874	84.8186321450943	5286.243	3997.26
3.97988681609055	31.0425951659239	1637.804	387.95
6.28732497014002	39.3618285105372	2114.336	555.029
73.1087815129748	99.0829007336794	5943.784	5301.407
44.0653547477162	80.0842759325793	4851.037	3822.685
0.0773599381120495	1.35791891366487	1065.208	34.394
1.13592909125673	14.9052480758015	1323.236	260.245
9.38935248851801	44.6869442504446	2384.057	709.859
88.6808590553128	99.999640000288	6976.903	6196.624
61.5617107506314	85.6297114962308	5552.688	4804.317
0.199799840160128	3.4300772559382	1880.718	88.36
2.78347777321778	28.114177508658	1707.046	395.935
76.1033191173447	97.7903217677426	6158.992	5537.898
0.763079389536488	10.984491212407	1403.977	216.029
19.0870447303642	55.4590356327715	2924.376	1293.232
85.3714817028146	99.99190000648	6975.071	6073.842
54.0198167841466	89.2030686375451	5539.179	4280.345
91.5520067583946	99.999820000144	7100.236	6536.938
0.602119518304385	9.40985247211802	2099.549	218.298
34.0803527357178	70.4085636731491	4297.041	2208.418
66.5579067536746	90.540467567626	6041.008	5050.336
13.7626289898968	45.7313034149573	2312.246	959.713
29.0668967464826	65.0956879234497	3643.29	1941.506
