69.1009447192442	69.1177847057722	2037.67	1339.032
49.1009607192314	49.1178207057434	1522.169	968.11
99.1009207192634	99.1178207057434	2822.184	1932.682
0.400999679200257	0.417959665632267	43.993	5.97
0.200999839200129	0.21797982561614	40.334	3.305
79.1009367192506	79.1178567057146	2325.588	1532.599
24.1009807192154	24.1180007055994	771.24	513.54
74.1009407192474	74.1180007055994	2104.813	1472.785
39.100968719225	39.117928705657	1224.239	762.16
6.30099495920403	6.31799494560404	280.539	123.707
0.300999759200193	0.318059745552204	41.739	5.083
1.90099847920122	1.91789846568123	104.727	35.119
84.1009327192538	84.1180727055418	2522.577	1636.226
4.20099663920269	4.2179366256507	195.576	81.152
9.40099247920602	9.41813246549403	352.729	184.99
54.1009567192346	54.1178567057146	1559.234	1079.16
89.100928719257	89.117928705657	2596.612	1713.992
94.1009247192602	94.1179647056282	2638.837	1864.927
14.100988719209	14.118108705513	492.117	284.547
0.900999279200577	0.917999265600588	74.328	14.16
19.1009847192122	19.1179647056282	653.168	392.066
59.1009527192378	59.1180727055418	1731.029	1196.447
0.600999519200385	0.618119505504396	62.837	11.592
0.100999919200065	0.117899905680075	29.944	1.865
29.1009767192186	29.1180367055706	918.331	564.463
34.1009727192218	34.1180727055418	1092.019	665.347
64.100948719241	64.117928705657	1842.786	1280.349
2.80099775920179	2.8180777455378	154.958	56.503
44.1009647192282	44.1179647056282	1353.306	868.521
1.30099895920083	1.31795894563284	86.551	23.393
