0.000459999632000294	0.0082799933760053	3.102	0.393
0.00157999873600101	0.0284399772480182	8.723	0.422
0.00241999806400155	0.0435599651520279	12.999	0.525
0.00254999796000163	0.0458999632800294	13.541	0.451
0.00572999541600367	0.102779917776066	29.449	0.528
0.0073499941200047	0.132299894160085	38.111	0.608
0.011009991192007	0.197999841600127	55.417	0.712
0.0113899908880073	0.204839836128131	57.795	0.736
0.021939982448014	0.392939685648251	110.082	1.235
0.0241399806880154	0.433079653536277	119.202	1.378
0.0354799716160227	0.634139492688406	175.167	2.02
0.0666299466960426	1.18871904902476	329.8	3.557
0.0975799219360624	1.73285861371311	480.625	6.847
0.184709852232118	3.25763739389008	904.943	12.215
0.18681985054412	3.26177739057809	899.364	10.253
0.378479697216242	6.48269481384415	1794.46	23.329
0.57826953738437	9.66239227008618	2665.794	34.217
0.733059413552469	11.8400305279756	3269.319	41.283
1.36818890544888	20.9093232725414	5770.277	77.666
1.36838890528888	19.5884843292125	5313.885	77.563
2.48671801062559	31.5410147671882	7953.765	136.286
4.78383617293106	52.4004780796175	11711.793	250.589
5.28253577397138	47.2478022017582	8994.894	258.028
9.90598207521434	67.0963863228909	11671.175	491.221
13.2616493906805	67.3098661521071	10585.042	655.801
20.7167434266053	76.3967988825609	11734.901	1005.135
33.9775428179657	95.9084232732614	14445.402	1915.393
38.5650491479607	91.8951464838828	13173.759	1915.035
51.8527485178012	99.8516801186559	15526.57	3269.035
59.5227423818061	99.961480030816	15856.967	3789.052
64.8665381067695	99.9026200779039	14572.734	4131.602
72.8632117094306	99.999640000288	15101.672	4636.345
78.6540570767543	100.0	15575.594	5246.99
