9.39692248246201	13.0350495719603	1788.852	487.096
64.101668718665	67.7535657971474	1837.55	549.392
49.0602807517754	52.2620581903535	1809.023	552.726
39.104488716409	42.7541057967154	1807.558	581.371
93.8724949020041	96.3249429400456	1799.408	587.083
19.1045947163242	22.7599017920786	1737.029	535.2
88.9294888564089	91.5335267731786	1865.301	586.888
24.1029007176794	27.7426578058738	1721.818	551.408
0.0997999201600639	1.42109886312091	1773.326	494.083
0.399029680776255	3.38615729107417	1718.305	506.632
34.0971627222698	37.7335498131602	1791.999	540.719
0.200439839648128	2.35979811216151	1705.192	502.224
74.1014907188074	77.7291578166737	1913.832	573.398
84.1002327198138	87.7517297986162	1850.096	571.012
2.80043775964979	6.42959485632411	1738.145	513.439
98.6656510674791	99.999820000144	1776.278	597.157
0.895509283592573	4.39757648193881	1783.261	491.697
0.601799518560385	3.92471686022651	1725.315	537.312
1.90059847952122	5.52509557992354	1843.893	499.624
1.20584903532077	3.99455680435456	1740.66	523.823
54.0998667201066	57.748993800805	1754.864	547.133
4.19823664141069	7.83989372808502	1727.974	520.204
6.30076495938803	9.95705203435837	1791.363	535.784
59.0916427266858	62.6032299174161	1789.118	564.259
29.0943267245386	32.7081338334929	1805.504	540.702
69.1030547175562	72.7363218109426	1781.534	567.613
0.302969757624194	2.95289763768189	1730.773	533.11
44.0971747222602	47.7212018230385	1884.793	545.358
79.1022967181626	82.738553809157	1778.841	556.971
14.104148716681	17.7393458085234	1802.163	552.687
