24.0912607269914	27.7005378395697	1783.113	598.066
0.101089919128065	1.45475883619293	358.66	4.493
29.0987667209866	32.742513805989	2028.916	720.221
79.0932367254106	82.737113810309	4138.369	1945.427
49.0796607362714	52.4589780328176	2791.152	1231.957
19.0933347253322	22.7213818228945	1615.629	453.79
54.0941667246666	57.737833809733	3171.851	1327.597
79.1020667183466	82.7408938072849	4168.664	1959.376
49.0955707235434	52.7251978198417	2853.269	1204.21
2.80401775678579	6.44993484005213	878.529	73.131
0.198389841288127	2.3410781271375	544.588	8.015
79.0983267213386	82.743953804837	4289.618	1894.345
79.1003767196986	82.750073799941	4281.042	1904.966
39.101248719001	42.7348458121234	2431.053	951.41
0.199319840544128	2.3378381297295	550.073	8.313
54.0998567201146	57.732253814197	3168.508	1269.192
98.6014811188151	99.9955000036	4598.054	3915.111
9.40054247956602	13.0440495647603	1189.337	232.466
74.0914607268314	77.7264578188338	4054.557	1765.051
74.1042207166234	77.7291578166737	3938.752	1823.95
94.0951947238442	97.7264218188625	4773.505	3770.695
89.072768741785	92.3453261237391	4699.261	2171.508
59.0986127211098	62.7474098020722	3368.394	1399.676
74.0819607344314	77.4699580240336	3866.695	1813.826
49.0999507200394	52.7446378042898	2874.177	1203.22
0.100729919416064	1.45025883979293	353.481	4.441
4.19580664335469	7.83809372952502	949.108	105.017
44.0937447250042	47.7240818207345	2650.087	1093.312
0.396759682592254	3.35861731310615	696.2	13.271
98.6292410966071	99.997840001728	4628.297	3906.739
29.0953567237146	32.739993808005	2039.424	684.761
0.302189758248193	2.95883763292989	654.97	10.804
19.1011047191162	22.7464018028786	1579.772	474.034
34.0984627212298	37.7556897954482	2246.742	848.763
34.0968727225018	37.7258098193521	2242.429	850.34
44.0976047219162	47.7471218023026	2669.644	1034.215
6.29742496206003	9.94679204256637	1053.721	156.365
54.1032967173626	57.735133811893	3181.263	1293.288
2.80222775821779	6.43949484840412	878.885	75.17
14.094268724585	17.7440258047794	1341.881	347.299
64.094768724185	67.7373658101073	3543.194	1564.293
44.0988847208922	47.7474818020146	2653.418	1072.003
84.0967227226218	87.7173498261201	4543.983	2006.888
4.20369663704269	7.82927373658101	942.119	106.98
98.6644410684471	99.999820000144	4690.089	3928.791
0.597779521776383	3.89231688614649	759.41	17.551
34.1026027179178	37.7560497951602	2306.715	805.95
9.40639247488602	13.0424295660563	1168.928	237.813
0.100759919392064	1.44323884540892	354.134	4.535
6.30216495826803	9.95039203968637	1061.593	157.669
83.9333328533337	86.5133307893354	4128.657	2101.837
84.0963427229258	87.7364298108562	4382.021	2068.286
88.9578988336809	91.6220867023306	4673.125	2179.117
0.400869679304257	3.36905730475416	716.487	13.958
0.600199519840384	3.8989768808185	754.019	19.03
59.1025327179738	62.7333698133042	3408.453	1417.501
39.093508725193	42.7411458070834	2488.877	913.607
84.1007627193898	87.7294098164721	4384.789	2067.203
39.091908726473	42.7285458171633	2425.005	960.348
0.598859520912383	3.9063568749145	791.017	17.965
68.9777548177961	71.7283226173419	3617.729	1621.966
44.1003047197562	47.7455018035986	2729.269	1042.813
0.198889840888127	2.3387381290095	546.568	7.838
39.095588723529	42.7368258105394	2442.626	962.204
14.098618721105	17.7411458070834	1370.399	348.574
24.0979407216474	27.7410378071698	1848.201	567.532
73.9272808581753	76.530718775425	4037.261	1771.004
94.0942547245962	97.7278618177105	4775.566	3808.23
24.1015907187274	27.7383378093298	1801.497	588.594
29.1051767158586	32.748993800805	2002.766	721.911
69.1000647199482	72.7474818020146	3843.482	1654.748
49.0993207205434	52.7235778211377	2826.937	1203.804
0.302699757840194	2.9680176255859	653.615	12.137
89.095278723777	92.7177458258033	4578.145	2308.058
29.0958467233226	32.734593812325	2009.708	712.962
0.0995299203760637	1.42919885664091	351.986	4.722
0.199209840632127	2.32937813649749	540.095	7.999
64.102328718137	67.7242258206193	3489.573	1559.832
9.40070247943802	13.0490895607284	1193.178	224.713
59.0985727211418	62.7472298022162	3398.563	1403.397
6.29748496201203	9.94085204731836	1038.461	161.32
0.299659760272192	2.94893764084989	655.865	11.077
14.058838752929	17.2765661787471	1296.733	338.68
0.400239679808256	3.36239731008215	730.961	13.984
64.099978720017	67.7402458078033	3618.54	1540.107
34.0988927208858	37.7357098114322	2248.009	802.079
0.598559521152383	3.89609688312249	758.947	18.139
69.0972947221642	72.7368618105105	3708.093	1722.587
69.0992947205642	72.7384818092145	3732.742	1688.769
2.79952776037779	6.44597484322013	886.442	73.81
24.0949807240154	27.7280778175377	1835.29	576.521
89.056548754761	92.181886254491	4700.847	2240.812
0.298459761232191	2.94209764632188	659.047	10.875
14.091378726897	17.7262058190353	1404.663	337.671
98.6706310634952	99.999820000144	4668.085	3931.299
94.0751047399162	97.4164620668303	4754.532	3763.385
59.1063327149338	62.7380498095602	3384.369	1398.939
4.20159663872269	7.85303371757303	945.84	108.861
19.1005747195402	22.7523417981266	1617.188	455.845
0.398189681448255	3.36761730590616	709.525	13.538
54.0938667249066	57.740713807429	3155.549	1281.303
19.0983847212922	22.7548617961106	1650.019	453.378
4.19550664359469	7.84133372693302	937.555	105.467
6.30301495758803	9.94265204587836	1044.017	160.371
93.9283248573401	96.5128627897098	4490.187	3765.081
64.089158728673	67.6961458430833	3520.424	1595.662
9.39809248152602	13.0537695569844	1184.473	226.036
0.200339839728128	2.35385811691351	556.176	8.205
19.0987847209722	22.7428018057586	1633.428	448.859
6.29348496521203	9.93563205149436	1061.256	157.474
34.1006227195018	37.7330098135921	2286.687	803.628
0.298849760920191	2.93435765251388	659.231	10.949
49.0622207502234	52.2778981776815	2854.047	1217.132
6.30436495650804	9.92663205869435	1063.698	155.652
0.400399679680256	3.36149731080215	711.621	16.356
0.300699759440192	2.95847763321789	651.573	10.955
34.0973727221018	37.7295898163281	2221.45	845.157
0.1562898749681	1.75679859456112	408.933	6.324
74.1022607181914	77.7318578145137	4096.506	1763.372
98.6292410966071	99.997840001728	4593.328	3905.92
69.0942547245962	72.7264218188625	3715.023	1721.083
5.90245527803578	8.1331134935092	687.034	144.036
29.0968867224906	32.7279338176529	2022.801	712.72
24.1010507191594	27.7361778110578	1815.891	599.161
83.8314629348297	86.2310910151272	4490.97	2016.283
98.6014811188151	99.9955000036	4751.089	3902.549
59.0977627217898	62.7315698147441	3404.369	1399.803
0.198999840800127	2.3441381246895	547.685	7.868
0.600309519752384	3.93263685389052	747.816	21.744
94.0951947238442	97.7264218188625	4915.478	3670.061
14.099198720641	17.7443858044914	1396.505	339.879
74.1014507188394	77.7534577972338	4081.298	1761.213
19.0987947209642	22.7438818048946	1629.831	448.624
4.19935664051469	7.84349372520502	957.357	107.525
44.1024147180682	47.7492818005746	2759.693	1040.964
24.0987507209994	27.7356378114898	1823.334	577.174
54.0988067209546	57.741793806565	3214.754	1292.52
0.303889756888194	2.97755761795391	672.768	13.771
84.1000027199978	87.7375098099921	4363.461	2079.418
79.0996667202666	82.743413805269	4151.688	1958.422
44.0961547230762	47.7478418017266	2675.628	1080.396
44.0986847210522	47.7374018100786	2736.262	1067.628
2.79599776320179	6.45191483846813	880.523	75.023
0.604589516328387	3.9090568727545	732.234	22.132
9.38544249164601	12.7843097725522	1165.367	236.566
0.0935699251440599	1.31975894419284	326.021	4.103
4.19725664219469	7.83305373355701	944.394	107.001
69.1049747160202	72.7519817984146	3883.653	1670.176
93.8308149353481	96.2209030232776	4549.02	3816.093
54.1027167178266	57.7286538170769	3180.851	1283.926
0.398989680808255	3.34637732289814	714.85	13.929
89.094688724249	92.7254858196114	4728.545	2215.751
9.39821248143001	13.0517895585684	1188.342	229.014
79.0991267206986	82.7376538098769	4167.867	1974.331
74.1049507160394	77.7237578209937	3935.603	1843.105
0.0991699206640635	1.41893886484891	347.472	4.462
2.80118775904979	6.43229485416412	873.443	75.975
79.0943567245146	82.739813808149	4180.419	1955.97
0.600089519928384	3.9074368740505	751.981	18.108
14.093978724817	17.7479858016114	1383.306	337.673
93.9010048791961	96.4304228556617	4805.781	3778.597
69.1045147163882	72.7410018071986	3823.218	1635.106
4.20279663776269	7.83917372866102	950.725	107.581
0.0996899202480638	1.43315885347292	353.87	4.669
24.1061507150794	27.7467978025618	1844.066	577.611
39.096328722937	42.7337658129874	2438.785	968.865
14.108788712969	17.7404258076594	1370.486	350.933
69.1004347196522	72.7413618069106	3727.146	1691.64
0.402089678328257	3.36419730864215	715.244	13.374
9.40079247936602	13.0568295545364	1164.385	235.594
64.100508719593	67.7634657892274	3548.088	1583.381
59.1028827176938	62.7380498095602	3408.096	1413.695
29.0971867222506	32.732253814197	2064.651	700.632
39.097368722105	42.7328658137073	2493.653	922.578
19.0994447204442	22.7419018064786	1630.357	459.125
0.399709680232256	3.37661729870616	712.794	14.139
6.29539496368403	9.93347205322236	1034.147	159.076
74.0967007226394	77.7372578101938	3946.17	1843.917
49.0997107202314	52.7494978004018	2871.539	1192.765
64.104158716673	67.7447458042034	3529.698	1601.254
39.097148722281	42.7433058053554	2498.96	923.626
49.1034907172074	52.7467978025618	2864.393	1212.612
44.1002147198282	47.7341618126705	2670.347	1076.211
34.1003527197178	37.7360698111441	2314.108	816.046
29.1025467179626	32.7129938296049	2004.242	720.947
4.20124663900269	7.84655372275702	930.197	110.828
14.100668719465	17.7341258126994	1399.426	339.774
24.1002307198154	27.7390578087538	1838.482	572.544
89.092938725649	92.7285458171634	4717.096	2211.289
54.0933567253146	57.736033811173	3177.168	1296.021
89.081578734737	92.4765460187632	4550.138	2250.171
39.095588723529	42.7368258105394	2516.606	921.994
83.7048830360936	85.934811252151	4012.58	2081.61
19.1010247191802	22.7374018100786	1571	465.978
34.1053327157338	37.7528097977522	2232.749	836.436
9.39789248168601	13.0292895765683	1175.45	241.564
89.102008718393	92.7350258119794	4706.84	2204.581
64.102908717673	67.7353858116913	3623.144	1546.336
0.600109519912384	3.91751686598651	768.659	22.133
49.0945307243754	52.7345578123537	2871.734	1213.099
0.299889760088192	2.93201765438588	646.07	10.932
0.100219919824064	1.44431884454492	352.872	5.766
59.0883027293578	62.7353498117201	3388.883	1396.869
2.79726776218579	6.44633484293213	875.37	73.699
64.096558722753	67.7353858116913	3507.654	1574.011
98.6014811188151	99.9955000036	4733.49	3792.919
94.0480847615322	97.1821022543182	4645.513	3817.528
0.185469851624119	2.12327830137736	492.993	7.587
98.6473510821191	99.999460000432	4812.177	3818.931
84.0993127205498	87.7375098099921	4380.306	2095.472
54.1025467179626	57.743773804981	3061.568	1325.776
79.0937467250026	82.741253806997	4182.857	1970.903
29.1001867198506	32.759253792597	2005.947	721.848
59.0950427239658	62.7441698046642	3288.536	1473.827
2.80010775991379	6.44489484408412	874.906	76.117
2.80444775644179	6.43877484898012	879.365	77.059
0.599999520000384	3.9056368754905	756.843	18.619
49.0997107202314	52.7494978004018	2872.935	1217.793
69.0981547214762	72.7329018136786	3839.641	1643.589
6.30242495806003	9.94499204400636	1047.478	162.302
29.1046567162746	32.753133797493	2023.255	719.413
6.30209495832403	9.92609205912635	1038.778	155.606
44.1004847196122	47.7392018086386	2720.79	1035.443
89.093298725361	92.7449258040594	4704.923	2235.073
0.300979759216193	2.94803764156989	660.859	10.956
0.400289679768256	3.35627731497815	709.898	13.87
39.102818717745	42.7508657993074	2424.423	969.069
98.6255910995271	99.99910000072	4686.926	3920.449
94.0861847310522	97.5718019425585	4921.403	3640.293
44.1005947195242	47.7431618054706	2724.781	1046.396
6.29659496272403	9.92375206099835	1031.795	160.873
84.0952927237658	87.7290498167602	4377.302	2084.211
0.402019678384257	3.37427730057816	707.364	13.784
79.1012067190346	82.750433799653	4355.063	1873.033
19.0954447236442	22.7237218210225	1589.566	474.968
94.0926747258602	97.7174218260625	4752.149	3777.438
79.0884267292586	82.6453138837489	4187.965	1949.251
54.0983667213066	57.756553794757	3161.256	1272.617
29.0984867212106	32.7327938137649	2055.111	698.43
34.0959927232058	37.7472298022162	2233.395	830.498
4.20314663748269	7.86185371051703	938.735	110.186
98.6255910995271	99.99910000072	4678.577	3906.901
79.0544067564746	82.1933342453326	4175.623	1915.643
19.0965847227322	22.7471218023026	1613.008	460.761
64.102828717737	67.7334058132754	3637.852	1527.148
49.0905007275994	52.7287978169617	2853.423	1214.636
74.1040107167914	77.7287978169617	4061.781	1752.069
0.197799841760127	2.3470181223855	545.101	7.876
14.099358720513	17.7386258090994	1375.577	349.981
49.0999907200074	52.7419378064498	2846.116	1202.506
64.105828715337	67.7469058024754	3510.084	1570.459
59.0983227213418	62.7304898156081	3312.652	1448.626
64.106258714993	67.7550057959954	3530.828	1596.834
68.79257496594	71.1278430977255	3400.396	1712.042
0.398809680952255	3.37571729942616	702.706	16.252
4.20060663951469	7.83269373384501	934.708	110.687
34.1016427186858	37.7573097941522	2225.126	826.948
39.098748721001	42.7382658093874	2499.81	924.181
24.0971907222474	27.7401378078898	1797.624	589.44
2.79887776089779	6.44363484509212	879.304	76.188
6.29691496246803	9.91799206560635	1039.746	157.258
49.1059507152394	52.7361778110578	2882.615	1217.119
29.1019367184506	32.750253799797	2065.795	698.241
2.8056077555138	6.42077486338011	879.706	75.304
39.094608724313	42.7569857944114	2456.225	959.715
4.20091663926669	7.84385372491702	952.53	111.205
