24.1009807192154	24.1180007055994	638.234	214.236
84.1009327192538	84.1178927056858	1970.569	744.015
0.900999279200577	0.917999265600588	72.667	7.536
94.1009247192602	94.1177847057722	2041.055	1617.114
99.1009207192634	99.1178207057434	2161.19	1694.813
74.1009407192474	74.1178207057434	1694.409	662.215
44.1009647192282	44.1179647056282	1051.105	408.903
49.1009607192314	49.1178207057434	1148.699	423.117
0.300999759200193	0.317879745696203	31.614	2.577
2.80099775920179	2.8178977456818	133.401	24.492
34.1009727192218	34.1178927056858	830.585	318.748
29.1009767192186	29.1180367055706	740.783	263.131
0.100999919200065	0.118079905536076	14.46	1.065
89.100928719257	89.117928705657	1988.87	828.902
54.1009567192346	54.1180367055706	1299.98	491.257
9.40099247920602	9.41795246563803	339.637	83.022
14.100988719209	14.117928705657	420.14	120.948
0.400999679200257	0.417959665632267	43.878	3.633
59.1009527192378	59.1178927056858	1420.897	517.717
4.20099663920269	4.2179366256507	202.105	37.064
0.600999519200385	0.617939505648396	70.218	5.117
1.90099847920122	1.91807846553723	118.773	16.7
6.30099495920403	6.31799494560404	228.224	55.794
1.30099895920083	1.31795894563284	81.159	11.572
64.100948719241	64.117928705657	1493.185	581.38
0.200999839200129	0.21797982561614	18.525	1.933
39.100968719225	39.117928705657	977.674	342.84
79.1009367192506	79.1180367055706	1889.852	709.743
69.1009447192442	69.1179647056282	1619.421	613.445
19.1009847192122	19.1179647056282	534.746	172.855
