47.1644922684062	99.989380008496	4638.26	3884.747
0.0998299201360639	1.77767857785714	42.264	5.871
40.3802376958098	99.9218800624959	4110.707	3128.689
2.27577817937746	33.0427535657971	756.524	118.269
30.6115655107476	99.3462405230076	3444.694	2352.653
50.2669697864242	99.996760002592	5066.516	3893.858
14.023908780873	89.6672882661694	2129.623	637.906
0.857549313960549	14.3242085406332	333.496	49.042
0.388119689504248	6.73991460806831	157.103	22.13
0.614059508752393	10.4736516210787	242.566	35.602
1.2429590056328	20.0645839483328	469.66	67.793
6.31172495062004	68.4528652377078	1451.11	313.396
9.61280230975815	83.1912534469972	1843.728	449.339
55.5627355498116	99.99910000072	5477.221	4530.054
33.4178432657254	99.5577403538077	3656.213	2563.627
38.3118693505045	99.928540057168	4135.029	3060.388
60.5364415708467	99.999820000144	5561.223	4933.978
4.28364657308274	54.2546565962747	1199.964	206.293
29.3963964828828	99.6859002512798	3439.001	2205.091
44.6022343182125	99.985240011808	4606.226	3460.25
18.2061654350677	95.4490636407491	2519.961	1252.531
1.7237486210011	26.591018727185	614.663	91.039
12.9833896132883	91.2203270237384	2136.46	577.838
0.0685099451920438	1.22579901936078	29.927	3.155
0.261619790704167	4.60745631403495	108.663	15.703
0.199049840760127	3.52727717817826	83.225	10.28
52.8704677036258	99.997660001872	5154.607	3980.38
22.9113916708867	98.7536809970552	2935.904	1747.114
58.0870835303332	99.999460000432	5317.046	4670.77
26.2338390129288	99.3957404834076	3141.096	2063.755
40.64828748137	99.933940052848	4103.955	3680.432
0.0566599546720363	1.01483918812865	25.525	2.472
25.2221698222641	98.8384609292313	3061.776	1824.517
15.0071379942896	92.2742261806191	2191.22	684.394
49.952820037744	99.992980005616	4869.162	3825.146
0.201149839080129	3.55823715341028	84.314	9.892
44.0811147351082	99.97570001944	4520.227	3308.511
38.6763390589288	99.951220039024	4126.971	2926.464
0.300259759792192	5.25059579952336	122.835	14.902
0.116989906408075	2.08403833276933	52.464	5.477
0.253349797320162	4.45463643629085	105.471	15.341
8.50145319883744	77.0134783892173	1660.995	382.562
18.1931454454836	95.3988436809251	2490.509	1383.79
3.32728733817013	43.9394048484761	978.288	169.07
31.8499645200284	99.6873402501278	3451.641	2628.01
0.864659308272553	14.4386884490492	334.338	49.074
5.21514582788334	59.2118526305179	1262.101	252.556
55.5649355480516	99.998920000864	5392.667	4187.513
1.19004904796076	19.2639445888443	450.16	66.538
22.8136317490946	98.6674610660312	2901.59	1762.916
29.2940865647307	99.6394602884318	3432.439	2240.632
12.8524197180642	90.7636673890661	2072.535	592.391
58.0663535469172	99.999460000432	5302.855	4735.396
1.8753384997292	28.7632569893944	662.588	98.097
2.86038771168983	40.54568756345	942.368	149.112
47.4704720236224	99.99190000648	4892.088	3780.576
52.9614076308739	99.998380001296	5216.379	4269.645
34.8301021359183	99.8092001526399	3823.8	2676.548
60.5389115688707	99.999820000144	5800.091	4619.231
0.454699636240291	7.82027374378101	183.751	26.743
60.5383815692947	99.999640000288	5772.708	4520.341
24.0026707978634	97.9195616643507	2962.96	1680.58
22.8739517008386	98.7353210117432	2743.925	2024.106
55.5571855542516	99.998920000864	5355.586	4162.842
58.0913035269572	99.999460000432	5524.183	4447.395
0.388129689496248	6.74585460331632	157.56	19.841
31.0419251664599	99.4844804124157	3541.381	2562.692
0.0566799546560363	1.01537918769665	25.259	2.488
12.7134198292641	90.2785677771458	2090.101	586.51
38.7261790190568	99.955360035712	4187.025	2862.728
0.137339890128088	2.44367804505756	61.863	6.812
27.7770277783778	99.0580607535514	3168.885	2128.438
52.7974777620178	99.99820000144	5177.84	3895.118
0.231649814680148	4.07609673912261	95.876	12.222
3.79739696208243	49.0895607283514	1097.976	191.058
