0.0	0.0	1786.556	505.123
0.00299999760000192	0.0199799840160128	1779.086	535.234
0.00399999680000256	0.0201599838720129	1721.895	539.08
0.0049999960000032	0.0219599824320141	1782.342	500.662
0.00599999520000384	0.0239399808480153	1732.788	512.578
0.00899999280000576	0.0260999791200167	1823.124	510.714
0.013999988800009	0.0300599759520192	1790.345	488.391
0.0199999840000128	0.0379799696160243	1750.469	549.463
0.0279999776000179	0.0460799631360295	1789.996	525.597
0.0429999656000275	0.0601199519040385	1776.209	503.056
0.063999948800041	0.0820799343360525	1753.718	516.178
0.0949999240000608	0.111959910432072	1737.698	533.042
0.141999886400091	0.160019871984102	1743.81	538.503
0.210999831200135	0.228059817552146	1777.019	512.587
0.316999746400203	0.333899732880214	1735.128	517.336
0.474999620000304	0.492119606304315	1809.179	507.73
0.711999430400456	0.730079415936467	1698.106	504.621
1.06699914640068	1.08395913283269	1804.427	508.101
1.59999872000102	1.61603870716903	1750.147	527.581
2.39899808080154	2.41595806723355	1800.877	504.245
3.5979971216023	3.61403710877031	1786.807	541.543
5.39599568320345	5.41205567035546	1735.382	546.697
8.09199352640518	8.11007351194119	1788.609	505.223
12.1389902888078	12.1559302752558	1770.829	536.799
18.2079854336117	18.2240854207317	1801.556	495.977
27.3109781512175	27.3279381376495	1726.605	534.944
37.3109701512239	37.3278301377359	1762.082	546.337
47.3099621520303	47.3279021376783	1828.838	539.409
57.3109541512367	57.3279741376207	1879.39	548.854
67.3099461520431	67.3258861392911	1850.913	535.605
77.3109381512495	77.3279381376495	1848.448	572.242
87.3109301512559	87.3278301377359	1899.859	569.158
97.3109221512623	97.3280821375343	1897.003	561.26
