0.117169906264075	2.08511833190533	1998.658	54.619
0.552369558104354	9.46367242906206	4584.339	260.113
5.26017579185937	59.4969724024221	2668.694	804.712
21.2570429943656	97.1142423086062	3170.054	1395.452
60.5342915725667	99.999820000144	5074.685	3463.48
52.7391178087057	99.99820000144	4714.679	3288.793
1.15271907782474	18.6299850960119	4624.857	446.251
43.5259251792599	99.964360028512	4092.092	2367.338
31.0994651204279	99.5149003880797	3675.159	1838.368
0.754029396776483	12.6498498801201	4285.679	322.926
2.6517578785937	37.8876296898963	4416.608	690.718
15.9653672277062	94.5897443282045	2973.275	1180.949
17.9944656044275	95.0406439674848	2932.585	1243.826
40.8692373046102	99.941680046656	4354.813	2355.154
12.9926496058803	91.1971070423144	3143.282	1022.57
29.4277264578188	99.6943602445118	3611.554	1804.586
37.4248700601039	99.8624801100159	3910.234	2231.071
58.0471535622772	99.999820000144	5035.4	3145.064
50.00579999536	99.99640000288	4564.265	2626.809
55.5350455719635	99.999460000432	5078.034	3167.094
33.8363529309177	99.6491802806558	3963.806	2018.879
0.060889951288039	1.0893591285127	1095.596	28.64
4.2254666196267	53.5828971336823	4719.199	806.305
0.256609794712164	4.51583638733089	3682.558	121.436
0.394529684376253	6.86357450914039	4547.392	181.251
46.6276426978858	99.98470001224	4353.39	2731.451
9.04626276298979	80.1085759131393	2861.378	923.579
1.53920876863299	23.9065008747993	4188.42	537.17
25.1891898486481	98.7938209649432	3282.28	1500.213
0.148049881560095	2.62439790048168	2341.327	70.883
