24.1009807192154	24.1180007055994	779.353	488.871
0.600999519200385	0.617939505648396	66.575	9.852
0.200999839200129	0.21797982561614	39.53	3.487
2.80099775920179	2.8180777455378	148.025	56.316
1.30099895920083	1.31795894563284	79.979	22.584
69.1009447192442	69.1179647056282	1982.798	1365.86
34.1009727192218	34.1178927056858	1023.85	683.143
0.100999919200065	0.118079905536076	28.918	1.741
29.1009767192186	29.1178567057146	890.988	584.572
49.1009607192314	49.1180007055994	1459.714	981.642
59.1009527192378	59.1178927056858	1722.529	1177.984
54.1009567192346	54.1180367055706	1629.379	1047.745
19.1009847192122	19.1179647056282	679.838	375.668
4.20099663920269	4.2181166255067	187.131	84.758
6.30099495920403	6.31799494560404	305.775	127.522
79.1009367192506	79.1178567057146	2292.004	1585.987
84.1009327192538	84.1178927056858	2369.187	1697.902
39.100968719225	39.117928705657	1170.622	781.925
0.300999759200193	0.317879745696203	43.176	6.907
64.100948719241	64.118108705513	1892.306	1236.594
0.900999279200577	0.917999265600588	70.037	16.993
9.40099247920602	9.41795246563803	355.265	182.133
99.1009207192634	99.1180007055994	2757.892	1971.871
1.90099847920122	1.91789846568123	101.611	35.636
74.1009407192474	74.1180007055994	2167.956	1441.959
0.400999679200257	0.417959665632267	45.184	5.813
94.1009247192602	94.1179647056282	2644.81	1888.544
44.1009647192282	44.1179647056282	1292.429	883.508
89.100928719257	89.117928705657	2600.361	1782.789
14.100988719209	14.117928705657	507.743	286.053
