0.00424999660000272	0.0755999395200484	3.108	0.57
0.00627999497600402	0.110699911440071	4.147	0.686
0.00861999310400552	0.151559878752097	5.015	0.66
0.0134799892160086	0.23417981265615	7.109	0.84
0.0195499843600125	0.334979732016214	10.203	1.215
0.0284599772320182	0.477899617680306	15.999	1.813
0.042149966280027	0.684719452224438	19.649	2.42
0.0636299490960407	0.988559209152633	26.824	3.545
0.0886499290800567	1.26233899012881	33.703	4.543
0.14047988761609	1.85201851838519	51.016	7.079
0.211779830576136	2.43395805283356	67.647	10.576
0.317599745920203	3.03047757561794	84.478	13.965
0.472639621888302	3.5992771205783	97.171	16.83
3.5937671249863	7.24103420717263	210.588	51.018
5.39492568405945	9.03941276846979	264.843	68.379
8.08865352907718	11.7478706017035	333.578	97.351
