2.80084775932179	6.43625485099612	1224.512	76.671
2.80339775728179	6.45695483443613	1245.543	73.619
6.30145495883603	9.95237203810237	1402.415	158.13
54.0996067203146	57.731353814917	3549.864	1302.564
59.1005527195578	62.7294098164721	3664.826	1491.531
14.095088723929	17.7220658223473	1758.374	345.471
19.0976647218682	22.7492818005746	1926.222	475.739
9.39928248057402	13.0292895765683	1550.73	231.109
0.403389677288258	3.36689730648216	1044.182	14.372
98.6737210610231	99.999820000144	4880.39	3947.464
44.1010947191242	47.7226418218865	3109.643	1067.299
29.0993367205306	32.742153806277	2364.865	720.082
0.0990999207200634	1.43441885246492	547.648	4.486
89.103108717513	92.7254858196114	5122.837	2267.218
0.299659760272192	2.94947764041789	973.671	11.467
49.1006807194554	52.7584977932018	3246.108	1226.75
59.0979027216778	62.7303098157522	3680.453	1482.625
64.100508719593	67.7497858001714	3907.126	1617.412
64.094218724625	67.7343058125553	4006.792	1560.166
0.400869679304257	3.35501731598615	1021.029	13.622
39.097898721681	42.7398858080914	2864.287	940.858
24.0952707237834	27.7349178120657	2151.308	603.312
0.301189759048193	2.9687376250099	956.271	11.568
84.0942427246058	87.6997098402321	4881.933	2033.474
24.1001807198554	27.7462578029938	2197.097	581.087
6.29955496035603	9.93581205135036	1389.075	162.991
0.601559518752385	3.9074368740505	1109.504	19.159
0.199539840368128	2.35457811633751	833.658	8.162
68.9008048793561	71.4259228592617	4040.558	1726.231
0.0995599203520637	1.43495885203292	546.234	4.45
74.0980107215914	77.7403178077458	4435.847	1809.829
19.1016247187002	22.7199418240465	1951.196	481.401
34.1013527189178	37.7504697996242	2606.61	843.791
14.103988716809	17.7476258018994	1760.92	342.903
54.0974467220426	57.739453808437	3568.151	1310.761
9.39958248033401	13.0292895765683	1552.377	233.714
2.79235776611379	6.30935495251604	1191.719	73.427
74.1022707181834	77.7379778096177	4443.652	1793.15
19.0955247235802	22.7420818063346	1952.264	476.136
0.200459839632128	2.35799811360151	837.28	8.416
24.1043307165354	27.7368978104818	2172.403	598.405
39.100058719953	42.7469058024754	2858.422	939.411
44.1040347167722	47.7338018129585	3046.515	1109.028
79.1011667190666	82.739813808149	4661.798	1937.427
64.102868717705	67.7087458330033	3983.424	1557.468
14.103658717073	17.7496058003154	1716.091	354.038
79.0842067326346	82.4089740728207	4528.902	1994.447
4.19484664412269	7.83089373528501	1303.637	112.003
4.20193663845069	7.84079372736502	1307.278	110.486
34.0998127201498	37.7240098207921	2588.124	851.878
88.999118800705	91.8350265319788	4942.58	2321.86
19.0982547213962	22.7514417988466	1941.745	480.863
6.30051495958803	9.95705203435837	1383.317	162.066
88.9294888564089	91.5335267731786	4905.915	2319.872
79.0948367241306	82.7248738201009	4654.996	1918.925
34.1002227198218	37.7384098092722	2642.567	810.239
29.1011767190586	32.744673804261	2467.326	701.791
74.0939707248234	77.6094579124337	4453.16	1800.914
24.1008307193354	27.7701977838418	2160.195	606.343
0.602419518064386	3.92219686224251	1096.477	18.213
0.398009681592255	3.34277732577814	1039.636	14.121
2.79891776086579	6.43301485358812	1223.612	73.748
0.198289841368127	2.33063813548949	832.104	7.983
98.6670410663671	99.999640000288	4929.534	3948.405
84.1001027199178	87.7502897997682	4906.107	2050.617
4.20295663763469	7.85267371786103	1316.462	107.717
39.103308717353	42.7244058204753	2857.994	940.454
6.30152495878003	9.92969205624635	1395.906	158.293
49.0960207231834	52.7338378129297	3318.245	1184.111
0.557249554200357	3.37175730259416	1018.993	16.442
79.0997067202346	82.7392738085809	4520.901	1998.233
0.299579760336192	2.93615765107388	965.254	11.526
4.19804664156269	7.83845372923702	1292.862	111.751
98.6538210769431	99.999460000432	4920.542	3938.798
94.0702847437722	97.3477021218383	5155.594	3660.74
0.0997599201920639	1.43873884900892	549.99	4.67
0.596879522496382	3.9117568705945	1100.115	18.928
54.0987667209866	57.740713807429	3545.99	1298.051
0.302489758008194	2.94407764473788	963.731	11.649
29.1016667186666	32.747553801957	2423.604	699.823
9.39993248005402	13.0217295826163	1538.339	229.29
49.0980407215674	52.7376178099057	3254.867	1227.745
44.1017947185642	47.7397418082066	3095.062	1061.837
59.0016127987098	61.8101505518796	3357.96	1480.072
54.1061567150746	57.7356738114609	3559.595	1306.725
59.1054427156458	62.7691897846482	3773.699	1432.282
68.749995000004	71.0344231724615	4165.436	1657.463
43.79222496622	46.1438630849095	2522.278	1086.601
93.7496250003	96.0351431718855	4794.237	3637.526
0.100249919800064	1.44269884584092	558.007	6.172
0.400439679648256	3.35717731425815	1037.858	13.968
49.1004407196474	52.7228578217137	3321.964	1172.772
89.103108717513	92.7254858196114	4937.725	2250.282
14.099138720689	17.7296258162993	1725.455	355.214
84.1001027199178	87.7502897997682	4758.007	2135.727
9.40225247819802	13.0375695699443	1526.128	239.897
69.1006347194922	72.7176018259185	4239.739	1668.125
0.202049838360129	2.35763811388951	836.044	8.575
94.1005747195402	97.7150818279345	5192.984	3818.135
34.1011027191178	37.7573097941522	2650.652	822.545
94.0926447258842	97.6718818624945	5170.216	3811.425
69.0995647203482	72.7622417902066	4079.63	1743.434
29.0986667210666	32.7363938108849	2400.18	733.139
74.1022707181834	77.7379778096177	4349.069	1849.953
84.1003527197178	87.7601897918482	4797.203	2129.453
63.9020688783449	66.4338068529545	4016.003	1539.341
98.5996411202871	99.9955000036	4798.511	3942.518
39.097708721833	42.7472658021874	2892.612	944.624
