9.40099247920602	9.41795246563803	544.082	198.875
59.1009527192378	59.1178927056858	3082.386	1262.448
0.400999679200257	0.417959665632267	24.954	5.914
84.1009327192538	84.1178927056858	4540.701	1738.865
0.300999759200193	0.318059745552204	19.901	4.429
1.30099895920083	1.31795894563284	78.155	21.565
54.1009567192346	54.1180367055706	2900.974	1175.354
0.900999279200577	0.917999265600588	55.14	16.233
4.20099663920269	4.2179366256507	233.167	90.772
2.80099775920179	2.8180777455378	169.583	60.123
19.1009847192122	19.1179647056282	1012.598	406.518
6.30099495920403	6.31799494560404	366.719	134.605
24.1009807192154	24.1178207057434	1350.711	504.351
94.1009247192602	94.1179647056282	5147.537	1940.065
89.100928719257	89.117928705657	4831.081	1834.96
49.1009607192314	49.1180007055994	2682.344	1031.08
39.100968719225	39.117928705657	2166.071	814.065
0.200999839200129	0.21797982561614	13.571	3.021
74.1009407192474	74.1180007055994	3929.649	1606.254
1.90099847920122	1.91807846553723	104.573	35.439
79.1009367192506	79.1180367055706	4324.445	1634.004
0.600999519200385	0.618119505504396	38.249	9.846
29.1009767192186	29.1180367055706	1557.306	628.879
44.1009647192282	44.1179647056282	2395.257	938.685
69.1009447192442	69.1177847057722	3752.963	1429.98
99.1009207192634	99.1178207057434	5254.141	2114.13
0.100999919200065	0.118079905536076	8.11	1.87
34.1009727192218	34.1178927056858	1849.875	748.017
64.100948719241	64.118108705513	3478.475	1345.318
14.100988719209	14.118108705513	796.754	297.869
69.1009447192442	69.1179647056282	3789.402	1428.379
4.20099663920269	4.2179366256507	244.7	88.664
14.100988719209	14.117928705657	780.651	307.324
84.1009327192538	84.1180727055418	4586.425	1753.187
0.600999519200385	0.618119505504396	37.977	9.994
1.30099895920083	1.31795894563284	73.347	23.838
44.1009647192282	44.1179647056282	2306.435	957.532
64.100948719241	64.117928705657	3463.089	1397.473
99.1009207192634	99.1180007055994	5303.979	2035.562
94.1009247192602	94.1179647056282	4879.753	1999.408
74.1009407192474	74.1178207057434	3998.583	1528.922
49.1009607192314	49.1180007055994	2665.057	1026.27
0.100999919200065	0.118079905536076	7.889	1.716
89.100928719257	89.117928705657	4812.521	1836.349
0.200999839200129	0.21815982547214	13.794	3.477
0.900999279200577	0.917999265600588	54.756	13.974
34.1009727192218	34.1178927056858	1817.569	736.786
0.300999759200193	0.318059745552204	19.751	4.511
29.1009767192186	29.1180367055706	1519.043	630.511
9.40099247920602	9.41795246563803	506.349	202.195
19.1009847192122	19.1179647056282	1024.977	419.793
54.1009567192346	54.1178567057146	2939.781	1114.382
59.1009527192378	59.1178927056858	3122.782	1277.967
39.100968719225	39.117928705657	2133.568	805.615
24.1009807192154	24.1180007055994	1301.399	520.465
79.1009367192506	79.1178567057146	4285.205	1632.689
2.80099775920179	2.8180777455378	158.984	59.849
1.90099847920122	1.91807846553723	110.377	37.316
0.400999679200257	0.417959665632267	26.312	6.443
6.30099495920403	6.31799494560404	356.288	131.922
64.100948719241	64.117928705657	3371.014	1392.571
24.1009807192154	24.1180007055994	1263.55	517.588
19.1009847192122	19.1179647056282	1093.834	401.734
9.40099247920602	9.41795246563803	521.701	193.405
2.80099775920179	2.8178977456818	158.754	62.371
89.100928719257	89.117928705657	4827.039	1843.407
1.30099895920083	1.31795894563284	70.977	23.749
49.1009607192314	49.1180007055994	2592.56	1061.642
0.100999919200065	0.118079905536076	8.105	1.833
79.1009367192506	79.1178567057146	4156.095	1725.829
84.1009327192538	84.1178927056858	4647.273	1744.706
4.20099663920269	4.2179366256507	248.333	88.389
39.100968719225	39.117928705657	2083.106	844.764
0.400999679200257	0.417959665632267	25.397	6.163
74.1009407192474	74.1180007055994	4005.229	1530.471
1.90099847920122	1.91807846553723	110.832	35.97
