87.3109301512559	87.3280101375919	2512.753	1775.231
0.0949999240000608	0.111959910432072	22.57	1.369
0.0049999960000032	0.0219599824320141	7.061	0.415
0.00699999440000448	0.0239399808480153	7.603	0.486
0.0429999656000275	0.0599399520480384	18.7	0.899
77.3109381512495	77.3279381376495	2253.672	1555.843
97.3109221512623	97.3279021376783	2839.466	2245.346
2.39899808080154	2.41595806723355	128.568	44.405
0.316999746400203	0.334079732736214	38.303	4.534
1.59899872080102	1.61603870716903	81.093	27.842
18.2079854336117	18.2239054208757	617.227	353.33
8.09199352640518	8.10989351208519	313.764	154.337
0.0289999768000186	0.0460799631360295	15.155	0.66
0.00399999680000256	0.0219599824320141	7.091	0.442
0.0099999920000064	0.028079977536018	8.951	0.519
5.39599568320345	5.41403566877147	240.153	104.284
0.474999620000304	0.492119606304315	40.285	6.157
0.063999948800041	0.0799199360640512	19.348	0.976
0.141999886400091	0.158039873568101	23.92	1.914
12.1389902888078	12.1561102751118	439.062	242.96
27.3109781512175	27.3279381376495	833.203	543.789
0.00199999840000128	0.0199799840160128	6.3	0.441
0.711999430400456	0.730079415936467	64.28	10.765
57.3109541512367	57.3279741376207	1676.442	1143.901
0.211999830400136	0.230039815968147	33.67	2.894
67.3109461512431	67.3280461375631	2045.229	1313.181
3.5979971216023	3.61385710891431	169.508	69.889
37.3109701512239	37.3280101375919	1194.121	746.47
0.0199999840000128	0.035999971200023	11.276	0.676
0.00199999840000128	0.0201599838720129	6.458	0.414
0.013999988800009	0.0320399743680205	10.247	0.57
47.3109621512303	47.3280821375343	1421.378	939.505
1.06699914640068	1.08395913283269	71.039	16.476
