85.0757519393984	99.971740022608	12856.149	5153.178
9.39891248087002	44.7198842240926	9849.184	416.244
33.7730729815416	66.1270870983303	11803.406	1485.995
0.391569686744251	6.39629488296409	2446.297	23.974
0.600099519920384	9.40625247499802	3617.462	34.836
3.56333714933028	26.7695785843371	7451.505	161.419
15.5336975730419	37.9758296193363	5782.47	606.35
63.8086689530648	96.0590831527335	13891.496	3009.255
0.200649839480128	3.4361972510422	1320.506	10.74
0.254849796120163	4.25231659814672	1632.335	13.575
48.6080911135271	79.699076240739	11539.398	2123.903
68.4611952310438	97.5205019835984	12785.136	3343.653
81.6287146970282	99.951220039024	12426.798	4988.686
0.899459280432576	13.1693294645364	5000.673	51.968
73.1747714601828	99.3068205545436	13388.848	4189.11
0.0973199221440623	1.71035863171309	663.893	5.668
1.13854908916073	14.9286480570816	5427.008	60.967
6.29656496274803	39.6008683193053	9304.343	283.786
29.0625667499466	64.9903880076896	11575.732	1323.413
38.1971394422884	66.8341265326988	12018.603	1683.551
77.5403479677216	99.7696001843199	12967.649	4685.793
91.5442567645946	100.0	11816.525	5712.109
23.9897308082154	58.5834731332215	10412.518	1039.474
1.23277901377679	14.2297086162331	4904.771	61.692
2.79699776240179	28.4570772343382	8274.948	132.257
88.7071290342968	99.999640000288	11864.539	5576.286
52.7877477698018	79.7921361662911	10540.167	2325.198
43.5805451355639	74.5375803699357	12498.986	1969.918
58.2020634383492	86.8591105127116	11662.178	2589.76
12.6220499023601	38.6835890531288	9479.94	531.795
