12.1389902888078	12.1559302752558	164.191	112.809
87.3109301512559	87.3280101375919	1069.232	786.25
37.3109701512239	37.3280101375919	450.066	327.61
0.0419999664000269	0.0599399520480384	2.612	0.914
0.141999886400091	0.158039873568101	4.415	2.506
1.59899872080102	1.61603870716903	23.014	15.433
5.39599568320345	5.41187567049946	77.399	50.884
0.00599999520000384	0.0221399822880142	2.851	0.57
0.0949999240000608	0.111959910432072	3.367	1.237
47.3109621512303	47.3280821375343	582.352	417.296
0.0189999848000122	0.035999971200023	2.135	0.688
0.0629999496000403	0.0800999359200513	2.814	0.999
0.00399999680000256	0.0199799840160128	1.737	0.55
0.0129999896000083	0.0300599759520192	2.339	0.664
0.0049999960000032	0.0219599824320141	1.855	0.56
0.315999747200202	0.332099734320213	6.615	3.455
0.211999830400136	0.228059817552146	4.979	2.339
0.0099999920000064	0.0259199792640166	2.084	0.873
3.5979971216023	3.61403710877031	51.741	31.8
97.3109221512623	97.3279021376783	1122.897	872.546
2.39799808160153	2.41595806723355	34.196	21.904
18.2079854336117	18.2260654191477	235.519	162.737
0.474999620000304	0.491939606448315	7.712	4.339
67.3109461512431	67.3280461375631	799.17	606.355
0.711999430400456	0.727919417664466	11.141	6.738
0.0279999776000179	0.0458999632800294	2.288	0.79
0.00199999840000128	0.0179999856000115	1.55	0.482
27.3109781512175	27.3281181375055	373.504	243.181
0.00299999760000192	0.0199799840160128	1.772	0.515
57.3099541520367	57.3279741376207	694.037	508.975
77.3109381512495	77.3279381376495	940.886	686.448
1.06699914640068	1.08395913283269	15.215	10.568
8.09299352560518	8.10989351208519	117.949	73.579
