0.00826999338400529	0.148679881056095	105.564	3.878
0.465149627880298	7.00775439379648	980.458	151.554
0.205879835296132	3.53447717241826	1513.752	95.319
83.4735132211894	99.8795800963359	6741.319	6067.144
16.7831365734907	43.2800653759477	2101.514	1067.876
0.00300999759200193	0.0541799566560347	16.342	0.998
12.1310602951518	47.8760016991986	2346.793	855.353
66.8930464855628	97.4407620473904	5723.935	5065.6
0.190219847824122	3.15557747553802	941.423	81.337
57.1084143132685	90.57448754041	5559.384	4460.914
0.0635899491280407	1.12985909611272	823.415	31.166
17.9484556412355	50.9304192556646	2327.503	1169.772
0.00212999829600136	0.0383399693280245	11.771	0.822
18.2041654366677	54.5223163821469	2827.26	1202.684
0.000759999392000486	0.0136799890560088	4.478	0.573
0.208109833512133	3.56795714563428	1497.831	96.763
64.5861283310973	88.2854293716565	5684.651	4634.103
0.00555999555200356	0.0997199202240638	70.444	2.556
90.5441175647059	100.0	6635.259	6293.796
27.1257682993854	60.7854113716709	3163.649	1699.921
0.00207999833600133	0.037439970048024	11.529	0.616
0.0133099893520085	0.239039808768153	168.5	5.791
1.59831872134502	20.266903786477	1502.6	335.084
0.474989620008304	7.6613338709329	1795.478	187.999
0.0190699847440122	0.341819726544219	269.15	9.316
3.23188741449007	27.1648582681134	1212.54	331.499
0.473359621312303	7.61543390765287	1756.625	189.882
0.261769790584168	4.34501652398678	1191.738	116.666
2.96026763178589	24.4357004514396	1061.199	299.58
27.2820081743935	63.3543693165045	3296.959	1695.715
3.51097719121825	22.7708817832946	1039.849	323.718
90.5412475670019	100.0	6963.686	6078.653
46.4261228591017	75.2654997876002	4402.884	2967.716
23.9617008306393	46.862242510206	2622.746	1424.093
84.0917427266058	99.987040010368	6948.103	6049.561
0.00594999524000381	0.106559914752068	71.33	2.137
5.53194557444354	26.3701589038729	1229.438	410.925
0.0134499892400086	0.241019807184154	184.328	6.427
5.39237568609945	37.6817098546321	1916.959	516.295
10.0760719391424	34.1596526722779	1556.651	694.908
0.0293099765520188	0.520919583264333	393.874	14.035
66.8307065354348	97.0904823276141	5878.567	5168.632
0.0101699918640065	0.182339854128117	106.065	3.781
0.138539889168089	2.37113810308952	966.685	64.34
0.000779999376000499	0.014039988768009	4.975	0.439
56.4425148459881	85.2283118173505	5445.307	3518.122
3.50532719573824	22.7447818041746	1057.474	309.245
0.00956999234400613	0.17171986262411	121.061	4.434
0.00303999756800195	0.054719956224035	16.487	1.041
3.5868371305303	32.0851543318765	1639.102	436.383
0.00899999280000576	0.161459870832103	114.878	4.014
90.600077519938	100.0	7072.789	6151.296
46.9736024211181	79.3711165031068	4882.455	3024.254
0.0256599794720164	0.459179632656294	350.343	11.031
0.00409999672000262	0.0736199411040471	35.697	1.184
0.28123977500818	4.66847626521899	1310.831	122.094
0.0329099736720211	0.583379533296373	425.061	14.496
0.0623099501520399	1.10519911584071	789.039	28.843
0.0117199906240075	0.210419831664135	158.742	4.833
0.0932399254080597	1.63709869032105	1090.76	44.093
2.37298810160952	25.7032594373925	1480.078	367.008
0.0933499253200597	1.64339868528105	1103.634	44.863
1.07194914244069	15.1642678685857	1808.58	293.262
1.05802915357668	13.0228095817523	880.287	210.398
10.5461615630707	35.897551281959	1674.114	698.325
0.0186299850960119	0.333899732880214	238.649	7.533
90.599497520402	100.0	6978.033	6482.073
0.0528099577520338	0.936179251056599	667.067	23.585
0.142279886176091	2.47697801841759	1396.495	64.959
36.9308204553436	68.9793648165082	3809.444	2554.122
0.12456990034408	2.16611826710539	1185.512	56.894
27.2901481678815	63.5214091828727	3505.185	1870.385
0.00375999699200241	0.0673199461440431	39.031	1.676
0.104169916664067	1.80737855409716	978.466	48.436
0.0040599967520026	0.0730799415360468	22.003	0.998
2.40398807680954	26.1518190785447	1592.742	370.516
46.6636126691099	76.7908185673451	4528.438	2984.499
0.311439750848199	5.19335584531532	1616.931	134.306
0.0911599270720583	1.60649871480103	1060.423	43.464
1.06693914644868	15.0832679333857	1875.003	283.138
0.00180999855200116	0.0325799739360208	9.772	0.526
37.0680103455917	70.4175636659491	3957.167	2381.119
75.9944892044086	99.6059803152157	6334.264	5729.207
36.5184707852234	65.651527478778	3706.595	2367.093
53.8768068985545	76.7503185997451	5159.049	3320.006
66.8863664909068	97.4533620373104	5935.427	5224.797
1.06628914696868	15.0742679405856	1697.746	294.618
4.89337608529913	31.5534347572522	1344.76	419.925
0.207759833792133	3.54869716104227	1521.323	94.203
0.133579893136085	2.31929814456148	1292.959	60.246
74.7203302237358	97.3354621316303	6189.243	5652.448
0.00287999769600184	0.0518399585280332	15.498	0.98
47.2952821637743	83.2607333914133	5041.13	3811.346
0.0020299983760013	0.0365399707680234	11.576	0.762
36.6803406557275	66.7747265802187	3941.986	2366.872
0.391819686544251	6.26219499024401	1242.844	145.403
55.1885758491393	80.0995759203393	5093.692	3695.645
0.000819999344000525	0.0147599881920094	5.068	0.529
75.3027497578002	98.355881315295	6268.931	5564.473
1.06178915056868	15.0098279921376	1701.187	308.832
0.0137199890240088	0.245879803296157	190.16	5.865
0.000469999624000301	0.00845999323200541	3.077	0.371
3.4399172480662	29.678016257587	1333.362	373.023
1.57945873643301	19.9247240602208	1328.334	338.071
7.68204385436492	37.581989934408	1604.936	555.631
83.9873428101258	99.972280022176	6891.447	5758.791
0.0274699780240176	0.489959608032314	386.939	11.574
73.6507010794391	95.4472636421891	6645.905	5378.498
0.00210999831200135	0.0377999697600242	18.145	1.016
0.680979455216436	10.3370317303746	1418.482	231.133
0.605749515400388	9.10961271230983	1298.433	193.593
0.0403699677040258	0.71927942457646	549.232	18.926
0.0127999897600082	0.229139816688147	169.168	6.011
0.00604999516000387	0.10889991288007	31.78	1.636
0.0378799696960242	0.675359459712432	520.381	16.941
1.04135916691267	12.8298497361202	860.893	209.995
0.637379490096408	9.60443231645415	1302.99	207.503
18.2065054347957	54.3729165016668	2692.044	1296.902
84.1308526953178	99.989560008352	6703.484	5807.708
0.353449717240226	5.63525549179561	1133.307	136.357
0.0926899258480593	1.63187869449704	1094.088	42.19
2.24819820144144	23.8411609270713	1212.92	335.49
1.41468886824891	14.9671680262656	872.314	217.07
7.98145361483711	41.0356471714823	1766.508	618.507
0.00933999252800598	0.167759865792107	104.996	3.717
12.1440302847758	47.9780616175507	2414.699	886.664
0.0282799773760181	0.503999596800323	395.649	12.609
0.00555999555200356	0.0998999200800639	35.26	1.738
0.00185999851200119	0.0334799732160214	10.656	0.796
0.0385499691600247	0.685439451648439	521.979	18.734
0.0284299772560182	0.507419594064325	387.346	13.282
8.08000353599717	42.5894059284753	1928.211	654.497
