0.000959999232000614	0.0172799861760111	5.893	0.663
0.00145999883200093	0.0262799789760168	8.649	0.783
0.00216999826400139	0.039059968752025	12.173	0.765
0.00369999704000237	0.0662399470080424	20.832	1.476
0.00626999498400401	0.112679909856072	76.47	3.726
0.00770999383200493	0.138059889552088	105.11	3.723
0.0136799890560088	0.245699803440157	178.596	7.189
0.0201499838800129	0.361079711136231	285.612	10.893
0.0216499826800139	0.386099691120247	294.943	11.148
0.038989968808025	0.695339443728445	540.039	19.946
0.060959951232039	1.07999913600069	771.871	30.849
0.0940399247680602	1.65671867462506	1123.996	46.875
0.136059891152087	2.36231811014551	1306.806	63.887
0.168679865056108	2.87009770392184	1116.464	77.44
0.242219806224155	4.01219679024257	1151.904	103.467
0.337749729800216	5.38577569137945	1086.364	132.572
0.629939496048403	8.76167299066161	975.785	164.361
0.686239451008439	10.4320716543427	1560.139	241.717
1.60492871605703	20.311903750477	1511.521	341.563
2.13568829144937	22.2602221918222	1104.226	303.738
3.5867171306263	31.9049744760204	1567.153	433.401
5.39590568327545	37.6815298547761	1883.068	542.653
7.9609236312611	40.668267465386	1695.983	622.936
12.1344402924478	47.9453016437587	2392.321	869.77
17.3030861575311	45.8681033055174	2186.261	1037.826
26.9799284160573	59.2537925969659	3038.001	1763.022
35.8217613425909	62.1829302536558	3702.269	2253.473
44.1195847043322	67.210326231739	4443.506	2811.27
53.7123970300824	76.4014788788169	4956.184	3221.01
66.8656565074748	97.3104421516463	6171.055	3911.71
73.9812308150154	96.0245231803815	6237.167	4665.541
84.1112327110138	99.989740008208	6755.387	4854.824
90.55873755301	100.0	7176.961	5174.644
