84.5094723924221	99.8934400852479	2143.919	845.461
1.90050847959322	22.7334418132466	3887.454	151.908
2.61109791112167	25.6350394919684	1677.488	167.405
79.9593060325552	98.9981208015034	2061.904	845.967
24.0878307297354	60.1878118497505	2515.479	448.184
91.5442567645946	100.0	2092.042	876.519
18.8464549228361	51.7281786174571	2321.709	369.165
0.904329276536579	13.2190094247925	3615.858	83.784
73.1078315137348	99.0829007336794	2057.377	833.825
39.016728786617	74.1711006631195	2329.388	562.194
70.7785733771413	93.3887852889718	2023.96	770.559
14.093208725433	50.2068198345441	2307.296	376.698
34.0776727378618	70.370763703389	2646.677	535.599
28.8991968806425	62.6336498930801	2564.199	480.898
88.7129590296328	99.999640000288	2066.887	847.914
53.3472973221621	82.797233762213	2212.057	683.456
55.4916056067155	78.124617500306	1745.628	651.763
0.896439282848574	13.1363894908884	3556.159	82.991
84.9250520599583	99.958420033264	2037.859	854.725
52.0862383310093	77.2177782257774	1789.856	621.245
85.2340618127506	99.983980012816	2142.312	838.526
56.18702505038	79.702316238147	2319.768	667.775
76.2470290023768	98.0016415986867	2119.162	815.159
88.7159090272728	99.999640000288	2153.583	826.578
11.2533909972872	34.1852126518299	1965.2	249.579
88.4679792256166	99.99640000288	2135.115	828.348
81.6132947093642	99.944740044208	2073.02	849.677
33.7376530098776	65.7616873906501	2604.768	547.06
23.6895610483512	55.2779557776354	1464.464	428.91
73.0596315522948	98.9309808552153	2073.94	815.399
49.0149307880554	84.1783726573019	2178.186	661.723
51.615768707385	75.8281793374565	1711.92	623.144
1.66201867038506	16.2995269603784	2069.964	96.773
25.6940894447284	48.5281411774871	1227.497	392.489
47.7239318208545	74.5033803972957	1724.032	604.302
62.8248597401122	89.8408081273535	1990.752	719.028
48.9620008303993	83.5921131263095	2213.091	677.08
58.6625830699335	90.0940679247457	1909.614	746.859
19.0851747318602	55.4080956735235	2414.311	423.082
80.1676658658673	99.1415806867355	2149.591	817.744
1.13446909242473	14.8874280900575	3351.182	91.909
13.7948089641528	46.0238031809575	2189.865	328.774
29.0705267435786	65.1981078415137	2493.591	510.968
1.81143855084916	21.2862429710056	3234.733	133.957
1.29596896322483	17.5017459986032	4149.11	100.622
21.9713424229261	46.813282549374	2236.75	359.742
1.84993852004918	21.857382514094	3271.698	139.415
1.90493847604922	22.7327218138226	3700.292	146.87
33.7202430238056	65.590147527882	1665.123	507.033
0.892609285912571	13.0321695742643	3560.356	81.413
1.0903691277047	14.2644485884411	3202.295	88.128
14.091218727025	50.2582997933602	2375.799	366.809
91.5481167615066	100.0	2112.615	869.773
43.9545448363641	78.4208972632822	2384.529	629.511
75.7151794278565	97.2058622353102	2007.693	833.813
77.5641579486736	99.8047001562399	2050.704	859.22
20.285693771445	42.6471858822513	1026.7	331.167
53.8610569111545	87.0801503358797	1956.075	716.961
16.2118170305464	39.6005083195933	2084.143	314.162
63.1197295042164	91.2372470102024	1945.65	755.126
91.5474567620346	99.999820000144	2111.83	878.56
73.1715314627748	99.2771205783035	2147.382	829.461
31.5104347916522	55.5072755941795	1294.013	454.872
63.4361692510646	93.1358854912916	2033.991	745.495
57.9951336038931	85.7353714117029	1946.271	698.483
91.5511267590986	99.999820000144	2073.854	883.522
68.4855252115798	97.6285018971985	2126.203	793.507
85.3936116851107	99.994420004464	2135.576	833.513
0.897039282368574	13.1482694813844	3603.593	84.22
39.070608743513	75.3074397540482	2660.864	591.628
63.7897389682088	95.8769232984614	1992.626	783.296
43.4212452630038	73.2637213890229	1727.449	567.08
44.0283047773562	79.5505763595389	2508.876	639.355
81.6774646580283	99.963460029232	2043.242	836.957
66.4835368131705	90.3529077176738	2072.835	730.286
28.9967068026346	63.7271490182808	2061.091	498.609
39.044198764641	74.6904002476798	2576.738	564.743
67.7950557639554	94.3890444887644	2008.244	795.486
75.2245098203921	96.5035027971978	2004.051	798.823
1.19488904408876	15.7870673703461	3589.786	91.708
18.9661948270441	53.3776972978422	2341.753	419.538
67.3337261330191	92.7341258126993	2021.517	750.838
88.4885392091686	99.99640000288	2148.08	877.437
48.7321110143112	80.8487353210117	2342.454	666.387
44.0524247580602	80.0020159983872	2382.435	652.262
39.008118793505	74.0145007883994	2210.028	586.359
