59.0993027205578	59.4616924306461	1389.006	567.267
44.0993547205162	44.4601444318845	1061.618	426.195
49.0989907208074	49.4702604237917	1155.516	475.04
29.1000467199626	29.4627364298109	763.02	276.743
14.100538719569	14.4633484293213	452.607	132.016
84.1014027188778	84.4681724254621	1911.705	818.575
2.79819776144179	3.16511746790603	85.048	25.568
74.0982207214234	74.4636004291197	1681.584	699.921
24.0989807208154	24.4630604295517	640.333	234.448
0.400629679496256	0.763739389008489	24.905	5.151
54.0919767264186	54.3844364924508	1266.358	523.597
1.90053847956922	2.26619818704145	59.453	18.02
4.20050663959469	4.56461634830692	120.233	38.929
99.0592707525834	99.2915205667835	2117.587	1714.853
0.299109760712191	0.664739468208425	23.253	4.461
39.100438719649	39.4615484307613	939.926	382.6
64.099008720793	64.4649684280253	1531.843	599.285
0.899429280456576	1.26305898955281	36.672	9.351
9.40097247922202	9.76697218642225	313.942	87.98
69.0980747215402	69.4605044315964	1652.113	649.208
1.30026895978483	1.66913866468907	48.367	13.413
79.1003367197306	79.4639964288029	1816.595	754.71
89.100618719505	89.4676684258653	2033.282	859.825
94.0993747205002	94.4617644305885	2156.585	1569.813
34.0999627200298	34.4660124271901	913.704	399.731
0.599099520720383	0.960659231472615	30.974	6.905
6.30243495805203	6.65927467258026	219.554	58.633
0.199859840112128	0.567539545968363	19.382	3.167
0.0992299206160635	0.456299634960292	15.901	2.21
19.0995147203882	19.4668044265565	545.084	182.554
64.099148720681	64.4633484293213	1485.455	597.367
6.29890496087603	6.66593466725227	215.374	58.312
54.1006167195066	54.4611164311069	1257.721	520.006
39.098588721129	39.4656884274493	937.372	376.825
59.0987927209658	59.4652924277661	1426.59	546.294
29.0977967217626	29.4458164433468	725.942	270.579
14.100798719361	14.4611884310493	436.683	131.58
44.1005947195242	44.4633844292925	1073.881	431.789
0.600149519880384	0.960659231472615	30.681	7.123
4.20084663932269	4.56101635118692	122.195	41.229
34.1010527191578	34.4681724254621	884.887	325.043
74.0998207201434	74.4645004283997	1697.853	705.618
0.399589680328256	0.764639388288489	25.38	5.111
94.0589547528362	94.2904045676763	2072.926	1641.317
2.79889776088179	3.16025747179402	89.63	27.814
19.0985447211642	19.4675244259805	526.121	178.863
79.0988167209466	79.4629164296669	1881.695	724.717
1.29899896080083	1.66553866756907	49.375	13.189
84.1008027193578	84.4640324287741	1915.423	815.275
9.39736248211001	9.76049219160625	314.04	88.658
89.099828720137	89.4676684258653	2080.35	819.129
0.299779760176192	0.657359474112421	21.659	4.09
69.1003147197482	69.4684244252605	1660.314	639.768
1.90193847844922	2.26709818632145	63.388	18.229
49.1009107192714	49.4726004219197	1195.912	463.667
0.199779840176128	0.56285954971236	19.44	3.248
0.100439919648064	0.447839641728287	17.539	2.225
99.1007407194074	99.4646804282557	2169.663	1646.194
0.899189280648576	1.26665898667281	34.975	9.268
24.0983507213194	24.4661204271037	667.904	231.986
29.1003967196826	29.4647164282269	727.977	283.452
84.1001727198618	84.4742924205661	1907.34	811.27
94.1006047195162	94.4615844307325	2149.499	1588.44
79.1004667196266	79.4652564277949	1815.397	762.696
2.79947776041779	3.16349746920202	81.94	25.449
74.0988807208954	74.4646804282557	1767.674	684.789
0.200739839408128	0.567179546256363	20.569	3.39
54.1000267199786	54.4645364283709	1334.414	500.649
39.100828719337	39.4669484264413	977.412	366.616
6.30051495958803	6.65801467358826	217.871	58.586
59.0990627207498	59.4604324316541	1453.421	554.388
19.1005347195722	19.4682444254045	521.676	186.523
64.100268719785	64.4637084290333	1480.878	608.867
0.300469759624192	0.659339472528422	21.546	4.134
49.0997707201834	49.4663004269597	1202.211	462.726
0.899759280192576	1.26917898465681	40.395	9.753
0.398799680960255	0.768239385408492	25.46	5.024
0.0992699205840635	0.446219643024286	16.295	2.114
89.097438722049	89.4597484322013	2025.108	847.796
14.100908719273	14.4631684294653	433.928	136.646
44.0999247200602	44.4666244267005	1118.057	413.636
99.0989007208794	99.4493804404956	2182.41	1647.927
0.598809520952383	0.963539229168617	29.92	6.433
69.0982747213802	69.4623044301565	1609.085	656.56
1.30207895833683	1.67129866296107	48.578	12.986
1.89998848000922	2.26169819064145	60.86	17.49
34.1005827195338	34.4636724290621	876.054	323.562
9.39946248043002	9.76877218498225	301.147	88.858
4.20163663869069	4.56425634859492	125.632	39.689
24.0995607203514	24.4643204285437	655.801	247.05
94.0914847268122	94.3856244915004	2162.449	1577.563
0.601239519008385	0.964799228160617	29.355	6.415
0.900449279640576	1.26269898984081	36.052	9.352
2.80090775927379	3.16403746877003	82.253	25.252
4.19868664105069	4.55939635248292	121.152	38.307
69.0992947205642	69.4691444246845	1667.357	633.541
64.100428719657	64.4633484293213	1506.95	620.568
84.1014827188138	84.4624124300701	1918.065	800.249
29.1015567187546	29.4656164275069	730.606	284.563
14.098618721105	14.4676684258653	438.573	135.586
74.0994407204474	74.4627004298397	1742.689	688.208
89.098688721049	89.4606484314813	2082.139	820.065
0.398979680816255	0.761039391168487	24.908	4.897
0.300999759200193	0.666179467056426	21.504	4.036
24.0986707210634	24.4594604324317	648.629	237.995
1.90020847983322	2.25935819251345	65.2	18.118
99.1001907198474	99.4583804332957	2113.344	1723.101
59.1002427198058	59.4616924306461	1393.219	570.938
44.1024147180682	44.4646444282845	1104.135	410.716
0.100209919832064	0.454319636544291	16.646	2.146
39.101388718889	39.4698284241373	983.217	372.403
6.30062495950003	6.66197467042026	217.367	58.161
