0.000899999280000576	0.0161999870400104	5.467	0.386
0.000979999216000627	0.0176399858880113	5.626	0.373
0.00103999916800067	0.018719985024012	5.736	0.375
0.00125999899200081	0.0224999820000144	7.107	0.395
0.00178999856800115	0.0322199742240206	9.886	0.481
0.0018699985040012	0.0332999733600213	10.17	0.501
0.00193999844800124	0.0349199720640224	10.485	0.675
0.00205999835200132	0.0367199706240235	11.077	0.477
0.00285999771200183	0.0509399592480326	14.742	0.431
0.00293999764800188	0.0527399578080338	15.947	0.498
0.00305999755200196	0.0545399563680349	16.108	0.481
0.00306999754400196	0.0548999560800351	16.403	0.495
0.00307999753600197	0.0548999560800351	15.918	0.456
0.708849432920454	4.10291671766663	850.506	20.835
0.709609432312454	4.10903671277063	845.974	21.408
0.710239431808455	4.12433670053064	850.453	21.834
1.06077915137668	4.62671629862696	890.917	30.421
1.06370914903268	4.59935632051494	883.5	33.114
1.06424914860068	4.65623627501098	875.736	33.853
1.06678914656868	4.61357630913895	882.154	32.491
1.565308747753	4.77287618169906	783.965	40.625
1.59760872191302	5.18417585265932	902.224	45.349
1.60363871708903	5.22377582097934	900.201	42.431
1.60503871596903	5.24501580398736	923.638	45.987
2.39572808341753	6.02405518075586	933.36	66.464
2.39602808317753	6.03719517024386	944.697	65.59
2.39637808289753	6.01091519126785	935.431	64.407
2.39656808274553	6.01541518766785	960.679	63.213
