49.0985507211594	49.4681004255197	1724.096	548.681
1.29969896024083	1.66607866713707	1813.708	519.609
94.1007647193882	94.4642844285725	1767.875	582.353
4.20033663973069	4.56515634787492	1706.123	511.293
0.300849759320193	0.663119469504424	1764.067	487.597
99.0592707525834	99.2915205667835	1785.437	585.585
0.401039679168257	0.771479382816494	1734.124	523.18
2.80043775964979	3.16169747064202	1774.988	521.865
24.1001807198554	24.4639604288317	1775.468	515.191
44.0989547208362	44.4619444304445	1870.116	535.713
89.092088726329	89.3828884936892	1786.654	577.649
29.0995367203706	29.4620164303869	1793.8	509.274
0.900529279576576	1.27007898393681	1796.208	500.999
0.199589840328128	0.559619552304358	1722.13	526.618
19.1006547194762	19.4637444290045	1719.557	534.181
74.1015307187754	74.4625204299837	1803.138	579.317
6.30028495977203	6.66683466653227	1750.79	542.361
1.90015847987322	2.26781818574545	1710.197	509.607
69.0996247203002	69.4641044287165	1767.139	583.58
34.1006527194778	34.4692524245981	1749.289	551.628
9.39985248011802	9.76895218483825	1746.678	516.128
39.100748719401	39.4613684309053	1760.073	563.741
14.099308720553	14.4687484250013	1785.343	552.994
0.100229919816064	0.45377963697629	1708.88	520.959
54.1008467193226	54.4607564313949	1827.558	555.296
84.0989827208138	84.459532432374	1805.098	584.483
59.0989127208698	59.4640324287741	1822.14	541.663
79.1000367199706	79.4611164311069	1788.739	568.214
0.600659519472384	0.963179229456616	1710.411	499.581
64.100128719897	64.4655084275933	1759.39	552.973
