0.00400999679200257	0.0721799422560462	3.743	0.7
0.029669976264019	0.528299577360338	19.906	2.691
0.710649431480455	10.8484113212709	319.661	55.945
0.183559853152117	3.132897493682	102.461	12.17
7.9681036255171	40.7361274110981	931.924	291.663
0.0793199365440508	1.39715888227289	139.516	5.954
0.00401999678400257	0.0723599421120463	4.668	0.786
0.105839915328068	1.82591853926517	64.374	7.963
0.707609433912453	10.8214113428709	313.4	49.142
0.00424999660000272	0.076499938800049	3.625	0.766
0.129169896664083	2.20157823873741	79.031	9.739
0.0209899832080134	0.37565969947224	14.774	2.151
0.316589746728203	5.28893576885138	170.142	22.635
3.08763752988998	25.6184795052164	413.816	182.457
0.0241399806880154	0.430379655696275	14.403	2.15
0.475719619424304	7.6591738726609	245.12	38.754
0.0364699708240233	0.648899480880415	21.65	2.803
0.314589748328201	5.25347579721936	501.2	23.671
0.0612999509600392	1.08557913153669	109.313	4.893
0.412079670336264	6.57539473968421	214.738	32.414
0.592609525912379	8.29619336304531	222.241	36.541
0.012539989968008	0.224639820288144	23.269	1.456
7.79287376570099	38.7032090374328	613.622	301.071
0.0113899908880073	0.204659836272131	8.669	1.912
0.0787799369760504	1.38239889408088	46.349	5.989
5.39163568669145	37.569929944056	934.789	270.81
0.00676999458400433	0.121499902800078	5.183	1.011
0.0622499502000398	1.10285911771271	38.955	5.02
0.141599886720091	2.46509802792158	85.404	10.583
0.00875999299200561	0.157679873856101	16.647	1.081
0.0284599772320182	0.507779593776325	51.526	3.593
8.08100353519717	42.5123659901072	638.397	312.933
0.612529509976392	8.54171316662947	646.667	37.221
0.0039099968720025	0.070379943696045	3.562	0.789
0.207409834072133	3.55157715873827	344.726	14.449
0.0186099851120119	0.333359733312213	11.918	2.178
0.139069888744089	2.42117806305755	239.131	10.007
3.49828720137024	30.4424756460195	548.158	217.667
8.72612301910159	30.1911958470433	458.717	230.324
0.318839744928204	5.08589593128325	461.184	23.422
0.0353099717520226	0.623699501040399	20.832	3.227
2.82585773931381	23.3362613309909	526.767	158.17
0.00772999381600495	0.138959888832089	5.795	1.465
5.38898568881145	37.6701898638481	910.126	266.937
0.0628199497440402	1.11167911065671	37.135	4.896
0.0116599906720075	0.208979832816134	21.734	1.239
7.0260443791645	32.744493804405	522.656	238.996
0.483579613136309	7.27145418283665	219.37	33.749
0.0158799872960102	0.284219772624182	9.853	1.568
0.202099838320129	3.35411731670615	110.147	17.468
0.210319831744135	3.6010771191383	120.73	18.212
0.00918999264800588	0.165419867664106	7.504	1.197
0.139809888152089	2.43359805312156	82.381	13.264
0.042139966288027	0.751139399088481	24.415	3.869
0.0419599664320269	0.748079401536479	75.097	3.282
3.57080714335429	31.6643146685483	893.798	221.274
0.00573999540800367	0.103139917488066	11.536	0.89
0.0131099895120084	0.23507981193615	9.522	1.498
0.0170599863520109	0.305639755488196	11.667	1.875
0.0114599908320073	0.206099835120132	8.948	1.235
0.0279399776480179	0.49985960011232	16.701	2.834
0.00517999585600331	0.0930599255520596	4.435	0.835
0.313999748800201	5.25365579707536	179.658	27.496
4.55945635243492	28.7164570268344	473.842	197.703
3.63872708901833	23.411321270943	343.078	155.68
0.0945599243520605	1.66553866756907	57.118	7.002
0.472119622304302	7.62281390174888	243.063	34.693
0.0931199255040596	1.63529869176105	54.333	9.017
