0.0554399556480355	0.990539207568634	853.852	25.945
13.6386590890727	68.8785648971481	3220.615	1018.271
0.00169999864000109	0.0305999755200196	9.846	0.602
43.3590953127238	99.1943206445435	4632.035	2516.032
6.16724506620395	54.3230565415548	3109.206	717.679
0.502609597912322	8.39249328600537	2843.231	207.442
1.25899899280081	19.2506245995003	3321.38	426.105
78.6506270794983	100.0	6416.09	4692.858
66.6999966400027	99.995860003312	6381.825	4071.027
2.69659784272173	34.1389526888378	2169.038	580.336
0.000719999424000461	0.0129599896320083	4.449	0.509
0.0158099873520101	0.283499773200181	236.294	8.047
1.61282870973703	22.8592617125906	2086.446	466.093
0.0528899576880338	0.944999244000605	757.842	25.566
50.8899992880006	99.3619005104796	4486.808	2942.983
72.6366818906545	99.998560001152	6230.243	4413.776
0.0081199935040052	0.145799883360093	105.489	3.079
0.0132199894240085	0.237419810064152	193.612	6.473
10.948081241535	75.3796196963042	3106.037	951.08
0.183499853200117	3.19805744155405	1970.016	86.729
57.1379542896366	99.4342604525916	5006.175	3293.215
0.129229896616083	2.27789817768146	1668.188	57.488
0.00299999760000192	0.0538199569440344	17.326	1.109
0.0994299204560636	1.76327858937713	1389.611	46.436
0.396939682448254	6.79589456328435	3077.431	182.858
0.00362999709600232	0.0653399477280418	21.111	1.451
0.00786999370400504	0.141659886672091	45.052	2.454
33.5537331570135	94.7625441899646	4265.233	2058.133
0.0232599813920149	0.416519666784267	371.598	9.907
19.1297846961722	71.960342431726	4525.584	1325.74
4.78408617273106	52.4053380757295	3106.43	696.072
0.00231999814400148	0.0417599665920267	13.598	1.016
0.6256594994724	10.1363318909345	3174.681	243.777
