1.24198900640879	16.4937468050026	1563.324	93.775
81.216635026692	99.7890401687679	1069.837	838.317
76.6931986454411	98.6518010785591	1090.55	799.33
53.3898172881462	83.0713735429012	1200.933	654.759
91.5520067583946	99.999820000144	1137.58	839.649
84.9062920749663	99.954820036144	1137.238	830.031
0.197209842232126	3.38417729265817	456.022	15.545
28.5951171239063	59.437392450086	826.009	451.429
37.470190023848	63.5259091792727	1226.53	519.643
68.0455855635315	95.4038836768931	1121.56	796.614
46.818692545046	71.3681429054857	955.832	582.826
33.9489328408537	68.1598254721396	1070.649	533.049
0.394799684160253	6.47387482090014	833.984	27.612
0.0910999271200583	1.59569872344102	216.877	6.507
23.8218909424872	56.5582947533642	851.263	422.532
2.76416778866577	27.8123177501458	1129.932	174.665
88.6809490552408	99.999460000432	1147.215	838.875
14.088918728865	50.000539999568	1102.153	350.74
4.18888664889068	34.0698327441338	1064.668	226.879
58.6418430865255	89.9632080294336	1166.388	729.724
1.90807847353722	22.7858217713426	1577.316	145
5.57558553953157	31.7724945820043	912.536	222.97
44.0650747479402	80.1841758526593	1331.942	631.091
19.0865947307242	55.4593956324835	1212.417	407.697
0.54704956236035	8.48573321141343	1022.061	36.668
0.897679281856575	13.1021895182484	1457.069	77.648
0.269909784072173	4.50593639525088	600.528	18.676
60.976161219071	84.1614526708379	1129.287	676.168
72.6617318706145	97.7899617680306	1060.849	808.172
7.24371420502864	30.0128159897472	876.891	212.916
