0.0120499903600077	0.216539826768139	59.717	1.526
0.0143799884960092	0.257939793648165	72.547	1.059
0.0113299909360073	0.20375983699213	57.114	0.891
7.39234408612473	66.1951270438984	2520.724	466.878
0.0103699917040066	0.186479850816119	52.882	0.849
0.0154299876560099	0.277379778096178	76.801	1.081
0.0318299745360204	0.569879544096365	157.106	2.259
0.425489659608272	7.29035416771667	1880.82	33.087
0.0367099706320235	0.657179474256421	184.168	2.685
0.0256899794480164	0.459719632224294	127.999	1.843
0.287989769608184	4.94135604691516	1259.716	20.738
0.0706699434640452	1.25963899228881	343.554	4.982
0.107249914200069	1.89449848440121	514.865	7.784
0.0523499581200335	0.933479253216597	255.418	3.55
0.0229499816400147	0.412019670384264	114.827	1.707
0.302739757808194	5.18795584963532	1333.017	23.605
0.178989856808115	3.14639748288201	844.065	13.489
6.7239746208203	59.1693726645019	2197.539	417.763
0.00426999658400273	0.0768599385120492	22.339	0.555
0.0744099404720476	1.32389894088085	360.153	5.367
4.28776656978674	46.4523828380937	2675.6	318.999
0.0147799881760095	0.26495978803217	74.721	1.077
0.700739439408449	11.3176709458632	2638.05	49.546
0.0226499818800145	0.40679967456026	116.211	2.378
3.15351747718602	34.9881920094464	2213.311	226.601
0.0721799422560462	1.28195897443282	351.32	5.122
0.0370799703360237	0.664739468208425	185.235	2.735
0.426509658792273	7.15679427456458	1778.169	32.256
0.127889897688082	2.27177818257745	616.64	8.697
0.410649671480263	7.03889436888451	1796.671	32.3
0.173119861504111	3.04721756222595	816.149	12.581
0.21943982444814	3.82877693697845	1007.851	16.288
0.0730999415200468	1.29779896176083	354.283	5.397
0.584449532440374	9.76283218973425	2408.593	42.588
9.11167271066183	61.9744904204077	1943.57	454.204
0.164909868072106	2.88593769124985	764.286	13.33
7.10498431601255	63.0980495215604	2387.66	429.354
0.00678999456800435	0.121859902512078	34.901	0.661
2.99909760072192	37.9284896572083	5765.718	271.019
0.21815982547214	3.80177695857843	991.058	14.705
0.0101999918400065	0.183599853120118	52.311	0.823
0.0237199810240152	0.425159659872272	118.913	1.674
0.282479774016181	4.91489606808315	1292.079	20.82
3.01752758597793	38.1560094751924	5079.154	268.739
0.050019959984032	0.892799285760571	247.781	3.623
0.132179894256085	2.32307814153749	623.452	9.245
0.7816793746565	12.6250098999921	2936.861	79.064
0.0600599519520384	1.06793914564868	292.48	4.288
7.32277414178069	65.4182476654019	2460.111	472.865
4.78634617092306	52.4249580600336	3005.772	348.861
0.00493999604800316	0.0889199288640569	25.692	0.618
0.00657999473600421	0.118439905248076	34.103	0.675
0.0679599456320435	1.21301902958478	333.982	4.641
0.551279558976353	9.19961264030989	2258.861	42.485
0.0165399867680106	0.29753976196819	82.356	1.107
0.00440999647200282	0.0793799364960508	22.698	0.584
0.361739710608232	6.08417513265989	1513.859	27.926
0.00786999370400504	0.141659886672091	40.403	0.663
0.054619956304035	0.978119217504626	271.825	3.905
0.778299377360498	12.5247499802	2921.281	78.904
0.0866499306800555	1.53557877153698	416.115	6.16
4.93085605531516	54.1329766936186	3170.123	378.841
0.00645999483200413	0.116279906976074	33.566	0.625
0.00556999554400356	0.100259919792064	29.26	0.604
0.0216699826640139	0.387899689680248	108.74	1.588
