18.0846455322836	95.2030038375969	22325.806	1175.149
47.0128323897341	99.99010000792	23948.757	3223.208
43.8771048983161	99.97390002088	23752.969	3028.856
0.262309790152168	4.61501630798695	1787.29	16.985
1.20757903393677	19.5206243835005	7510.93	67.498
15.9614472308422	94.5760643391485	22316.352	1086.658
38.1424094860724	99.9236800610559	23834.794	2600.907
0.10960991231207	1.95191843846525	754.268	6.252
27.5273179781456	98.9407008474393	21653.419	1792.306
12.9514696388243	91.0927071258343	22264.629	679.11
58.0471535622772	99.999820000144	23529.423	4035.672
55.5565055547956	99.999820000144	23402.572	3959.305
52.8376177299058	99.99910000072	23266.436	3652.02
0.751829398536481	12.6215899027281	4863.94	42.916
6.17272506181995	67.269186184651	21022.802	322.772
0.196929842456126	3.48659721072223	1344.087	10.639
41.6423166861466	99.978040017568	22729.153	2878.62
60.5336715730627	99.999820000144	23380.924	4336.904
0.394969684024253	6.86591450726839	2652.367	23.799
35.5899815280148	99.9143200685439	23223.118	2491.995
8.91613286709371	79.3383565293148	20969.735	476.722
21.1237131010295	96.9522424382061	21308.599	1386.284
50.1445098843921	99.997480002016	23645.28	3496.032
3.89214688628249	50.035279971776	18148.358	212.432
0.614629508296393	10.5051515958787	4069.611	36.55
2.17644825884139	31.7310946151243	12063.843	119.427
31.6484446812443	99.6398202881438	22193.382	2165.45
0.0608299513360389	1.0891791286567	426.318	4.336
1.49787880169696	23.3526413178869	8995.244	82.134
25.1486098811121	98.7709609832312	21963.637	1679.457
