0.0099999920000064	0.028079977536018	9.022	0.566
47.3109621512303	47.3280821375343	1422.325	926.489
27.3109781512175	27.3279381376495	856.986	520.716
0.474999620000304	0.491939606448315	40.951	7.264
0.0049999960000032	0.0219599824320141	7.333	0.543
97.3109221512623	97.3279021376783	2667.287	1957.227
0.00399999680000256	0.0199799840160128	6.703	0.486
67.3109461512431	67.3280461375631	1969.318	1352.685
18.2079854336117	18.2240854207317	620.885	357.492
0.14099988720009	0.157859873712101	23.714	2.186
5.39499568400345	5.41205567035546	244.543	106.812
12.1389902888078	12.1559302752558	458.398	243.219
0.013999988800009	0.0320399743680205	10.311	0.709
57.3109541512367	57.3279741376207	1621.301	1148.039
1.06599914720068	1.08395913283269	74.546	19.001
0.063999948800041	0.0820799343360525	19.166	1.376
3.5969971224023	3.61385710891431	175.548	70.337
87.3109301512559	87.3278301377359	2561	1677.607
1.59999872000102	1.61801870558504	83.194	28.188
0.00199999840000128	0.0179999856000115	5.864	0.463
77.3109381512495	77.3279381376495	2240.801	1533.181
0.0279999776000179	0.0458999632800294	15.932	0.881
0.00599999520000384	0.0219599824320141	7.162	0.582
0.0199999840000128	0.035999971200023	11.485	0.672
0.00299999760000192	0.0199799840160128	6.434	0.519
2.39899808080154	2.41595806723355	127.821	47.332
8.09299352560518	8.10989351208519	302.331	162.459
0.0419999664000269	0.0599399520480384	18.414	0.996
0.711999430400456	0.727919417664466	60.63	12.882
37.3109701512239	37.3280101375919	1129.309	713.203
0.316999746400203	0.334079732736214	37.52	4.391
0.211999830400136	0.228059817552146	35.083	3.717
0.0939999248000602	0.10997991201607	22.888	1.774
