24.0760007391994	60.0718919424864	1170.919	699.703
13.2135794291365	41.6087667129866	1205.531	653.377
91.5522067582346	99.999820000144	1217.046	739.262
1.17785905771275	13.6405690875447	1141.466	655.32
0.271589782728174	4.52051638358689	1147.66	657.846
0.398849680920255	6.54821476142819	1142.812	668.161
2.80109775912179	28.4349372520502	1168.561	673.61
0.17250986199211	2.93777764977788	1160.678	684.402
84.6732322614142	99.923140061488	1229.012	748.094
68.0280055775955	95.331163735069	1271.607	713.224
34.0690827447338	70.2192038246369	1186.049	709.511
53.4165272667782	83.2542533965973	1204.491	723.671
81.6325746939402	99.950320039744	1273.708	728.747
88.5246691802647	99.997120002304	1235.848	749.822
8.83009293592565	38.0730295415764	1202.611	655.068
0.426349658920273	6.59105472715622	1146.763	654.745
6.28030497575602	39.3918884864892	1193.928	698.807
62.1963802428958	87.520429983656	1206.399	728.324
1.20923903260877	16.0534671572263	1220.736	654.347
0.893129285496572	13.0888695289044	1199.361	652.141
38.7058090353528	70.5966635226692	1214.074	716.712
0.0982299214160629	1.72781861774511	1214.323	659.935
3.23635741091407	24.2398606081115	1182.058	687.481
40.4961576030739	63.1218095025524	1195.008	703.294
29.0829367336506	65.4529876376099	1191.945	707.491
19.0912247270202	55.4475156419875	1252.175	699.087
58.5221131823095	88.9499888400089	1212.748	739.158
48.8227809417752	81.7141746286603	1247.973	693.135
77.1572582741934	99.2832405734075	1273.252	723.652
70.9950132039894	93.811244951004	1288.367	727.678
