0.202099838320129	0.56303954956836	163.525	3.555
79.0985967211226	79.4645364283709	3034.423	1611.888
94.0983947212842	94.4612244310205	3567.018	3034.93
1.89847848121722	2.26223819020945	253.071	35.426
0.599209520632384	0.964799228160617	188.985	10.273
0.402009678392257	0.770579383536493	184.01	7.549
0.301549758760193	0.665639467488426	178.875	5.065
74.0997307202154	74.4630604295517	2871.042	1507.946
39.100298719761	39.4691084247133	1655.622	762.017
49.1006607194714	49.4630604295517	2022.593	944.839
89.100528719577	89.4649684280253	3379.385	1827.604
14.097208722233	14.4599284320573	738.155	272.796
1.29926896058483	1.66787866569707	235.261	23.428
59.1006327194938	59.4672724261821	2325.07	1186.535
34.0997327202138	34.4652924277661	1434.946	685.763
44.0990247207802	44.4617644305885	1853.531	862.448
64.098738721009	64.4626284298973	2579.816	1256.89
84.1000927199258	84.4658324273341	3226.322	1718.213
99.1005907195274	99.4655804275357	3684.906	3203.847
24.1008707193034	24.4675604259517	1079.943	478.77
0.900069279944576	1.26215899027281	216.565	16.503
0.100399919680064	0.448199641440287	147.584	2.045
2.79994776004179	3.16097747121802	299.197	59.012
29.0979467216426	29.4663364269309	1316.16	561.104
69.1009547192362	69.4590644327484	2684.12	1398.198
6.29893496085203	6.66269466984426	439.581	126.911
54.1021767182586	54.4690364247709	2210.323	1037.669
9.39942248046202	9.76445218843825	568.961	178.944
19.1004547196362	19.4617644305885	923.98	359.976
4.20141663886669	4.56695634643492	349.005	82.291
