1.8735285011772	22.2184622252302	1204.726	643.292
1.17785905771275	13.6405690875447	1141.466	655.32
0.271589782728174	4.52051638358689	1147.66	657.846
0.398849680920255	6.54821476142819	1142.812	668.161
4.50781639374688	25.6593394725284	1015.167	800.899
2.80109775912179	28.4349372520502	1168.561	673.61
0.194999844000125	3.35051731958614	1207.715	648.235
1.06054915156068	13.8362289310169	1091.531	804.999
0.286189771048183	4.78313617349106	1154.265	674.813
0.277069778344177	4.62689629848296	1072.075	550.33
0.0990499207600634	1.74365860507312	1101.61	569.816
0.17250986199211	2.93777764977788	1160.678	684.402
6.25903499277201	38.9080488735609	1233.455	670.198
1.67930865655307	19.3834644932284	1082.925	565.086
8.83009293592565	38.0730295415764	1202.611	655.068
0.423859660912271	6.5620747503402	1017.51	665.201
0.368169705464236	5.99309520552384	1086.417	545.667
0.893039285568572	13.0854495316404	1087.387	790.425
9.39062248750201	44.5699443440445	1178.931	688.758
6.30163495869203	39.7162482270014	1042.728	808.244
0.842669325864539	12.2252302198158	1035.58	562.515
0.426349658920273	6.59105472715622	1146.763	654.745
6.28030497575602	39.3918884864892	1193.928	698.807
0.100039919968064	1.75715859427312	1013.028	797.428
1.20923903260877	16.0534671572263	1220.736	654.347
1.83906852874518	21.6615426707659	1093.01	549.907
0.279129776696179	4.5338363729309	1187.718	637.899
0.602749517800386	9.43415245267804	1087.359	557.655
3.00056759954592	22.6956418434865	1223.568	662.101
0.893129285496572	13.0888695289044	1199.361	652.141
0.200819839344129	3.4421372462902	1077.471	543.141
9.34210252631798	43.67372506102	1078.834	703.05
8.68327305338156	36.9696304242957	1012.643	702.674
2.79524776380179	28.3458373233301	1090.197	685.612
0.0982299214160629	1.72781861774511	1214.323	659.935
0.197369842104126	3.38453729237017	1002.153	566.865
3.23635741091407	24.2398606081115	1182.058	687.481
4.13354669316265	33.2123134301493	1037.466	798.863
0.403619677104258	6.59915472067622	977.712	808.738
2.79399776480179	28.3317973345621	1010.14	794.23
1.06386914890468	13.8491889206489	1087.717	731.904
0.0996199203040638	1.74833860132912	1167.716	675.427
0.300359759712192	5.04341596526723	1075.361	551.806
0.891659286672571	13.0265895787283	1174.053	685.443
0.601569518744385	9.41255246995802	1157.716	674.595
1.29583896332883	17.4270460583632	1213.736	656.461
2.79886776090579	28.4163972668822	1208.723	646.171
3.63053709557032	27.3205581435535	1066.054	793.668
