0.316999746400203	0.334079732736214	59.58	13.934
0.316999746400203	0.333899732880214	62.042	13.506
0.0949999240000608	0.111959910432072	33.777	5.011
0.00199999840000128	0.0199799840160128	6.747	0.653
1.59999872000102	1.61801870558504	154.947	70.489
0.0289999768000186	0.0458999632800294	21.831	2.187
0.0099999920000064	0.0259199792640166	19.7	1.411
47.3109621512303	47.3280821375343	2849.397	2075.451
12.1389902888078	12.1561102751118	844.168	520.446
0.0199999840000128	0.0379799696160243	19.076	1.372
3.5979971216023	3.61403710877031	290.437	148.299
67.3109461512431	67.3280461375631	4023.093	2862.469
0.00299999760000192	0.0199799840160128	17.657	1.365
0.00399999680000256	0.0199799840160128	20.672	1.001
0.0049999960000032	0.0219599824320141	18.086	1.313
0.0199999840000128	0.035999971200023	19.855	1.686
0.063999948800041	0.0800999359200513	31.749	2.967
1.59999872000102	1.61801870558504	153.029	74.955
12.1389902888078	12.1559302752558	753.576	519.314
2.39899808080154	2.41613806708955	224.126	104.254
1.06599914720068	1.08197913441669	113.395	45.87
0.211999830400136	0.229859816112147	55.043	9.532
97.3109221512623	97.3279021376783	5791.13	4456.239
3.5979971216023	3.61583710733031	315.469	167.397
3.5979971216023	3.61601710718631	273.728	160.193
0.013999988800009	0.0320399743680205	18.9	1.51
12.1389902888078	12.1561102751118	831.647	539.033
27.3109781512175	27.3279381376495	1679.615	1184.149
0.0429999656000275	0.0601199519040385	25.094	2.757
8.09299352560518	8.10989351208519	546.514	359.127
0.316999746400203	0.333899732880214	59.371	13.451
0.063999948800041	0.0818999344800524	29.22	3.551
5.39599568320345	5.41205567035546	397.959	244.82
0.0289999768000186	0.0460799631360295	19.947	2.103
1.59999872000102	1.61603870716903	152.58	77.519
0.00699999440000448	0.0239399808480153	19.21	1.357
1.06599914720068	1.08413913268869	120.109	45.557
0.063999948800041	0.0818999344800524	32.74	2.868
0.00599999520000384	0.0239399808480153	18.668	1.331
67.3109461512431	67.3278661377071	4139.809	2971.035
0.0189999848000122	0.035999971200023	21.128	1.761
0.00299999760000192	0.0199799840160128	19.08	1.225
2.39899808080154	2.41613806708955	209.623	110.378
0.00199999840000128	0.0199799840160128	6.99	0.782
57.3109541512367	57.3279741376207	3443.386	2462.643
37.3109701512239	37.3278301377359	2157.728	1614.709
87.3099301520559	87.3260301391759	5103.139	3893.58
37.3109701512239	37.3280101375919	2206.583	1678.777
57.3109541512367	57.3279741376207	3498.029	2474.221
0.0099999920000064	0.0259199792640166	18.987	1.624
5.39599568320345	5.41187567049946	430.375	261.154
2.39899808080154	2.41595806723355	212.972	104.572
27.3099781520175	27.3279381376495	1753.29	1182.804
18.2069854344117	18.2240854207317	1157.997	851.7
27.3109781512175	27.3279381376495	1733.909	1125.291
97.3109221512623	97.3279021376783	5958.669	4266.663
0.063999948800041	0.0799199360640512	28.182	3.6
0.0099999920000064	0.0260999791200167	18.673	1.446
0.0129999896000083	0.0300599759520192	18.559	1.576
0.316999746400203	0.333899732880214	62.435	13.708
57.3109541512367	57.3279741376207	3613.84	2578.46
1.06699914640068	1.08395913283269	114.922	45.576
47.3109621512303	47.3280821375343	2739.818	2050.628
77.3109381512495	77.3279381376495	4487.991	3358.592
5.39599568320345	5.41385566891547	384.561	228.655
0.474999620000304	0.491939606448315	74.817	19.783
77.3109381512495	77.3279381376495	4634.199	3338.139
0.013999988800009	0.0320399743680205	19.648	1.53
0.0429999656000275	0.0601199519040385	23.411	2.844
0.474999620000304	0.491939606448315	83.24	18.925
0.00199999840000128	0.0199799840160128	6.898	0.821
0.711999430400456	0.727919417664466	98.423	29.534
47.3109621512303	47.3279021376783	2743.7	2067.819
8.09199352640518	8.11007351194119	608.411	349.771
0.0099999920000064	0.0260999791200167	19.668	1.512
0.472999621600303	0.489959608032314	79.338	18.693
77.3109381512495	77.3279381376495	4557.29	3532.724
77.3109381512495	77.3279381376495	4462.884	3411.698
0.711999430400456	0.727919417664466	86.616	29.546
0.210999831200135	0.228059817552146	55.672	9.34
0.0949999240000608	0.112139910288072	36.222	5.046
0.0049999960000032	0.0219599824320141	18.117	1.355
18.2079854336117	18.2258854192917	1111.063	829.914
27.3099781520175	27.3259581392335	1758.307	1201.614
0.711999430400456	0.730079415936467	95.617	28.752
0.00399999680000256	0.0219599824320141	18.454	1.419
0.211999830400136	0.230039815968147	51.68	9.344
8.09299352560518	8.10989351208519	572.848	346.165
3.5979971216023	3.61385710891431	282.431	158.785
0.141999886400091	0.160019871984102	50.74	5.897
1.59999872000102	1.61801870558504	147.68	75.695
57.3099541520367	57.3279741376207	3426.913	2563.775
97.3109221512623	97.3279021376783	5513.423	4333.376
0.14099988720009	0.158039873568101	46.287	5.751
67.3109461512431	67.3278661377071	3991.776	2850.769
0.0049999960000032	0.0219599824320141	19.33	1.415
0.00599999520000384	0.0239399808480153	19.315	1.282
0.00399999680000256	0.0221399822880142	18.415	1.324
0.141999886400091	0.159839872128102	42.016	6.512
97.3109221512623	97.3279021376783	5678.429	4451.293
0.00299999760000192	0.0199799840160128	10.657	1.048
87.3109301512559	87.3280101375919	5200.24	3729.035
18.2059854352117	18.2239054208757	1100.988	812.734
12.1389902888078	12.1559302752558	811.751	520.85
37.3109701512239	37.3278301377359	2287.616	1698.418
87.3109301512559	87.3280101375919	5114.303	3747.386
8.09299352560518	8.11007351194119	591.315	371.626
18.2069854344117	18.2240854207317	1211.24	773.776
0.141999886400091	0.158039873568101	45.862	7.113
0.0429999656000275	0.0599399520480384	22.86	2.303
0.0289999768000186	0.0458999632800294	20.513	2.188
37.3109701512239	37.3280101375919	2180.244	1617.506
0.711999430400456	0.727919417664466	85.746	30.93
0.0049999960000032	0.0219599824320141	19.228	1.316
0.0429999656000275	0.0599399520480384	25.293	2.87
5.39599568320345	5.41403566877147	413.081	248.986
2.39799808160153	2.41595806723355	207.132	107.756
47.3099621520303	47.3279021376783	3013.951	2114.447
67.3109461512431	67.3280461375631	4159.991	3004.165
0.0949999240000608	0.111959910432072	35.204	4.479
87.3109301512559	87.3278301377359	5331.302	3942.543
0.00199999840000128	0.0199799840160128	6.923	0.812
0.0199999840000128	0.0379799696160243	19.132	1.801
0.00699999440000448	0.0241199807040154	18.645	1.482
0.00399999680000256	0.0219599824320141	18.412	0.998
0.211999830400136	0.230039815968147	50.941	9.841
0.0289999768000186	0.0460799631360295	27.229	2.195
0.013999988800009	0.0298799760960191	19.823	1.559
0.00199999840000128	0.0179999856000115	6.141	0.618
0.473999620800303	0.492119606304315	82.288	18.085
0.0949999240000608	0.111959910432072	37.668	4.859
1.06699914640068	1.08395913283269	111.831	48.75
