0.00199999840000128	0.0179999856000115	664.631	433.85
0.00199999840000128	0.0179999856000115	1125.618	687.194
0.00199999840000128	0.0179999856000115	655.912	410.822
0.00199999840000128	0.0199799840160128	787.328	578.651
0.00299999760000192	0.0199799840160128	656.616	441.218
0.00299999760000192	0.0199799840160128	1168.701	730.701
0.00299999760000192	0.0199799840160128	805.771	598.653
0.00299999760000192	0.0199799840160128	667.698	414.386
0.00299999760000192	0.0199799840160128	648.185	401.136
0.00399999680000256	0.0199799840160128	1145.753	700.287
0.00399999680000256	0.0199799840160128	766.999	576.784
0.00399999680000256	0.0219599824320141	664.841	405.871
0.00399999680000256	0.0219599824320141	662.037	399.449
0.0049999960000032	0.0219599824320141	1171.164	717.276
0.0049999960000032	0.0219599824320141	637.361	424.407
0.0049999960000032	0.0221399822880142	798.487	607.678
0.00699999440000448	0.0239399808480153	657.34	430.146
0.00699999440000448	0.0239399808480153	660.704	413.704
0.00699999440000448	0.0239399808480153	1122.571	690.675
0.00699999440000448	0.0239399808480153	781.708	599.878
0.00899999280000576	0.0259199792640166	658.481	423.179
0.0099999920000064	0.0259199792640166	627.024	410.699
0.0099999920000064	0.028079977536018	1157.816	714.27
0.0099999920000064	0.028079977536018	767.174	635.688
0.013999988800009	0.0300599759520192	661.626	410.406
0.013999988800009	0.0318599745120204	755.189	595.711
0.013999988800009	0.0320399743680205	1123.117	683.136
0.013999988800009	0.0320399743680205	645.273	409.984
0.0189999848000122	0.035999971200023	1159.529	712.729
0.0199999840000128	0.035999971200023	794.763	599.463
0.0199999840000128	0.0379799696160243	644.642	406.556
0.0199999840000128	0.0379799696160243	656.371	417.608
0.0279999776000179	0.0460799631360295	1132.21	703.023
0.0289999768000186	0.0458999632800294	652.133	421.996
0.0289999768000186	0.0458999632800294	768.142	562.763
0.0289999768000186	0.0460799631360295	636.668	410.777
0.0419999664000269	0.0581399534880372	657.817	434.599
0.0429999656000275	0.0599399520480384	666.363	396.431
0.0429999656000275	0.0599399520480384	1137.845	698.926
0.0429999656000275	0.0601199519040385	772.58	565.058
0.063999948800041	0.0799199360640512	821.687	606.493
0.063999948800041	0.0818999344800524	1157.966	703.45
0.063999948800041	0.0818999344800524	652.442	401.619
0.063999948800041	0.0818999344800524	658.93	401.529
0.0949999240000608	0.111959910432072	652.8	426.16
0.0949999240000608	0.111959910432072	650.149	412.604
0.0949999240000608	0.111959910432072	803.268	577.007
0.0949999240000608	0.112139910288072	1131.125	688.83
0.14099988720009	0.158039873568101	639.346	422.189
0.14099988720009	0.158039873568101	1201.066	734.639
0.141999886400091	0.158039873568101	662.237	408.002
0.141999886400091	0.160019871984102	791.332	561.731
0.210999831200135	0.227879817696146	637.368	422.225
0.210999831200135	0.228059817552146	1121.336	695.251
0.211999830400136	0.228059817552146	648.391	404.771
0.211999830400136	0.229859816112147	793.225	645.551
0.316999746400203	0.333899732880214	642.846	405.43
0.316999746400203	0.334079732736214	624.331	407.993
0.316999746400203	0.334079732736214	809.534	556.421
0.316999746400203	0.334079732736214	1125.007	691.094
0.474999620000304	0.491939606448315	665.964	412.811
0.474999620000304	0.491939606448315	1119.029	678.401
0.474999620000304	0.491939606448315	647.226	425.862
0.474999620000304	0.492119606304315	768.436	565.889
0.710999431200455	0.728099417520466	660.11	412.988
0.711999430400456	0.727919417664466	662.254	417.928
0.711999430400456	0.728099417520466	808.717	588.098
0.711999430400456	0.729899416080467	1160.246	704.314
1.06699914640068	1.08395913283269	656.464	430.353
1.06699914640068	1.08395913283269	627.05	388.601
1.06699914640068	1.08395913283269	1163.486	713.328
1.06699914640068	1.08395913283269	796.691	600.545
1.59999872000102	1.61585870731303	628.142	451.065
1.59999872000102	1.61603870716903	1118.167	682.418
1.59999872000102	1.61603870716903	665.59	433.737
1.59999872000102	1.61801870558504	782.581	578.293
2.39799808160153	2.41397806881754	630.98	466.332
2.39799808160153	2.41595806723355	1122.931	688.323
2.39899808080154	2.41595806723355	780.281	571.064
2.39899808080154	2.41595806723355	620.641	410.538
3.5969971224023	3.61403710877031	632.163	411.399
3.5979971216023	3.61403710877031	1107.731	675.65
3.5979971216023	3.61403710877031	835.269	582.407
3.5979971216023	3.61583710733031	662.652	360.179
5.39499568400345	5.41205567035546	1118.691	688.618
5.39599568320345	5.41385566891547	658.942	412.13
5.39599568320345	5.41403566877147	655.285	412.269
5.39599568320345	5.41403566877147	781.896	568.441
8.09299352560518	8.10989351208519	667.795	393.56
8.09299352560518	8.10989351208519	658.049	426.494
8.09299352560518	8.11007351194119	1189.11	739.063
8.09299352560518	8.11007351194119	813.205	647.251
