0.00435999651200279	0.0779399376480499	3.505	0.797
0.00587999529600376	0.104399916480067	4.631	0.826
0.00832999333600533	0.147779881776095	6.185	1.126
0.0131699894640084	0.231299814960148	8.739	1.41
0.0180899855280116	0.3128397497282	11.237	1.728
0.0267799785760171	0.449459640432288	14.714	2.308
0.0412999669600264	0.678059457552434	19.082	3.125
0.0616499506800395	0.958859232912614	28.095	4.022
0.0941099247120602	1.36871890502488	38.486	5.996
0.14090988727209	1.84535852371318	49.009	8.09
0.211399830880135	2.41577806737755	68.34	11.739
0.315989747208202	3.01805758555393	76.502	13.771
0.473599621120303	3.6003571197143	95.754	18.673
3.5974671220263	7.24535420371664	203.93	55.568
5.38935568851545	8.89451288438969	257.788	69.621
8.09269352584518	11.7316706146635	321.569	96.964
