0.000789999368000506	0.0142199886240091	1536.909	517.154
0.00183999852800118	0.0325799739360208	1525.535	535.736
0.00317999745600204	0.0566999546400363	1489.079	525.839
0.00432999653600277	0.0773999380800495	1475.624	520.157
0.00600999519200385	0.105839915328068	1535.955	530.634
0.00877999297600562	0.1556998754401	1495.931	536.195
0.0137399890080088	0.238139809488152	1547.777	522.803
0.0195199843840125	0.334979732016214	1509.341	543.332
0.0272599781920174	0.458279633376293	1489.41	521.512
0.0420399663680269	0.680039455968435	1597.898	530.483
0.0628199497440402	0.980819215344628	1488.532	523.533
0.0934399252480598	1.35323891740887	1469.944	532.212
0.14069988744009	1.84967852025718	1537.655	504.87
0.212029830376136	2.43737805009756	1542.189	513.472
0.316289746968202	3.01877758497793	1522.706	518.298
0.474449620440304	3.60575711539431	1594.498	533.733
0.710029431976454	4.12415670067464	1528.905	506.193
1.06175915059268	4.63877628897897	1614.772	577.814
1.565478747617	4.81193615045108	1481.093	521.537
2.39506808394553	6.04529516376387	1555.085	564.347
3.56155715075428	6.80957455234036	1517.507	544.738
5.39277568577945	9.03707277034178	1477.003	522.75
8.08979352816518	11.7343706125035	1541.402	529.017
