9.97206202235038	67.5375659699472	1795.813	554.96
10.1940018447985	69.1712446630043	1806.616	535.442
10.3025217579826	69.9765640187488	1729.023	553.39
13.3008393593285	67.4626860298512	1794.439	535.67
14.1536986770411	71.1267630985895	1820.408	532.128
16.3940468847625	83.2283334173333	1835.319	551.117
17.0241363806909	87.6970098423921	1808.222	548.327
20.5832435334052	76.0043991964806	1797.675	536.431
22.0440123647901	80.4707356234115	1811.241	549.879
25.3634797092162	93.5430451655639	1755.58	560.669
25.4112296710163	93.803144957484	1802.62	607.466
31.6999646400283	90.0103679917056	1838.998	558.426
31.7859745712203	90.2186278250977	1830.697	559.206
32.5879439296449	92.210326231739	1865.507	561.848
33.0404735676211	93.3983252813398	1914.552	584.687
37.7204698236241	90.565667547466	1752.322	583.357
41.5026567978746	96.5643427485258	1748.438	577.111
41.8470765223388	97.0800423359661	1791.648	591.595
43.2660853871317	99.0658007473594	1823.119	559.126
50.8832192934246	99.3577605137916	1859.962	567.361
50.8945892843286	99.3781004975196	1802.643	580.909
50.9821092143126	99.4274204580636	1823.437	576.875
51.8754184996652	99.8619401104479	1851.004	580.228
56.278794976964	99.1307806953754	1776.393	605.186
57.4257940593648	99.5291203767037	1835.674	575.503
59.0247427802058	99.8896600882719	1853.437	588.223
59.371882502494	99.941680046656	1834.201	568.402
66.1023271181383	99.975880019296	1845.511	620.293
66.1593470725223	99.980020015984	1870.772	577.084
66.6325166939866	99.994240004608	1849.071	577.705
66.6670566663547	99.996220003024	1792.22	613.984
72.6184119052705	99.998560001152	1899.738	608.664
72.8857916913666	99.999820000144	1840.903	580.979
73.0162215870227	99.999280000576	1794.196	613.352
73.0780915375268	99.999460000432	1875.132	575.662
78.6492570805943	100.0	1836.087	582.822
78.6541870766503	100.0	1835.183	571.914
78.6546870762503	100.0	1852.96	605.245
78.6607370714103	100.0	1780.294	621.394
