19.0994347204522	19.4646444282845	1336.367	859.1
2.80106775914579	3.16853746517003	296.349	141.509
64.099748720201	64.4653284277373	3981.217	3029.854
84.1012927189658	84.4679924256061	5421.103	3982.605
9.39895248083802	9.76265218987825	721.001	458.616
24.0983407213274	24.4477604417916	1581.676	1108.682
29.0999367200506	29.4602164318269	2072.126	1394.189
74.0992507205994	74.4569404344477	4644.698	3314.458
14.102598717921	14.4642484286013	1020.87	675.486
89.099268720585	89.4631684294653	5635.799	4152.882
54.1004767196186	54.4639964288029	3421.233	2563.799
0.399939680048256	0.767519385984491	110.574	17.216
99.1005907195274	99.4655804275357	6065.429	5370.996
69.0999847200122	69.4666244267005	4271.094	3179.04
44.1009547192362	44.4605044315965	2829.678	2137.699
0.298559761152191	0.662579469936424	97.755	14.039
49.1006907194474	49.4632404294077	3196.908	2232.09
4.20056663954669	4.56965634427492	375.625	185.796
6.29901496078803	6.66737466610027	528.513	288.622
94.0992447206042	94.4738244209405	5655.83	5385.024
1.29974896020083	1.66859866512107	176.608	56.504
0.199469840424128	0.560339551728359	87.868	11.375
39.101998718401	39.4608284313373	2505.632	1830.362
0.100589919528064	0.460439631648295	86.907	7.03
0.599619520304384	0.963179229456616	133.691	25.108
59.1002527197978	59.4685324251741	3646.947	2840.688
0.902509277992578	1.27187898249681	142.514	36.779
34.0996127203098	34.4687124250301	2119.676	1560.201
1.90129847896122	2.26277818977745	227.652	86.2
79.1005267195786	79.4609364312509	5013.653	3797.225
