8.74123300701359	78.3926372858902	2553.5	409.553
0.514049588760329	8.79929296056563	758.262	29.25
0.40572967541626	7.04609436312451	612.807	20.87
60.5380015695987	99.999640000288	6867.023	4968.227
0.0661599470720423	1.18349905320076	38.285	3.482
44.0774147380682	99.972820021744	5567.862	3614.618
47.2635821891342	99.988660009072	7847.875	3636.482
0.362569709944232	6.31799494560404	154.909	23.032
0.614039508768393	10.4682516253987	258.783	34.757
32.2691041847167	99.7822001742399	4677.079	2617.988
41.2096770322584	99.956080035136	7325.847	3121.131
37.8846896922482	99.8956000835199	7358.185	2877.015
4.82823613741109	55.8303753356997	1704.993	231.248
4.01688678649057	51.3832988933609	1327.405	200.949
9.15031267974986	80.6226555018756	2089.625	431.743
44.5840543327565	99.98560001152	5306.493	3874.228
55.5537055570356	99.99910000072	6516.545	4501.091
0.231649814680148	4.07609673912261	118.754	12.445
28.3402173278261	99.3106005515196	3613.594	2152.625
27.9566076347139	99.1235807011354	6711.194	2073.06
12.48955000836	89.4388684489052	3086.496	574.329
41.7357166114267	99.974980020016	5435.184	3412.588
21.2298730161016	97.1038023169582	3003.913	1625.775
49.969040024768	99.993160005472	5241.634	3872.308
0.0998299201360639	1.77767857785714	55.261	5.185
22.7976517618786	98.6759210592631	3383.17	1755.077
34.306482554814	99.7350402119678	4365.125	2806.845
26.1721690622648	99.3593805124956	4207.418	2131.184
0.53063957548834	9.09251272598982	226.74	31.707
0.205269835784131	3.62627709897832	91.074	10.234
12.2582701933838	88.7167090266328	5351	541.595
0.635129491896406	10.7180914255269	926.661	35.16
0.270699783440173	4.76333618933105	415.236	13.888
10.3353017317586	80.8580953135237	2122.525	456.756
18.4022752781798	95.7894433684453	3099.247	1135.102
32.2077042338366	99.7773401781279	4215.781	2715.192
6.24015500787599	67.8081057535154	1775.673	295.85
0.225259819792144	3.96683682653054	98.338	11.378
37.9142496686003	99.8981200815039	4318.952	3089.294
0.18806984954412	3.32531733974613	290.561	9.387
58.0487735609812	99.999640000288	8677.947	4214.373
25.2550397959682	98.8280209375832	3603.818	1885.831
16.2352170118264	95.2267638185889	2736.327	1205.448
0.101899918480065	1.81403854876916	50.415	5.865
12.8134497492402	90.638207489434	2569.9	610.786
33.5502231598215	99.5917603265917	3970.536	2566.429
0.10923991260807	1.94291844566524	169.928	5.223
0.325319739744208	5.67935545651564	163.967	20.37
0.18764984988012	3.31901734478612	103.091	10.503
22.5045119963904	98.381981294415	3882.435	1448.033
33.7739729808216	99.6414402868478	4907.621	2135.824
60.5387315690147	99.999820000144	8598.95	4632.808
2.73967780825775	38.9786088171129	962.637	152.632
3.65035707971434	47.3684021052783	1393.814	187.887
32.3397041282367	99.8030801575359	3874.212	2595.376
52.7589177928658	99.996940002448	5455.599	3948.298
24.8185501451599	98.5259811792151	3230.187	2416.566
14.8721281022975	91.8992864805708	2686.064	697.832
0.599999520000384	10.2720517823586	309.359	36.077
19.8220141423887	95.298043761565	5548.435	1618.009
58.0911235271012	99.999460000432	6387.182	5081.638
43.759334992532	99.965440027648	4808.087	3292.205
50.2808797752962	99.996940002448	7942.731	4043.813
0.393139685488252	6.83333453333237	175.371	22.923
41.2534569972344	99.959140032688	5069.882	3489.936
3.35412731669815	44.2209246232603	1144.904	181.001
41.7248866200907	99.974080020736	4551.902	3205.763
6.26176499058801	68.0113255909395	1821.96	313.09
55.5696955442436	99.99910000072	5727.384	4077.843
18.2279354176517	95.4839836128131	5621.97	1515.843
27.2682181854255	98.8024609580312	4366.035	1985.997
8.25723339421329	75.4726796218563	2058.988	404.684
52.5579779536176	99.996580002736	5903.34	4374.74
0.273579781136175	4.81661614670708	120.934	17.787
27.5681779454576	98.9639208288633	3799.516	1645.389
58.0897535281972	99.999460000432	6853.118	4646.358
60.5361915710467	99.999820000144	6139.541	4317.603
0.0481499614800308	0.861839310528552	22.862	2.073
52.9168976664819	99.998560001152	8246.527	4031.522
16.1284370972503	94.9816040147168	5877.952	1215.999
13.7662389870088	88.9058888752889	3168.264	622.185
47.4262820589744	99.992620005904	5838.777	3867.355
60.5361915710467	99.999820000144	6599.63	5004.114
0.0672899461680431	1.20221903822477	30.504	4.497
38.4052092758326	99.935740051408	4737.613	3195.714
9.32533253973397	81.7035546371563	5095.847	431.444
26.1397690881847	99.3642405086076	6247.519	2028.461
31.9276144579084	99.7033602373118	6972.743	2470.845
0.0576599538720369	1.03193917444866	91.557	2.813
4.2124266300587	53.4864172108662	4379.379	207.407
34.2412926069659	99.7240602207518	6805.102	2761.859
43.6086951130439	99.961840030528	7842.306	3184.899
2.77150778279377	39.3665085067932	3398.065	138.103
47.5009719992224	99.99370000504	5491.883	3994.678
52.5737279410176	99.996940002448	6430.047	4196.075
50.1162799069761	99.995140003888	5766.892	4245.769
38.7527189978248	99.95410003672	5199.614	3188.308
50.1469598824321	99.995140003888	6014.593	4128.964
17.116166307067	93.4701452238838	3425.096	826.434
55.5688655449076	99.998920000864	8232.969	4505.609
5.99914520068384	65.7157874273701	4741.179	286.215
47.3840920927263	99.990640007488	5051.68	3545.288
0.164689868248105	2.91923766460987	75.508	11.561
0.123779900976079	2.20499823600141	57.335	5.919
58.0808035353572	99.999460000432	5823.456	4364.598
55.4824156140675	99.998920000864	6069.457	4826.855
18.9114348708521	96.5692027446378	2919.862	1384.334
10.7035514371589	82.5574739540208	2318.266	496.668
0.0560099551920358	1.00295919763264	27.847	2.76
50.2776697778642	99.996760002592	8148.348	3741.763
52.7744977804018	99.997120002304	5884.828	4459.709
2.66825786539371	38.0843695325044	945.227	145.965
5.19987584009933	59.0709127432698	4406.364	250.797
0.247719801824159	4.35707651433879	110.903	13.433
22.7328018137585	98.5871811302551	3231.803	1814.66
19.5272643781885	97.4607420314064	3794.52	1406.549
41.6219467024426	99.972640021888	7524.201	2986.333
38.5411791670567	99.941140047088	4753.501	3023.49
55.5739655408276	99.99910000072	6066.555	4734.237
0.106299914960068	1.89377848497721	47.999	7.207
6.14082508733993	67.0184463852429	2080.204	305.327
8.51494318804545	77.0883583293133	2101.159	424.175
16.2804269756584	95.338183729453	2838.595	1094.023
13.4572892341686	88.0202895837683	5419.377	607.21
0.145519883584093	2.58281793374565	80.802	7.689
0.133159893472085	2.36861810510552	68.698	6.642
37.7388398089282	99.8864200908639	7137.943	2827.776
5.88962528829977	64.9284680572256	1750.791	303.425
32.5575039539968	99.8282801373759	3959.072	2497.529
2.85757771393783	40.4996076003139	3455.662	146.981
0.56301954958436	9.62855229715816	239.333	36.11
32.5767539385969	99.8416001267199	6882.11	2695.629
50.1630798695361	99.995320003744	5647.498	4327.61
24.1863406509275	98.1013615189108	3532.686	1459.348
5.68224545420364	63.2312494150005	1667.196	281.392
4.0590367527706	51.7186386250891	1347.247	212.1
60.5386915690467	99.999820000144	6632.303	5008.791
41.3608269113385	99.965080027936	4865.804	3359.192
3.85756691394647	49.7046202363038	1342.154	194.122
41.7347966121627	99.974980020016	4632.411	3210.771
29.2846765722587	99.6364002908798	3785.074	2179.067
12.7134198292641	90.2785677771458	3131.908	596.533
25.5688895448884	99.0548207561434	4139.333	1924.957
60.5386915690467	99.999820000144	8783.3	4440.807
46.7985825611339	99.98380001296	5773.968	2869.066
60.5389115688707	99.999820000144	7016.33	4828.001
11.1514610788311	84.2986125611099	5068.971	510.572
34.397652481878	99.7474602020318	6778.474	3150.82
55.5437255650195	99.99910000072	6666.632	4464.526
44.6149043080766	99.985240011808	5370.956	3740.663
44.4090244727804	99.980740015408	7493.436	3532.199
4.28636657090674	54.2487166010267	1592.577	226.427
0.51587958729633	8.82359294112565	265.401	31.13
8.8992928805657	79.3244965404028	2065.425	418.048
0.162219870224104	2.87423770060984	250.462	8.029
58.0887835289732	99.999280000576	5655.904	4635.974
46.7498326001339	99.981820014544	5458.97	3895.052
17.0408463673229	93.3036453570837	5480.837	737.266
21.7154026276779	97.6540618767505	5890.626	1718.452
0.270909783272173	4.75775619379504	146.844	14.927
0.0581799534560372	1.04147916681667	33.486	3.056
58.0808035353572	99.999460000432	6825.805	4621.577
50.04564996348	99.994780004176	6228.149	3193.32
43.3759652992278	99.955540035568	5684.263	3306.637
20.1015139187889	95.6870234503812	3142.358	1269.05
15.4998276001379	93.5790451367639	2615.423	714.963
14.7475782019374	91.6933666453067	3182.944	709.432
46.919652464278	99.985240011808	4998.998	3548.017
0.198869840904127	3.52205718235425	89.421	13.399
0.614839508128393	10.4995716003427	914.757	34.414
23.1642614685908	97.2067622345902	6272.888	1520.163
55.4283756572995	99.998560001152	8150.748	4364.532
43.759334992532	99.965440027648	4728.762	3259.643
50.1849998520001	99.995680003456	5254.476	3853.959
9.37406250075	81.8992144806284	2612.898	459.172
0.314269748584201	5.48261561390751	137.074	20.501
55.4628456297235	99.998920000864	5671.275	4107.03
27.0299183760653	98.6942810445752	3743.349	1931.353
38.5457291634167	99.9415000468	4257.541	3304.921
0.26569978744017	4.67603625917099	118.985	17.821
2.76831778534577	39.3150285479772	1150.127	143.388
60.5388815688947	99.999820000144	6163.95	4372.693
0.560139551888359	9.59723232221414	234.644	32.334
38.4530392375686	99.942220046224	5329.927	2884.965
52.8278077377538	99.997660001872	8015.87	4185.239
29.1333666933066	99.6088603129117	4577.769	2142.465
0.405139675888259	7.03997436802051	213.267	24.129
52.9603776316979	99.99820000144	5386.9	4053.575
0.0617799505760395	1.10591911526471	96.677	2.798
34.8301021359183	99.8092001526399	5028.599	2511.477
28.2737873809701	99.2661405870875	6778.334	2027.884
0.407479674016261	7.07417434066053	177.18	23.152
46.88841248927	99.98560001152	8102.78	3332.76
35.3745217003826	99.8871400902879	4484.714	2831.638
34.5628723497021	99.7742801805759	4082.82	2495.727
58.0897535281972	99.999460000432	8541.497	4354.77
8.89538288369369	79.2413366069307	5143.803	412.3
21.7022426382059	97.6416418866865	3815.482	1521.524
0.270399783680173	4.76153619077105	412.734	16.583
4.30090655927475	54.3039765568188	4417.107	212.966
0.127329898136082	2.26835818531345	71.637	7.31
52.9611276310979	99.998380001296	6233.103	4326.18
58.0687035450372	99.999460000432	6323.89	4970.315
0.201399838880129	3.56561714750628	93.302	10.446
40.666427466858	99.93340005328	5497.109	3189.338
25.3999696800243	98.9203608637113	3436.584	1854.17
32.5761839390528	99.8308001353599	4218.368	2747.548
0.124169900664079	2.20751823398541	191.449	6.071
12.8512297190162	90.7627673897861	2437.022	590.922
16.7570865943307	92.7571657942674	2897.545	755.054
31.5238047809562	99.6144403084478	4633.932	2325.13
0.0500899599280321	0.897479282016574	23.587	3.307
0.400889679288257	6.96581442734846	604.443	22.659
19.3126445498844	97.1335022931982	2960.131	1416.03
52.7467878025698	99.996940002448	5496.445	4139.159
15.634367492506	93.8414849268121	2669.345	1214.76
14.8605481115615	91.9604864316109	5362.951	679.331
27.6007779193777	98.9729208216633	3804.057	1667.822
60.5389115688707	99.999820000144	8757.793	4676.246
49.6653102677518	99.992440006048	6195.524	3908.781
4.25447659641872	53.9608968312825	1405.7	205.576
37.1828102537518	99.8282801373759	5178.35	2563.644
30.9445152443878	99.4619804304157	4112.813	2365.659
5.98600521119583	65.605807515354	1756.756	298.444
22.5704019436784	98.441921246463	6328.67	1773.21
18.5981951214439	96.0749231400615	2830.192	1533.559
26.0733991412807	99.3367005306396	6405.477	2026.021
5.86683530653175	64.7704281836575	2018.228	280.96
0.601599518720385	10.2637717889826	254.935	39.376
19.8396341282927	95.325403739677	3134.669	1117.514
49.7881201695039	99.991360006912	5669.93	4282.751
0.301929758456193	5.27669577864338	460.637	15.887
4.23605661115471	53.7340970127224	1618.148	212.844
55.5661555470756	99.998920000864	6166.5	4663.321
33.8109829512136	99.6502602797918	4764.017	2226.408
60.5380015695987	99.999640000288	6086.568	4561.132
58.0663535469172	99.999460000432	8682.09	4281.704
15.587677529858	93.73222501422	3312.602	1018.106
43.5356851714519	99.960040031968	7681.807	3403.859
3.53229717416226	46.1561030751175	3844.903	181.927
0.196379842896126	3.47651721878622	303.763	11.766
12.9254196596643	91.0324071740743	3169.601	601.785
0.339259728592217	5.91605526715579	148.5	19.19
44.5646743482605	99.984520012384	4820.834	3420.545
0.598109521512383	10.2187718249825	257.574	34.349
55.4213856628915	99.998560001152	6685.195	4458.566
35.5033815972947	99.8981200815039	7315.017	2565.785
0.604309516552387	10.3372117302306	313.887	36.621
0.0637499490000408	1.14155908675273	34.278	3.312
41.3426269258985	99.9640000288	7489.833	2939.47
52.8565277147778	99.998380001296	5957.983	4396.272
0.608399513280389	10.3926516858787	902.078	35.388
32.1964642428286	99.7645601883519	6946.051	2437.743
0.054649956280035	0.979379216496627	86.24	2.464
47.0713823428941	99.988120009504	5403.565	3910.279
0.204309836552131	3.60719711424231	92.914	10.365
44.6347842921726	99.986320010944	5810.234	3542.465
41.1013671189063	99.951580038736	4423.346	3306.368
0.252339798128161	4.44401644478684	144.179	14.213
4.29858656113075	54.3192765445788	1419.47	224.011
10.3115617507506	80.7481154015077	2258.287	484.771
19.2204846236123	96.9938224049421	3131.222	1448.359
0.212229830216136	3.73823700941039	96.677	10.88
50.005769995384	99.99370000504	7802.307	4618.077
0.132169894264085	2.3504381196495	63.799	6.335
60.5390815687347	99.999640000288	7067.691	4876.891
0.125999899200081	2.24081820734543	201.615	5.727
27.8202877437698	99.0641807486554	4303.703	2145.377
47.4927320058144	99.993880004896	7806.715	3766.879
28.0156775874579	99.1531006775195	6665.005	2064.409
18.2061654350677	95.4490636407491	5617.835	1306.799
12.9378896496883	91.1022471182023	5512.838	596.292
5.81473534821172	64.3724485020412	1693.8	271.816
47.4550820359344	99.993520005184	6045.607	3794.554
30.6776754578596	99.3849404920476	3717.413	2309.577
