0.28075977539218	4.55597635521892	113.497	17.17
53.9660668271465	88.4877492098006	5015.161	2031.823
1.89980848015322	22.7339818128145	637.715	99.3
23.446641242687	53.4300772559382	2355.584	921.742
1.29895896083283	17.5172259862192	475.64	73.576
49.0486007611194	84.7964921628063	4733.553	1854.749
4.08049673560261	23.6708810632951	771.314	158.455
0.199579840336128	3.42791725766619	88.894	13.559
80.4852156118275	99.3698205041436	6580.033	5024.696
0.301719758624193	5.05871595302724	130.601	19.364
44.0130147895882	79.0858167313466	4166.746	1705.689
85.3869916904066	99.995140003888	7016.099	5621.213
0.528999576800339	8.18117345506124	211.43	32.212
7.27615417907666	30.1071359142913	1096.223	270.032
67.5401859678512	93.4550252359798	5890.81	2627.077
73.1735514611588	99.2810805751355	6305.362	4346.632
3.50670719463424	26.3010389591688	803.081	154.206
19.0867447306042	55.2923557661154	2260.063	776.143
58.6928930456856	90.3291477366818	5375.752	2349.869
91.5611767510586	100.0	7226.713	6375.543
0.82782933773653	12.0014903988077	305.285	45.753
27.5750079399936	53.9056368754905	2738.964	988.46
2.68895784883372	26.6550986759211	762.688	130.161
63.1324994940004	91.3425469259625	5653.668	2530.303
0.100459919632064	1.76615858707313	48.293	5.605
88.7096390322888	99.999820000144	7274.745	6319.478
13.9588888328889	47.8806816954546	1825.588	525.189
34.0730527415578	70.0942839245729	3558.149	1280.205
77.4060280751775	99.6112003110398	6603.194	4682.947
39.064298748561	75.032219974224	3853.014	1512.872
63.6957690433848	94.9915040067968	5634.657	2595.351
68.4017352786118	97.2008222393422	6046.348	2862.287
0.294979764016189	4.93667605065916	126.294	18.528
0.400189679848256	6.54947476042019	167.381	25.946
80.7871653702677	99.5539603568317	6815.967	4934.027
18.819414944468	51.600918719265	2141.524	708.455
76.0625291499767	97.7224618220305	6454.281	3370.233
39.049108760713	74.7017402386078	3898.824	1472.74
48.472881221695	78.5216971826423	4533.917	1787.736
85.3738217009426	99.994060004752	7246.307	5539.796
8.50553319557344	35.8440913247269	1255.827	324.193
72.7551617958706	98.0587015530388	6343.345	3740.184
34.0876427298858	70.4217036626371	3530.01	1326.396
52.1209983032014	77.3003981596815	4392.507	2034.081
1.90624847500122	22.7874417700466	638.805	98.897
0.898039281568575	13.1833694533044	343.175	55.028
43.9650948279241	78.3701373038902	4320.219	1699.63
23.9685208251833	58.5436931650455	2668.945	934.282
0.0954599236320611	1.67687865849707	44.322	6.356
58.9191428646857	92.7245858203313	5376.721	2474.497
1.28207897433682	17.192326246139	451.599	72.017
88.4327392538086	99.99730000216	7118.224	6391.034
0.201239839008129	3.45041723966621	86.977	12.858
4.2110766311387	34.415072467942	986.734	183
29.0847567321946	65.3295077363938	3145.115	1095.939
0.597199522240382	9.368092505526	241.619	33.931
14.091008727193	50.2152798277761	1877.672	577.31
91.5562067550346	100.0	7333.82	6536.135
2.70541783566573	26.8275385379692	761.7	124.909
6.15579507536394	37.465890027288	1165.82	262.523
47.5317419746064	73.6989610408312	4342.664	1777.496
43.8536049171161	76.8615585107532	4112.893	1690.08
63.4482492414006	93.1996054403157	5578.764	2471.905
33.9962628029898	68.6721050623159	3512.517	1320.128
11.6068807144954	35.1806118555105	1376.358	426.432
79.9249060600751	98.9696808242553	6582.873	4595.619
91.5612867509706	100.0	7277.026	6541.23
0.182019854384116	3.11417750865799	81.309	12.149
39.063228749417	74.978580017136	3835.369	1572.011
1.15272907781674	15.1563478749217	413.051	62.058
16.0981571214743	39.2576085939131	1682.338	619.259
0.301379758896193	5.05061595950723	128.379	19.815
0.0993399205280636	1.74779860176112	45.681	6.831
4.19230664615468	34.2687325850139	1023.777	187.757
58.9469028424777	92.9926056059155	5475.546	2389.169
9.16846266522987	41.4048268761385	1432.79	356.188
0.603969516824386	9.44657244274205	235.771	35.869
29.0787967369626	65.3005277595778	3022.112	1131.694
0.396779682576254	6.51311478950817	168.992	24.516
