0.955899235280612	13.2443894044885	979.936	80.857
3.21621742702606	26.9819784144173	549.084	178.561
17.6442658845873	48.1382614893908	679.774	365.14
53.4745072203942	75.8823592941126	1033.02	604.794
0.026569978744017	0.472499622000302	48.055	2.244
1.45986883210493	18.0752255398196	1109.82	118.511
5.01028599177121	32.7048938360849	580.693	235.492
0.189479848416121	3.23387741289807	316.815	14.929
0.00948999240800607	0.170639863488109	17.726	1.12
27.2906481674815	63.5505691595447	1156.535	479.87
0.000989999208000634	0.0178199857440114	2.742	0.489
90.543227565418	100.0	1106.553	864.539
46.3063229549416	74.5669203464637	965.476	578.297
0.123489901208079	2.14235828611337	211.75	8.167
0.0260999791200167	0.464759628192297	50.294	2.319
0.00391999686400251	0.0705599435520452	8.062	0.724
0.459219632624294	7.37783409773272	665.182	32.826
66.7091966326427	96.3173829460936	1089.675	794.63
0.00292999765600188	0.0523799580960335	6.108	0.753
0.001559998752001	0.028079977536018	3.645	0.521
0.0525999579200337	0.932399254080597	93.185	3.896
2.37303810156952	25.7019994384004	1003.765	175.315
0.517259586192331	7.76933378453297	650.103	34.729
37.1657502673998	71.5598427521258	1088.161	551.184
0.0129999896000083	0.232559813952149	23.804	1.365
0.0601799518560385	1.05983915212868	105.385	4.302
84.1216827026538	99.989920008064	1127.713	828.715
12.1132603093918	47.5824219340625	949.122	347.254
75.9893392085286	99.5984203212637	1069.78	822.797
7.38284409372473	35.1111319110945	540.504	246.525
0.00578999536800371	0.104219916624067	11.221	0.865
0.3123797500962	5.21909582472334	496.238	23.474
0.0189299848560121	0.339119728704217	35.048	1.847
