6.29365496507603	9.92375206099835	482.809	81.532
2.79861776110579	6.44813484149213	380.439	45.684
0.398859680912255	3.37571729942616	316.103	16.054
4.19958664033069	7.85519371584503	389.62	59.207
0.29664976268019	2.93399765280188	376.2	13.053
4.20710663431469	7.83107373514101	378.383	58.754
4.20205663835469	7.84601372318902	391.115	55.58
0.197789841768127	2.33099813520149	442.635	12.313
0.100379919696064	1.44593884324893	388.405	6.961
0.298629761096191	2.93165765467388	356.953	13.491
2.80151775878579	6.45137483890013	346.312	45.563
2.8060177551858	6.44615484307613	345.405	44.63
0.400429679656256	3.36239731008215	305.807	15.726
4.19937664049869	7.84673372261302	383.247	56.3
9.40332247734202	13.0625895499284	564.921	111.667
0.599879520096384	3.9124768700185	298.33	19.946
0.601059519152385	3.9063568749145	301.729	19.783
2.80323775740979	6.45335483731613	355.483	45.855
0.299349760520192	2.94011764790588	368.731	13.441
0.198339841328127	2.3441381246895	448.96	10.938
9.39738248209401	13.0292895765683	525.29	105.578
0.400619679504256	3.36077731137815	321.663	16.215
0.199449840440128	2.32757813793749	440.551	10.629
9.40275247779802	13.0345095723923	510.165	109.822
0.599859520112384	3.9020368783705	311.393	21.763
0.100409919672064	1.44233884612892	384.772	6.56
6.29648496281203	9.94949204040637	475.958	77.903
6.29848496121203	9.93293205365436	455.434	79.038
0.595679523456381	3.9103168717465	299.03	22.416
6.30488495609204	9.95363203709437	448.057	77.517
0.200029839976128	2.3471981222415	456.855	10.244
0.100299919760064	1.44737884209693	385.72	6.824
9.39398248481401	13.0649295480564	527.635	106.605
0.397069682344254	3.35789731368215	317.588	17.96
0.297879761696191	2.94677764257789	369.177	15.5
0.0989899208080633	1.43351885318492	382.74	6.792
