1.1011891190487	17.8833456933234	743.984	119.221
1.45376883698493	22.6934818452145	902.14	138.705
41.4965668027466	99.975880019296	1034.988	771.439
5.17878585697131	58.7848929720856	1530.542	388.4
0.121999902400078	2.17043826364939	88.915	10.332
0.403529677176258	7.01549438760449	289.77	30.341
8.91747286602171	79.3988364809308	1304.844	556.624
50.2003898396881	99.998020001584	1072.718	780.798
55.5359455712435	99.999820000144	1056.873	798.822
43.5763351389319	99.962020030384	1057.733	788.264
32.4664040268768	99.8250401399679	1075.111	739.284
47.4947720041824	99.99640000288	1068.103	781.765
28.2372774101781	99.2650605879515	1031.047	752.354
0.880669295464564	14.6824082540734	616.051	87.094
0.579319536544371	9.90971207223034	424.451	45.733
0.194269844584124	3.42197726241819	140.807	14.854
52.9433876452899	99.999280000576	1081.234	772.052
25.6491794806564	99.0724607420314	1058.703	740.443
60.5310715751427	99.999820000144	1091.708	828.148
22.0248523801181	97.9350416519667	1036.784	693.37
0.185819851344119	3.29309736552211	132.876	13.952
18.3516153187077	95.6324834940132	1075.451	679.604
34.327322538142	99.7316202147038	1024.35	754.505
58.0814135348692	99.999820000144	1096.384	776.378
37.2611901910478	99.8441201247039	1025.596	766.013
2.83622773101782	40.1963078429537	1407.795	270.673
0.057859953712037	1.03265917387266	42.343	4.134
12.9313196549443	91.0108071913542	1128.614	661.071
16.2815869747304	95.325403739677	1138.158	676.012
4.07228674217061	52.0071783942573	1540.292	345.214
