19.1009847192122	19.1179647056282	1202.054	873.068
0.300999759200193	0.318059745552204	72.008	12.704
0.100999919200065	0.118079905536076	50.459	4.359
0.600999519200385	0.617939505648396	97.77	23.653
14.100988719209	14.118108705513	966.425	657.058
84.1009327192538	84.1178927056858	5006.426	3446.355
99.1009207192634	99.1180007055994	5914.018	4359.734
34.1009727192218	34.1180727055418	2156.98	1498.056
39.100968719225	39.117928705657	2432.726	1627.313
89.100928719257	89.117928705657	5314.391	3816.794
54.1009567192346	54.1178567057146	3312.623	2362.281
49.1009607192314	49.1178207057434	3052.596	2144.776
1.90099847920122	1.91807846553723	197.822	87.068
64.100948719241	64.118108705513	4038.843	2994.307
0.200999839200129	0.21815982547214	67.549	8.462
4.20099663920269	4.2179366256507	344.341	183.481
9.40099247920602	9.41795246563803	690.696	424.921
44.1009647192282	44.1179647056282	2793.911	1870.135
79.1009367192506	79.1180367055706	5013.04	3464.225
69.1009447192442	69.1179647056282	4402.164	3085.942
0.900999279200577	0.917999265600588	117.817	35.357
59.1009527192378	59.1178927056858	3647.998	2563.934
1.30099895920083	1.31795894563284	142.971	61.059
29.1009767192186	29.1180367055706	1932.419	1309.221
0.400999679200257	0.417959665632267	82.704	15.947
2.80099775920179	2.8180777455378	271.82	135.687
6.30099495920403	6.31799494560404	519.449	297.83
94.1009247192602	94.1179647056282	5883.396	4240.751
74.1009407192474	74.1180007055994	4566.036	3439.591
24.1009807192154	24.1180007055994	1556.27	1059.051
