94.1009247192602	94.1179647056282	2822.035	2387.548
0.300999759200193	0.318059745552204	35.223	4.27
59.1009527192378	59.1178927056858	1906.366	1229.435
54.1009567192346	54.1178567057146	1673.715	1155.119
79.1009367192506	79.1178567057146	2500.607	1619.781
44.1009647192282	44.1179647056282	1444.718	894.332
6.30099495920403	6.31799494560404	273.786	133.248
9.40099247920602	9.41795246563803	363.582	191.189
39.100968719225	39.117928705657	1263.211	819.735
1.90099847920122	1.91807846553723	98.072	34.527
0.400999679200257	0.417959665632267	38.456	5.704
99.1009207192634	99.1178207057434	3012.053	2441.196
74.1009407192474	74.1180007055994	2251.705	1581.188
14.100988719209	14.118108705513	502.84	295.247
0.200999839200129	0.21797982561614	32.245	3.299
84.1009327192538	84.1178927056858	2554.811	1793.694
34.1009727192218	34.1180727055418	1073.365	720.166
19.1009847192122	19.1179647056282	653.733	388.725
89.100928719257	89.117928705657	2775.927	1831.27
49.1009607192314	49.1180007055994	1548.495	1046.548
24.1009807192154	24.1180007055994	849.623	494.34
64.100948719241	64.117928705657	1986.137	1369.061
69.1009447192442	69.1177847057722	2203.601	1417.14
0.100999919200065	0.118079905536076	21.134	1.695
4.20099663920269	4.2179366256507	190.121	88.099
0.600999519200385	0.618119505504396	57.436	9.357
2.80099775920179	2.8178977456818	151.882	56.26
0.900999279200577	0.917999265600588	69.486	16.36
29.1009767192186	29.1180367055706	931.784	616.163
1.30099895920083	1.31795894563284	74.689	21.169
0.900999279200577	0.917999265600588	69.821	14.147
14.100988719209	14.117928705657	545.302	285.648
0.300999759200193	0.318059745552204	39.205	4.609
9.40099247920602	9.41813246549403	363.285	194.397
64.100948719241	64.117928705657	2055.463	1329.013
54.1009567192346	54.1180367055706	1693.267	1158.109
99.1009207192634	99.1180007055994	3074.346	2444.691
0.400999679200257	0.417959665632267	39.212	5.838
19.1009847192122	19.1179647056282	667.678	399.752
94.1009247192602	94.1179647056282	2904.89	2305.832
44.1009647192282	44.1179647056282	1444.879	902.412
29.1009767192186	29.1180367055706	932.506	619.647
1.90099847920122	1.91807846553723	95.307	37.085
39.100968719225	39.117928705657	1304.515	848.734
79.1009367192506	79.1178567057146	2395.463	1704.688
89.100928719257	89.117928705657	2715.452	1913.637
49.1009607192314	49.1180007055994	1613.664	1013.993
59.1009527192378	59.1178927056858	1825.769	1257.08
0.600999519200385	0.618119505504396	61.074	9.811
69.1009447192442	69.1179647056282	2145.751	1498.17
24.1009807192154	24.1180007055994	793.377	486.564
84.1009327192538	84.1180727055418	2556.146	1813.142
6.30099495920403	6.31799494560404	298.264	129.656
0.200999839200129	0.21797982561614	31.408	2.899
34.1009727192218	34.1178927056858	1108.245	720.788
74.1009407192474	74.1178207057434	2246.561	1575.006
4.20099663920269	4.2179366256507	181.329	85.192
1.30099895920083	1.31795894563284	79.628	21.338
0.100999919200065	0.117899905680075	20.7	1.509
2.80099775920179	2.8180777455378	151.731	57.471
0.400999679200257	0.418139665488268	36.262	5.586
6.30099495920403	6.31799494560404	286.001	127.52
79.1009367192506	79.1178567057146	2398.999	1687.192
54.1009567192346	54.1178567057146	1733.024	1114.613
0.100999919200065	0.118079905536076	21.081	1.507
94.1009247192602	94.1179647056282	2793.394	2399.575
2.80099775920179	2.8180777455378	153.502	57.845
84.1009327192538	84.1178927056858	2663.749	1756.65
89.100928719257	89.117928705657	2681.203	1915.842
44.1009647192282	44.1179647056282	1387.116	941.114
9.40099247920602	9.41795246563803	355.381	197.44
29.1009767192186	29.1180367055706	974.805	589.859
49.1009607192314	49.1178207057434	1589.841	1006.245
0.300999759200193	0.317879745696203	33.918	3.972
0.900999279200577	0.917999265600588	69.08	14.31
4.20099663920269	4.2181166255067	187.442	89.082
69.1009447192442	69.1179647056282	2133.633	1490.014
64.100948719241	64.117928705657	1975.221	1375.826
