0.899379280496576	1.27151898278481	145.35	13.131
79.0991067207146	79.4598564321148	4893.922	1614.055
44.0978247217402	44.4619444304445	2796.669	850.999
84.0994127204698	84.4633124293501	5149.385	1723.9
9.39967248026202	9.75761219391024	689.902	190.33
0.400489679608256	0.76517938785649	126.564	5.981
44.0989547208362	44.4630244295805	2717.119	875.76
0.199659840272128	0.561059551152359	101.886	5.154
69.0999847200122	69.4576244339004	4426.872	1376.88
0.299529760376192	0.668699465040428	123.609	6.926
1.30084895932083	1.66049867160106	189.865	20.512
0.0994699204240637	0.457379634096293	102.846	2.067
0.400419679664256	0.772559381952494	112.072	5.428
0.0986199211040631	0.457919633664293	97.083	1.996
39.099408720473	39.4642484286013	2465.942	790.672
1.90002847997722	2.26205819035345	225.623	33.237
19.1000747199402	19.4653644277085	1193.055	381.772
59.1013327189338	59.4683524253181	3719.279	1190.128
14.098908720873	14.4588484329213	943.993	271.928
69.0607147514282	69.2842845725723	4248.665	1351.859
0.200159839872128	0.559799552160358	111.031	3.11
6.29851496118803	6.66593466725227	467.895	125.27
29.1012967189626	29.4636364290909	1843.607	573.458
14.101188719049	14.4617284306173	1001.644	275.257
29.1008067193546	29.4627364298109	1873.697	583.479
0.900879279296577	1.26197899041681	148.613	13.8
24.1006207195034	24.4673804260957	1553.947	481.769
34.0996827202538	34.4681724254621	2141.08	690.334
14.100508719593	14.4644284284573	1019.775	274.222
4.20001663998669	4.56641634686692	384.662	86.717
29.1014467188426	29.4620164303869	1932.704	564.799
84.0985427211658	84.4523324381341	5165.247	1717.078
0.400749679400256	0.767879385696491	127.87	8.61
24.1007507193994	24.4636004291197	1619.93	474.54
39.100908719273	39.4642484286013	2477.197	787.908
19.0996447202842	19.4623044301565	1263.564	370.377
1.30033895972883	1.66319866944106	169.002	19.538
19.1001147199082	19.4621244303005	1210.216	370.96
1.30137895889683	1.65941867246506	175.289	20.418
2.80062775949779	3.16637746689803	267.872	58.284
34.1000027199978	34.4589924328061	2240.224	660.491
74.0982307214154	74.4598204321437	4667.75	1444.896
0.900329279736576	1.26539898768081	159.036	13.33
64.102168718265	64.4637084290333	3958.79	1294.902
39.101808718553	39.4691084247133	2403.432	760.508
0.0988799208960633	0.454679636256291	99.838	1.904
79.0999967200026	79.4576964338429	4833.315	1581.279
1.29914896068083	1.66805866555307	164.624	20.36
59.0991127207098	59.4672724261821	3642.488	1193.934
0.300219759824192	0.666359466912426	114.895	4.495
6.29916496066803	6.66683466653227	470.837	125.313
9.40065247947802	9.76499218800625	657.159	183.755
64.100958719233	64.4606484314813	4084.254	1255.581
0.599729520216384	0.962279230176616	124.541	8.475
6.29983496013203	6.67007466394027	449.663	126.09
49.1002407198074	49.4664804268157	2942.761	989.418
39.099388720489	39.4635284291773	2561.242	786.492
0.299789760168192	0.660959471232423	130.403	4.237
59.1001927198458	59.4615124307901	3647.042	1152.819
14.100858719313	14.4655084275933	942.536	273.54
64.097688721849	64.4640684287453	4086.482	1272.348
0.399799680160256	0.771119383104493	120.032	6.365
0.200439839648128	0.563759548992361	104.843	3.329
1.90084847932122	2.26799818560145	220.637	33.267
69.0988447209242	69.4668044265565	4244.216	1405.274
29.0993067205546	29.4611164311069	1939.199	583.548
9.40181247855002	9.76877218498225	649.031	184.787
34.0995327203738	34.4602524317981	2136.598	661.578
54.0992067206346	54.4657964273629	3383.482	1094.155
74.1011907190474	74.4592804325757	4523.2	1531.194
4.20078663937069	4.56443634845092	346.073	89.01
64.097938721649	64.4631684294653	4025.946	1255.973
0.300469759624192	0.663839468928425	115.268	4.435
2.80068775944979	3.16619746704203	253.487	56.07
49.1002307198154	49.4690004247997	3232.375	964.226
69.1023647181082	69.4626644298685	4271.265	1412.219
59.1000627199498	59.4656524274781	3752.876	1159.423
1.89780848175321	2.26331818934545	226.01	32.626
49.1012907189674	49.4702604237917	3236.458	958.569
4.20027663977869	4.56173635061092	318.673	87.496
0.599919520064384	0.965699227440618	123.8	8.491
84.0998127201498	84.4634924292061	5105.338	1717.068
24.0989807208154	24.4636004291197	1503.682	466.165
1.90069847944122	2.26115819107345	227.508	35.945
0.601109519112385	0.961559230752615	124.6	8.162
6.29833496133203	6.66125467099626	422.767	124.831
2.80097775921779	3.16223747021002	263.363	54.084
84.1002027198378	84.4631324294941	5294.439	1672.761
0.899049280760575	1.26179899056081	148.949	13.076
79.1009467192426	79.4652564277949	5023.626	1551.964
4.20079663936269	4.56407634873892	342.868	83.295
74.0991207207034	74.4628804296957	4536.871	1507.983
34.0995527203578	34.4584524332381	2111.265	669.911
44.0995247203802	44.4666244267005	2802.037	893.396
79.1013967188826	79.4618364305309	4813.105	1601.336
0.201279838976129	0.564299548560361	103.064	2.997
54.1003767196986	54.4672364262109	3352.988	1088.66
0.100619919504064	0.450359639712288	96.801	1.884
54.1004367196506	54.4668764264989	3236.261	1094.782
9.39887248090202	9.76247219002225	654.193	183.052
54.0999567200346	54.4684964252029	3348.975	1064.817
49.1003707197034	49.4641404286877	3019.033	989.874
19.0996547202762	19.4684244252605	1180.01	382.785
0.598609521112383	0.966959226432619	126.066	8.263
2.80053775956979	3.16421746862602	255.1	54.264
24.1002807197754	24.4632404294077	1502.101	478.99
44.0978847216922	44.4617644305885	2746.636	866.157
74.1014207188634	74.4677404258077	4560.16	1507.405
