23.385521291583	85.0652319478144	15858.273	1314.409
9.45651243479005	64.034948772041	12375.264	508.509
66.0137771889783	99.973180021456	19936.941	3649.058
2.86903770476984	36.2411710070632	9262.853	177.15
0.0356899714480228	0.639539488368409	180.075	2.641
0.610959511232391	10.2295718163425	2814.788	40.361
0.26589978728017	4.63337629329897	1281.332	19.491
3.85540691567447	41.8659865072108	9422.734	221.324
34.6546022763182	97.8421617262706	17816.227	1991.139
1.30906895274484	18.791984966412	5125.641	79.839
0.00165999867200106	0.0298799760960191	9.207	0.544
0.014059988752009	0.253079797536162	72.091	1.291
16.9280264575788	87.1458502833198	16042.097	964.588
4.74876620098704	43.2212054230357	9149.26	252.557
0.779209376632499	12.56704994636	3459.242	50.236
0.00339999728000218	0.0611999510400392	18.305	0.633
0.00177999857600114	0.0320399743680205	12.216	0.596
0.0096799922560062	0.174239860608112	49.483	1.095
78.6298570961143	100.0	20242.11	4407.937
57.5471139623088	99.5366803706557	19037.763	3274.417
0.10974991220007	1.93697845041724	536.784	7.244
0.000709999432000454	0.0127799897760082	4.728	0.488
0.123969900824079	2.19779824176141	609.361	7.433
0.00464999628000298	0.0835199331840535	24.105	0.793
0.277739777808178	4.77503617997106	1313.339	15.953
72.7314418148465	99.997660001872	20265.213	3982.272
0.00383999692800246	0.0689399448480441	20.202	0.675
0.0745399403680477	1.32785893771285	372.025	4.938
1.27807897753682	19.5319643744285	5404.729	82.768
0.0231099815120148	0.414899668080266	116.352	1.889
50.3429397256482	98.9923608061113	18747.367	2868.366
0.0551099559120353	0.985319211744631	275.053	3.863
43.5704451436439	99.4594604324317	18350.523	2510.897
