99.0987407210074	99.4643204285437	4087.749	3898.805
64.100838719329	64.4588484329213	2694.053	1301.103
59.0992427206058	59.4624124300701	2440.596	1194.957
34.1005727195418	34.4634924292061	1465.294	718.039
54.0995167203866	54.4611164311069	2248.613	1127.536
0.200929839256129	0.564479548416361	29.655	3.075
2.80022775981779	3.16511746790603	148.038	58.951
39.098618721105	39.4685684251453	1608.846	812.596
84.0912627269898	84.382852493718	3613.148	1794.179
44.0997247202202	44.4655444275645	1835.073	921.78
19.1009547192362	19.4671644262685	865.515	390.947
6.29928496057203	6.66233467013226	282.69	132.283
1.89785848171321	2.26007819193745	97.736	37.467
0.402979677616258	0.768779384976492	37.791	6.286
29.1022367182106	29.4681364254909	1210.314	613.057
0.900799279360576	1.26467898825681	59.472	13.177
4.20040663967469	4.56065635147492	199.628	88.075
79.0995467203626	79.4715564227549	3391.219	1658.074
0.600599519520384	0.961199231040615	45.324	9.039
14.098788720969	14.4579484336413	636.834	291.004
94.1007447194042	94.4695044243965	4326.917	3127.244
0.300219759824192	0.666719466624427	35.843	4.209
9.40061247951002	9.76859218512625	452.107	188.578
74.0997107202314	74.4614404308477	3154.584	1560.311
49.1001407198874	49.4648604281117	1988.458	1023.882
69.0998447201242	69.4617644305885	3001.089	1403.974
0.099959920032064	0.459359632512294	26.094	1.817
1.30009895992083	1.66337866929706	81.074	22.532
24.0991207207034	24.4636004291197	1022.798	500.775
89.100338719729	89.4687484250013	3769.029	1833.955
14.101718718625	14.4662284270173	587.715	292.87
44.1008547193162	44.4608644313085	1874.375	887.821
9.40327247738202	9.76823218541425	450.063	191.115
99.0927307258154	99.3872804901756	4308.878	3451.947
19.1003747197002	19.4637444290045	851.594	399.837
84.1005727195418	84.461332430934	3367.949	1771.097
1.30091895926483	1.65923867260906	81.741	22.221
59.1002427198058	59.4656524274781	2458.431	1237.085
0.198939840848127	0.559619552304358	30.505	3.025
0.300769759384192	0.664739468208425	34.407	4.433
39.100908719273	39.4601084319133	1675.003	823.193
69.0993347205322	69.4583444333245	2876.211	1420.587
49.0991707206634	49.4574804340157	2102.645	1001.591
64.101318718945	64.4626284298973	2745.266	1306.869
89.099198720641	89.4653284277373	3787.485	1882.502
0.600319519744384	0.960839231328615	45.801	8.431
2.79856776114579	3.15899747280202	131.385	59.322
34.0983527213178	34.4629524296381	1521.404	687.051
29.0998467201226	29.4594964324029	1264.541	584.639
74.0600007519994	74.2841405726875	3092.828	1557.263
6.29975496019603	6.66251466998826	291.828	126.757
4.20019663984269	4.57253634197093	204.158	91.46
94.0993347205322	94.4578044337565	4358.039	3185.669
0.399929680056256	0.766799386560491	39.915	5.832
24.1016307186954	24.4605404315677	1041.662	508.27
79.0997767201786	79.4688564249149	3502.651	1676.476
0.899759280192576	1.26521898782481	60.828	13.531
1.90020847983322	2.26331818934545	104.709	33.26
54.1001667198666	54.4643564285149	2180.303	1129.35
0.099999920000064	0.448919640864287	25.149	1.837
0.100489919608064	0.455759635392292	24.835	1.831
0.861459310832551	1.08449913240069	49.078	13.23
0.301839758528193	0.668699465040428	33.156	4.754
14.101308718953	14.4593884324893	609.731	300.421
89.100338719729	89.4687484250013	3768.507	1891.649
0.200869839304129	0.56195955043236	30.424	3.131
0.399059680752255	0.762479390016488	37.26	5.959
24.1000307199754	24.4630604295517	1064.687	485.07
19.0982647213882	19.4651844278525	817.445	398.234
6.30001495998803	6.66215467027626	280.69	134.594
59.0984527212378	59.4624124300701	2342.537	1191.366
69.0989547208362	69.4635644291485	2919.405	1407.769
29.1011267190986	29.4648964280829	1176.373	603.613
34.0995527203578	34.4656524274781	1412.36	716.722
49.1002107198314	49.4589204328637	2111.715	997.173
74.0986207211034	74.4600004319997	3062.272	1567.384
1.30099895920083	1.66319866944106	75.41	26.185
1.89994848004122	2.26547818761745	100.388	34.978
99.0987407210074	99.4643204285437	4282.047	3464.875
79.1001167199066	79.4571564342749	3507.489	1618.677
