74.1012507189994	74.4657604273917	1168.45	701.046
0.300249759800192	0.667439466048427	17.263	4.238
74.0996507202794	74.4594604324317	889.877	685.497
0.0995699203440637	0.45251963798429	9.491	2.021
54.1009467192426	54.4645364283709	863.349	491.306
0.399359680512256	0.766439386848491	13.996	4.978
0.0998199201440639	0.452159638272289	12.631	2.198
19.0999247200602	19.4633844292925	260.072	177.995
49.1015007187994	49.4673804260957	766.919	462.867
19.1001947198442	19.4657244274205	257.001	175.11
39.099678720257	39.4619084304733	493.449	367.279
4.20036663970669	4.56173635061092	72.696	39.463
0.402249678200257	0.763739389008489	21.297	4.766
0.399659680272256	0.762299390160488	12.052	4.586
2.80008775992979	3.16097747121802	79.446	25.035
64.101748718601	64.4597484322013	809.925	575.883
64.099998720001	64.4631684294653	1450.252	576.075
94.0993547205162	94.4630244295805	1451.381	1270.695
59.1017227186218	59.4672724261821	753.473	529.266
79.0999667200266	79.4659764272189	1215.327	725.769
0.201239839008129	0.567179546256363	10.268	3.937
79.0993867204906	79.4683164253469	962.039	733.122
14.101078719137	14.4658684273053	199.4	131.917
44.1007347194122	44.4632044294365	580.778	402.533
14.099958720033	14.4682084254333	212.878	129.856
1.29997896001683	1.66319866944106	33.619	12.944
9.39804248156601	9.76373218901425	160.982	90.774
1.30073895940883	1.66265866987306	27.646	13.28
29.1002367198106	29.4632764293789	662.033	279.949
49.1003507197194	49.4672004262397	1072.817	457.106
49.0993107205514	49.4632404294077	616.52	434.834
4.19905664075469	4.56353634917092	110.814	39.412
44.1004047196762	44.4671644262685	1022.195	402.329
94.1006047195162	94.4606844314524	2026.188	1650.837
69.1004347196522	69.4637444290044	1048.278	648.091
74.1011307190954	74.4618004305596	905.559	686.418
74.0992607205914	74.4670204263837	1648.007	649.319
4.19871664102669	4.56695634643492	68.005	39.396
1.89854848116121	2.26403818876945	42.894	19.248
0.900179279856576	1.26827898537681	19.954	9.141
2.79980776015379	3.16817746545803	46.824	25.827
39.100038719969	39.4673084261533	629.775	367.718
84.1009427192458	84.4631324294941	1029.624	744.489
99.0988107209514	99.4544204364636	1210.438	1070.066
89.099758720193	89.4593884324892	1384.383	822.207
19.0997647201882	19.4626644298685	324.911	179.422
59.0998027201578	59.4645724283421	1303.981	547.675
0.098419921264063	0.451619638704289	11.937	1.887
59.1017027186378	59.4683524253181	746.899	524.976
0.300689759448192	0.660599471520423	11.759	4.163
54.0996567202746	54.4668764264989	666.544	495.053
64.099698720241	64.4637084290333	787.03	591.648
0.200169839864128	0.570419543664365	16.094	3.12
1.89857848113722	2.26817818545745	38.618	18.409
34.0980227215818	34.4618724305021	454.267	319.217
0.899909280072576	1.26053899156881	24.911	9.075
9.39911248071001	9.76409218872625	142.929	89.303
0.901529278776577	1.26935898451281	23.756	10.171
6.30017495986003	6.66035467171626	117.162	59.904
0.600739519408384	0.965159227872618	17.112	6.687
99.0997007202394	99.4652204278237	1522.265	1335.483
79.1000667199466	79.4643564285149	975.353	702.226
24.1001607198714	24.4607204314237	389.695	231.218
6.30003495997203	6.66341466926826	94.456	59.484
1.29946896042483	1.66247867001706	46.214	13.513
54.1011367190906	54.4638164289469	1187.379	505.702
69.0995747203402	69.4664444268445	856.001	641.83
29.1001167199066	29.4650764279389	468.626	275.289
0.602859517712386	0.959219232624614	19.248	6.255
24.0995107203914	24.4609004312797	330.858	233.967
0.901419278864577	1.26863898508881	34.36	9.35
29.0985767211386	29.4607564313949	397.216	263.279
2.79919776064179	3.16745746603403	50.073	29.657
99.0609107512714	99.2855805715355	2176.165	1626.911
94.1000747199402	94.4635644291485	1149.56	1004.562
34.1014027188778	34.4651124279101	806.379	319.749
0.402449678040258	0.766979386416491	18.103	4.532
1.89996848002522	2.26925818459345	59.622	18.327
79.0994767204186	79.4666964266429	1786.136	710.683
69.1008547193162	69.4675244259805	865.868	610.636
0.599739520208384	0.956159235072612	26.76	7.129
0.599569520344384	0.959219232624614	17.697	7.053
89.100988719209	89.4631684294653	1090.365	790.538
0.199709840232128	0.56285954971236	14.041	2.82
34.0991427206858	34.4642124286301	549.808	327.823
29.1005067195946	29.4652564277949	396.577	276.194
0.301379758896193	0.666539466768427	11.662	3.665
99.0988907208874	99.4582004334397	1197.509	1058.947
14.100688719449	14.4608284313373	332.719	134.869
9.39854248116601	9.75707219434224	146.089	87.949
89.100168719865	89.4628084297533	2009.527	816.659
0.199079840736127	0.561059551152359	9.82	2.63
84.0999627200298	84.4609724312221	1018.391	759.662
0.300569759544192	0.667079466336427	15.941	3.919
4.19947664041869	4.56209635032292	80.157	41.226
9.39975248019802	9.76373218901425	242.925	88.236
94.0990147207882	94.4574444340444	1183.356	996.074
6.29989496008403	6.65603467517226	95.349	58.953
2.80034775972179	3.15827747337802	55.132	27.712
14.099948720041	14.4595684323453	245.589	135.426
39.100168719865	39.4658684273053	512.935	359.384
64.101668718665	64.4743284205373	1031.559	578.45
0.0987399210080632	0.455759635392292	8.892	2.225
24.1006207195034	24.4673804260957	574.025	235.487
44.1004747196202	44.4635644291485	733.642	402.598
44.0978847216922	44.4617644305885	573.955	392.829
39.101548718761	39.4646084283133	905.996	353.023
6.30002495998003	6.65747467402026	166.766	59.085
84.0999527200378	84.461152431078	1348.015	787.141
1.29858896112883	1.66319866944106	25.595	13.155
19.0995647203482	19.4675244259805	475.427	177.212
89.099208720633	89.4646084283133	1100.8	844.186
54.0982567213946	54.4668764264989	679.126	488.87
69.0977147218282	69.4646444282845	1525.771	655.321
49.0987607209914	49.4609004312797	649.701	463.767
34.1011627190698	34.4643924284861	452.404	309.341
59.0999827200138	59.4642124286301	953.763	552.53
1.89993848004922	2.26619818704145	34.594	17.887
84.0899827280138	84.381052495158	1827.398	784.63
24.1015707187434	24.4648604281117	326.319	228.751
