1.06841914526468	4.62689629848296	841.561	37.596
57.3059541552367	60.962711229831	9596.103	1512.329
87.3132801493759	90.9548272361382	14357.327	2202.863
97.0436623650701	99.3964604828316	15457.041	2555.646
27.3096081523135	30.9306352554918	5026.082	703.176
0.141429886856091	1.85489851608119	479.379	9.293
0.00399999680000256	0.0710999431200455	20.303	0.697
8.09261352590918	11.7431906054475	1934.482	212.332
12.1381502894798	15.7832873733701	2631.102	317.788
0.317679745856203	3.01247759001793	627.691	12.033
0.00331999734400212	0.059399952480038	17.657	0.629
37.3134101492719	40.9699472240422	6620.039	960.436
3.5960771231383	7.24193420645264	1218.521	103.942
0.00219999824000141	0.0394199684640252	11.095	0.563
0.0275799779360177	0.464579628336297	130.614	2.241
0.209789832168134	2.41703806636955	575.709	12.276
0.0416399666880267	0.676079459136433	177.079	2.647
0.0630399495680403	0.977939217648626	263.595	3.823
0.712259430192456	4.11317670945863	736.398	27.041
77.3125181499855	80.9540352367718	12761.697	1969.747
0.0183899852880118	0.315359747712202	88.671	1.643
1.59762872189702	5.22017582385934	927.36	50.588
0.00118999904800076	0.0214199828640137	6.715	0.468
0.0127399898080082	0.223199821440143	63.161	1.18
0.00840999327200538	0.149939880048096	42.489	0.954
18.2033054373556	21.833982532814	3554.139	471.902
0.0942399246080603	1.36925890459288	379.35	5.272
47.3085721531423	50.9464392428486	8032.22	1246.027
2.39989808008154	6.03593517125186	1064.547	68.802
67.3085761531391	70.9478432417254	11068.103	1765.273
0.00589999528000378	0.105839915328068	30.619	0.816
0.473869620904303	3.58217713425829	722.176	16.359
5.39796568162746	9.04517276386179	1519.699	146.807
