0.00400999679200257	0.00413999668800265	1.46	0.592
0.00200999839200129	0.00215999827200138	1.222	0.53
0.474009620792303	0.474299620560304	31.559	15.296
18.2069954344037	18.2071654342677	1109.283	556.226
8.09200352639718	8.09225352619718	609.789	266.996
0.00900999279200577	0.00917999265600588	1.729	0.654
0.0189999848000122	0.0192599845920123	3.251	0.927
0.0129999896000083	0.0131399894880084	2.323	0.864
1.59900872079302	1.59911872070502	100.395	52.151
0.0420099663920269	0.042119966304027	4.785	1.955
3.5970071223943	3.5971171223063	257.964	111.11
0.711009431192455	0.711179431056455	45.327	22.151
5.39500568399545	5.39513568389145	517.041	163.745
0.316009747192202	0.316079747136202	32.57	9.877
1.06600914719268	1.06613914708868	77.942	33.335
0.211009831192135	0.211139831088135	14.317	6.724
0.00600999519200385	0.00629999496000403	1.605	0.676
27.3099881520095	27.3101181519055	1577.505	888.296
0.0280099775920179	0.028079977536018	4.022	1.206
2.39800808159353	2.39813808148954	150.082	71.945
0.00100999919200065	0.00107999913600069	0.952	0.442
0.14100988719209	0.14111988710409	13.752	5.012
97.3099321520543	97.3100821519343	5492.825	4840.144
87.3099401520479	87.3100101519919	4992.292	2480.526
0.00300999759200193	0.00323999740800207	1.239	0.586
57.3099641520287	57.3101541518767	4075.593	1771.07
67.3099561520351	67.3100461519631	4121.758	2082.086
77.3099481520415	77.3101181519055	5511.975	2433
12.1380002895998	12.1382902893678	719.811	369.547
47.3099721520223	47.3102621517903	3351.054	1373.012
0.0630099495920403	0.0631799494560404	6.77	2.203
37.3099801520159	37.3100101519919	3540.579	1163.185
0.0940099247920602	0.0941399246880602	7.82	3.4
