0.399939680048256	0.758159393472485	57.534	20.678
6.30118495905203	6.66305466955626	488.634	329.46
2.80054775956179	3.16187747049802	252.853	168.232
1.89875848099322	2.25305819755344	173.155	107.109
0.201819838544129	0.560339551728359	49.184	11.28
69.0981147215082	69.4650044279965	5247.852	3985.733
84.0991927206458	84.4620524303581	6152.286	5304.819
0.899499280400576	1.26089899128081	95.606	48.913
94.1008647193082	94.4646444282845	6972.036	5893.033
74.0996607202714	74.4632404294077	5702.88	4299.103
39.100368719705	39.4613684309053	2888.762	2294.733
79.1012067190346	79.4670564263549	5913.904	4502.23
29.0997267202186	29.4625564299549	2095.591	1699.556
1.29890896087283	1.65887867289706	127.923	71.532
49.0991107207114	49.4614404308477	3594.011	2965.595
0.301839758528193	0.666359466912426	53.761	16.118
99.0997007202394	99.4652204278237	7035.38	5637.154
59.1011127191098	59.4622324302141	4554.442	3582.822
0.600999519200385	0.96857922513662	75.196	28.886
24.0991807206554	24.4609004312797	1864.745	1424.945
4.20034663972269	4.56119635104292	331.409	231.647
34.1005227195818	34.4618724305021	2452.874	2085.11
89.100628719497	89.4617284306173	6769.27	5409.081
64.099028720777	64.4656884274493	4571.451	3764.262
9.39862248110201	9.76283218973425	734.914	590.795
44.0977247218202	44.4563644349085	3283.169	2634.521
54.0994667204266	54.4593164325469	4031.779	3355.962
19.0998147201482	19.4659044272765	1445.365	1105.606
0.100879919296065	0.454499636400291	39.497	7.436
14.099608720313	14.4620884303293	1083.276	854.491
