47.1060423151661	99.989740008208	1814.846	595.459
0.522519581984334	8.96741282606974	1768.647	568.387
12.9326796538563	91.1051271158983	1791.981	561.597
1.75048859960912	26.9492184406252	1746.936	562.655
0.886769290584568	14.7848281721375	1748.402	553.743
0.102779917776066	1.83023853580917	1760.668	539.767
6.22228502217198	67.7092858325713	1789.504	555.525
2.13052829557736	31.1477150818279	1833.407	534.217
32.4854340116528	99.8243201405439	1811.032	581.93
19.6409742872206	97.6700818639345	1859.079	563.072
34.8463521229183	99.8189201448639	1873.215	581.249
0.408439673248261	7.10261431790855	1794.311	547.405
58.0628135497492	100.0	1871.719	590.932
0.26546978762417	4.66649626680299	1758.178	524.966
50.2309298152561	99.99730000216	1919.578	583.246
22.7795117763906	98.6557610753911	1880.627	562.123
9.58193233445413	83.0897335282132	1842.671	527.59
41.1211171031063	99.955180035856	1901.764	581.298
29.4010464791628	99.6922002462398	1796.772	597.562
16.0985971211223	94.9717040226368	1789.67	587.142
36.8011505590796	99.7890401687679	1824.031	595.36
55.4224756620195	99.998920000864	1827.354	595.779
0.159009872792102	2.8195177443858	1776.179	553.432
43.9572748341801	99.974620020304	1933.783	590.155
0.0659699472240422	1.18115905507276	1783.267	558.001
52.8550077159938	99.99910000072	1821.43	618.529
26.1030491175607	99.3599205120636	1887.697	559.668
60.5089415928467	100.0	1831.114	606.564
3.57560713951429	46.6057427154058	1836.66	541.602
1.06026915178468	17.2799861760111	1816.781	514.966
