0.000869999304000557	0.01565998747201	1055.429	658.071
0.000879999296000563	0.0158399873280101	1109.267	694.971
0.000949999240000608	0.0170999863200109	1049.465	665.563
0.00115999907200074	0.0206999834400132	1070.187	668.438
0.00180999855200116	0.0323999740800207	1095.077	683.407
0.00189999848000122	0.0341999726400219	1053.208	658.798
0.00197999841600127	0.0354599716320227	1114.966	690.996
0.00207999833600133	0.0372599701920238	1089.586	699.097
0.00230999815200148	0.0408599673120262	1109.447	692.991
0.00272999781600175	0.0489599608320313	1082.964	682.109
0.00293999764800188	0.0529199576640339	1097.314	687.215
0.00309999752000198	0.0554399556480355	1048.835	645.673
0.00373999700800239	0.0669599464320429	1086.549	684.582
0.00387999689600248	0.0696599442720446	1092.041	695.543
0.00388999688800249	0.0696599442720446	1051.424	648.49
0.0040699967440026	0.0728999416800467	1079.361	698.677
0.00551999558400353	0.0975599219520624	1116.684	692.394
0.00556999554400356	0.0988199209440632	1070.97	680.823
0.00611999510400392	0.10871991302407	1027.645	633.345
0.00631999494400404	0.111959910432072	1114.082	698.306
0.00902999277600578	0.158219873424101	1045.77	661.455
0.00907999273600581	0.160559871552103	1063.612	673.867
0.00930999255200596	0.164339868528105	1052.116	650.199
0.00956999234400613	0.167759865792107	1072.512	677.606
0.0127599897920082	0.222299822160142	1023.355	630.31
0.0129899896080083	0.227519817984146	1062.002	645.947
0.0131199895040084	0.230399815680147	1084.434	679.28
0.0138399889280089	0.240299807760154	1073.495	689.977
0.0166299866960106	0.276479778816177	1041.161	656.678
0.018679985056012	0.321839742528206	1045.489	647.906
0.0193399845280124	0.333179733456213	1086.489	680.926
0.0195199843840125	0.335699731440215	1089.587	692.823
0.0196199843040126	0.336959730432216	1099.924	688.998
0.0268299785360172	0.456479634816292	1086.591	684.117
0.0280399775680179	0.471059623152301	1035.84	666.136
0.0282199774240181	0.475019619984304	1030.266	643.816
0.0409099672720262	0.670319463744429	1039.234	641.531
0.0412499670000264	0.67247946201643	1034.881	639.953
0.0415799667360266	0.673379461296431	1093.237	685.891
0.0423799660960271	0.696419442864446	1077.821	681.132
0.0629199496640403	0.975059219952624	1046.65	655.181
0.0629399496480403	0.978839216928626	1051.943	662.579
0.0630899495280404	0.976679218656625	1082.215	682.128
0.0631899494480404	0.979379216496627	1119.529	692.928
0.0923899260880591	1.34405892475286	1070.465	664.536
0.0931099255120596	1.35881891294487	1046.922	646.415
0.0934099252720598	1.35953891236887	1084.015	690.443
0.0945499243600605	1.36205891035287	1086.24	685.224
0.138219889424088	1.82897853681717	1080.866	676.838
0.14138988688809	1.86119851104119	1085.427	683.622
0.142559885952091	1.8673185061452	1075.856	688.606
0.143009885592092	1.8815384947692	1079.9	682.315
0.207459834032133	2.39471808422553	1068.188	675.693
0.208709833032134	2.41037807169754	1046.029	663.253
0.210649831480135	2.43341805326556	1049.452	653.259
0.211329830936135	2.43341805326556	1053.764	657.748
0.314739748208201	3.03119757504194	1092.329	688.565
0.314949748040202	3.02075758339393	1048.91	645.491
0.316769746584203	3.02579757936194	1032.93	640.554
0.318159745472204	3.05999755200196	1091.588	690.842
0.473449621240303	3.5915371267703	1053.937	667.173
0.473949620840303	3.5971171223063	1098.984	696.364
0.474009620792303	3.60359711712231	1082.458	681.879
0.474949620040304	3.5996371202903	1051.894	641.057
0.70378943696845	3.94235684611452	1085.053	691.933
0.707459434032453	4.11551670758663	1037.392	637.571
0.709969432024454	4.13279669376264	1067.552	680.717
0.711659430672456	4.14035668771465	1088.821	710.612
1.06185915051268	4.62671629862696	1060.162	653.691
1.06315914947268	4.62491630006696	1088.233	694.661
1.06563914748868	4.66505626795499	1092.008	678.665
1.06650914679268	4.62725629819496	1063.021	658.063
1.59799872160102	5.21099583120334	1078.954	682.677
1.59815872147302	5.22089582328334	1102.97	683.73
1.60012871989702	5.22719581824335	1053.658	648.76
1.60223871820903	5.22071582342734	1111.572	691.889
2.39700808239353	6.02279518176385	1042.016	665.568
2.39836808130553	6.04061516750787	1052.514	655.315
2.39844808124153	6.04241516606787	1070.242	676.051
2.40278807776954	6.04601516318787	1084.038	682.917
3.53531717174626	6.5681947454442	1107.251	699.915
3.5960771231383	7.22897421682063	1058.592	655.893
3.5981271214983	7.24661420270864	1080.541	690.886
3.6017871185703	7.24409420472464	1062.785	657.634
5.39540568367545	9.04103276717379	1106.426	698.447
5.39673568261145	9.04301276558979	1048.184	663.563
5.39705568235545	9.04319276544579	1092.305	691.687
5.40162567869946	9.04283276573379	1112.671	697.209
8.02203358237313	11.013831188935	1122.998	706.839
8.08901352878918	11.7185306251755	1087.321	696.606
8.09107352714118	11.7154706276235	1057.021	664.156
8.09149352680518	11.7246506202795	1103.986	689.323
12.1349302920558	15.7615073907941	1107.015	697.916
12.1363302909358	15.7780673775461	1103.629	703.913
12.1371302902958	15.7742873805701	1063.618	666.371
12.1398502881198	15.8003873596901	1063.37	661.679
18.2033654373076	21.859902512078	1081.27	690.443
18.2047654361876	21.830022535982	1098.369	694.144
18.2107254314197	21.85576251539	1093.554	698.497
18.2128054297557	21.842442526046	1059.425	686.753
27.3075181539855	30.9452152438278	1086.042	686.906
27.3101081519135	30.9448552441158	1114.732	710.203
27.3130881495295	30.9570952343238	1063.968	665.802
27.3183981452815	30.9507952393638	1113.364	707.598
37.3062601549919	40.9454672436262	1120.65	722.51
37.3093201525439	40.9418672465062	1120.21	718.114
37.3113501509199	40.9753472197222	1106.784	723.853
37.3148701481039	40.9544672364262	1085.506	694.094
47.3060321551743	50.9617392306086	1132.969	719.572
47.3112521509983	50.9367192506246	1079.12	693.472
47.3122021502383	50.9361792510566	1118.967	713.18
47.3126321498943	50.9649792280166	1120.732	724.98
57.2101142319086	60.0484919612064	1131.109	723.697
57.2986741610607	60.8365313307749	1096.475	696.429
57.3114541508367	60.973331221335	1150.367	710.362
57.3120641503487	60.957671233863	1129.66	727.941
67.0574063540749	69.4752644197885	1102.311	703.96
67.2832361734111	70.5729035416772	1102.884	696.715
67.3082461534031	70.9516232387014	1094.639	692.361
67.3103261517391	70.9500032399974	1163.258	732.879
77.3093681525055	80.9536752370598	1146.408	741.735
77.3110581511535	80.9520552383558	1164.137	756.244
77.3128481497215	80.9536752370598	1139.965	748.311
77.3138181489455	80.9455752435398	1138.611	718.498
