4.20174663860269	34.357652513878	6286.385	209.692
34.0862327310138	70.350063719949	12456.413	1522.685
0.885859291312567	12.9371296502963	3138.494	51.916
0.29716976226419	4.98401601278719	1228.305	20.142
6.29040496767603	39.5405683675453	7092.109	287.218
2.79103776716979	28.2740173807861	5502.295	139.178
61.8261005391196	86.3248709401033	15530.55	2419.374
53.063017549586	81.171835062532	14353.517	2215.057
61.3207309434152	84.9993520005184	15326.967	2441.546
49.0548407561274	84.6690522647582	14958.412	2082.007
0.223739821008143	3.65435707651434	899.723	15.64
1.74995860003312	17.0427463658029	3261.843	86.377
29.0641067487146	64.5702683437853	11441.188	1223.326
54.0320667743466	89.106588714729	16015.442	2274.02
14.086328730937	50.1371598902721	8718.962	647.451
44.0977247218202	80.1474558820353	14251.959	1886.095
1.89399848480121	22.6857418514065	4935.207	102.513
4.82095614323509	27.1247183002254	4562.899	208.888
47.5835819331345	73.9599608320313	13305.813	1951.36
14.087868729705	50.1983598413121	8790.945	621.631
7.58816392946886	31.3527349178121	5321.202	305.374
36.8513705189036	61.4757108194313	10894.42	1470.404
7.48572401142079	30.9437752449798	5235.747	310.659
0.369209704632236	6.03035517571586	1478.029	25.88
24.0618107505514	60.0493919604864	10704.052	1016.54
49.0523207581434	84.4771724182621	15156.509	2068.98
1.89327848537721	22.6639618688305	4925.338	100.478
0.056269954984036	0.988919208864633	247.861	5.467
42.6299558960353	69.1723246621403	12270.492	1789.118
4.19939664048269	34.327232538214	6286.356	209.928
22.0304623756301	46.9554824356141	8129.288	898.227
28.7411970070424	60.7684913852069	10550.016	1194.211
18.9995548003562	53.6035971171223	9151.065	820.985
31.5753147397482	55.6977154418276	9840.865	1261.322
0.399729680216256	6.55487475610019	1602.927	25.477
61.1163711069031	84.5144323884541	15153.515	2526.953
1.29970896023283	17.5026459978832	4110.105	69.935
58.9042828765737	92.3944660844271	16296.462	2452.52
6.29846496122803	39.6307482954014	7014.579	279.283
0.600229519816384	9.40985247211802	2327.651	39.285
53.6627470698023	85.0330119735904	15165.579	2190.596
4.19650664279469	34.346492522806	6358.443	197.32
37.0341203727037	62.0079703936237	11001.523	1502.1
0.200889839288129	3.45329723736221	837.771	12.084
0.900779279376577	13.2051494358805	3239.487	54.334
24.0082407934074	58.7472730021816	10085.06	1041.543
14.105848715321	50.2788197769442	8663.534	642.117
18.9953748037002	53.9810568151545	9435.435	809.075
0.0759799392160486	1.33109893512085	330.61	4.916
32.5607339514128	58.8842528925977	10267.842	1391.756
19.1231947014442	55.4257356594115	9566.17	834.627
7.43396405282876	30.7333554133157	5245.435	318.075
18.5001751998598	48.8211809430552	8314.067	753.884
0.597939521648383	9.367732505814	2280.931	37.298
48.8568609145113	82.2080942335246	14607.581	2045.846
39.102358718113	75.3745797003362	13421.843	1679.196
0.0753699397040482	1.32281894174485	322.344	5.05
0.582299534160373	9.08765272987782	2270.793	37.861
9.39235248611801	44.7233042213566	7856.407	431.338
0.26488978808817	4.41953646437083	1096.976	18.887
0.603349517320386	9.45269243784605	2330.813	39.626
0.291049767160186	4.72193622245102	1175.79	19.284
1.94478844416924	18.6566250746999	3574.792	101.849
2.8059577552338	28.4693172245462	5594.991	136.356
1.16366906906474	15.3255477395618	3582.057	62.588
50.9994992004006	74.2474206020635	13156.02	2095.651
13.9745288203769	48.371721302623	8154.077	622.982
0.704859436112451	10.0969119224705	2469.234	41.095
0.255659795472164	4.25735659411473	1068.896	17.657
34.0920327263738	70.0480239615808	12238.341	1506.023
25.5804495356404	48.2417614065909	8344.324	1023.445
0.899269280584576	13.1594294724564	3219.124	54.509
57.3271341382927	82.9901936078451	14726.693	2419.816
0.102449918040066	1.79855856115315	443.696	6.265
1.90172847861722	22.7208418233265	4931.638	103.041
28.9123468701225	62.9137296690163	10984.162	1207.275
44.0181847854522	79.3225165419868	14053.696	1947.65
1.30068895944883	17.5080459935632	4104.492	71.421
6.25592499526	38.9638488289209	6847.607	274.033
4.20428663657069	34.356572514742	6334.979	211.485
23.452281238175	53.4140572687542	9027.85	990.468
43.9914348068522	78.6613770708983	14068.88	1779.846
63.5235891811287	93.5835451331639	16457.978	2713.33
1.29229896616083	17.3735861011311	4102.159	74.389
58.7366330106936	90.60958751233	16249.701	2422.15
0.189589848328121	3.24953740037008	788.132	11.3
0.299979760016192	5.03837596929922	1223.115	21.69
1.89716848226521	22.6279618976305	4914.07	97.231
39.109008712793	75.3801596958722	13455.999	1666.66
0.113879908896073	1.94795844163325	479.016	6.996
0.159349872520102	2.71601782718574	659.639	9.808
58.9331128535097	92.7530257975794	16430.09	2501.561
1.30086895930483	17.5116459906832	4117.217	72.102
0.599319520544384	9.380692495446	2309.041	40.105
1.88653849076921	22.5129419896464	4889.17	104.813
0.100509919592064	1.76471858822513	436.059	6.304
56.8184645452284	81.4151948678441	14693.027	2354.644
48.7540409967672	80.9864352108518	14317.673	1969.539
6.30676495458804	39.7040082367934	6990.583	277.26
34.0989827208138	70.4422236462211	12541.232	1416.157
0.299869760104192	5.02919597664322	1221.913	20.183
42.1036763170589	67.216626226699	11750.043	1758.389
62.9287196570243	90.3196077443138	16198.977	2632.182
0.402029678376257	6.57701473838821	1600.595	28.128
4.07302674157861	32.3272541381967	5944.778	185.768
26.6512386790091	50.8683193053446	8827.427	1109.771
1.29421896462483	17.4140860687311	4095.329	72.471
0.400089679928256	6.54623476301219	1586.913	26.081
19.0942247246202	55.4269956584035	9706.749	836.345
0.904009276792579	13.2443894044885	3251.063	54.787
2.69377784497772	26.7549985960011	5186.971	145.755
29.1000267199786	65.5188675849059	11605.203	1211.952
49.0573207541434	84.6892122486302	15041.531	2085.815
0.252469798024162	4.20587663529869	1038.876	18.383
0.892069286344571	13.0615095507924	3153.394	56.356
63.7906989674408	95.8706233035014	16927.251	2676.395
14.110558711553	50.3027597577922	8809.793	608.545
57.5155239875808	83.7262130190296	15105.473	2337.194
39.098468721225	75.2033998372801	13444.812	1697.976
55.5942655245876	78.3416973266421	13957.302	2244.921
53.2464674028261	82.1476142819086	14391.565	2228.517
39.094138724689	75.1047599161921	13361.385	1675.048
19.0990347207722	55.4754156196675	9626.633	858.759
28.131067495146	56.4837748129802	9740.567	1126.041
4.02589677928258	31.6113947108842	5689.804	184.201
8.23536341170927	34.2870925703259	5715.217	367.452
14.086268730985	50.2336398130881	8694.703	643.746
0.119319904544076	2.04587836329731	508.396	7.632
2.79187776649779	28.3663573069142	5583.232	139.808
0.900399279680576	13.1770694583444	3202.413	55.227
0.381769694584244	6.23303501357199	1529.605	25.747
1.90159847872122	22.7096818322545	4896.132	105.461
23.9497808401753	58.3365133307893	10137.38	1023.249
0.182289854168117	3.11471750822599	763.658	13.239
54.0241567806746	89.009568792345	16090.668	2239.582
0.200809839352129	3.4448372441302	849.237	14.948
0.0993699205040636	1.74725860219312	432.07	6.37
0.705869435304452	9.42191246247003	2211.207	38.816
61.8610305111756	86.4222508621993	15639.065	2474.614
2.79173776660979	28.3490773207381	5618.13	136.996
0.300349759720192	5.03225597419522	1232.953	21.96
0.807749353800517	11.6618306705355	2843.518	49.409
14.083088733529	50.06029995176	8779.401	611.755
18.8300549359561	51.7508585993131	8817.016	832.16
4.20567663545869	34.358372513302	6299.649	212.771
9.39187248650201	44.5517643585885	7840.077	418.834
44.0903647277082	80.1395358883713	14373.467	1863.98
0.089049928760057	1.561318750945	386.249	5.998
48.8502009198393	81.9580744335404	14589.514	2054.613
0.600079519936384	9.376732498614	2299.636	35.766
21.4735728211417	45.363383709293	7779.567	904.695
1.90078847936922	22.7208418233265	4920.987	101.636
33.3454833236133	62.7623497901202	10775.179	1456.651
1.89151848678521	22.5493019605584	4870.324	97.648
34.0833027333578	70.3977636817891	12464.948	1450.095
0.471309622952302	7.26299418960465	1768.235	29.322
44.0881747294602	80.1213559029153	14277.171	1830.666
0.372969701624239	6.0913751268999	1510.976	25.943
60.2112718309825	82.5002339998128	14866.675	2470.975
6.28664497068402	39.4815284147773	6894.381	292.202
0.0986399210880631	1.73411861270511	425.485	6.508
49.0352907717674	84.338932528854	15157.353	2029.785
33.9096128723097	67.5469259624592	11771.292	1493.813
0.48433961252831	7.47305402155678	1827.496	28.984
2.79871776102579	28.4487972409622	5642.152	139.963
53.4104372716502	83.2025934379252	14747.171	2189.671
18.9280548575561	52.9361576510739	9022.13	846.394
38.4775192179846	68.699645040284	12008.1	1568.238
54.0387567689946	89.2234086212731	16090.785	2237.267
38.6606290714967	70.0501839598528	12112.359	1679.228
0.268029785576172	4.46201643038686	1083.803	19.816
0.199309840552128	3.42665725867419	847.005	11.241
56.9952144038285	81.8966944826444	14601.149	2327.29
0.851649318680545	11.1878910496872	2620.912	49.084
9.40615247507802	44.7058442353246	7827.895	415.369
13.3142793485765	42.2940261647791	7042.876	580.476
24.0381207695034	59.2631525894779	10451.273	1037.324
4.20529663576269	34.354772516182	6369.204	194.845
29.0516267586986	64.3868484905212	11190.882	1205.872
9.41669246664603	44.7287042170366	7866.487	416.859
4.78864616908306	26.9519184384652	4530.821	208.147
20.6986934410452	43.4651052279158	7614.378	839.237
41.2490870007304	64.8278481377215	11403.333	1735.332
6.29875496099603	39.6590082727934	7025.259	293.412
4.19204664636268	34.34361252511	6366.219	198.283
24.1180107055914	60.4750916199267	10583.642	1081.734
57.2938241649407	82.9246736602611	14833.841	2316.427
1.27973897620882	17.150926279259	4028.976	71.326
36.1885610491512	59.6803922556862	10474.289	1503.925
0.0992499206000635	1.74545860363312	430.084	6.409
1.30074895940083	17.5145259883792	4127.024	77.909
9.40697247442202	44.5290843767325	7828.137	413.028
33.8417029266377	67.0769463384429	11712.562	1444.173
61.9033304773356	86.5855107315914	15692.385	2506.073
6.30006495994803	39.7050882359294	6981.316	290.002
2.79737776209779	28.4172972661622	5589.592	142.364
29.1051467158826	65.1406878874497	11434.841	1268.118
43.1717154626276	71.6665826667339	12521.186	1873.782
6.29519496384403	39.6474882820094	7014.595	294.211
0.398419681264255	6.53399477280418	1592.023	27.631
0.284099772720182	4.75595619523504	1160.037	19.116
0.300479759616192	5.03963596829123	1236.405	20.587
54.0023767980986	88.8356889314489	16014.998	2196.135
0.893379285296572	13.0881495294804	3146.141	48.994
63.4092292726166	92.8025257579794	16610.953	2544.113
14.080748735401	49.5501803598557	8582.771	609.576
6.29359496512403	39.7567481946014	7127.36	286.72
9.39370248503801	44.7306842154526	7702.284	450.083
18.9995548003562	53.6035971171223	9226.25	785.603
1.69708864232909	16.5815867347306	3216.179	81.006
0.279369776504179	4.67351626118699	1148.391	18.809
0.302589757928194	5.06753594597124	1254.717	21.389
0.199349840520128	3.4336772530582	835.49	12.316
48.6230611015511	79.8036561570751	14182.695	1973.208
0.726899418480465	10.4324316540547	2555.363	43.674
0.443539645168284	6.8722145022284	1700.791	29.227
48.7540409967672	80.9864352108518	14397.432	1968.987
36.3660509071593	60.1339918928065	10694.65	1467.291
0.326089739128209	5.08427593257925	1252.349	20.927
1.18627905097676	15.7116474306821	3669.964	66.24
22.0916423266861	47.1628422697262	8238.167	937.68
0.182799853760117	3.122097502322	764.841	14.157
38.7886289690968	71.2345830123336	12526.483	1639.385
14.066228747017	49.8291801366559	8667.076	596.59
58.9399228480617	92.7886657690674	16732.237	2425.413
24.0995307203754	60.5388115689507	10533.032	1058.901
4.03275677379458	31.8648345081324	5679.188	190.376
0.231749814600148	3.79187696649843	926.276	15.642
63.7514089988728	95.4317836545731	16670.104	2672.412
