97.3099321520543	97.3100821519343	4398.922	3119.05
37.3099801520159	37.3101901518479	1781.905	1213.576
0.00900999279200577	0.00917999265600588	1.607	0.831
12.1380002895998	12.1381102895118	544.509	385.43
0.0130099895920083	0.0131399894880084	1.788	0.947
0.474009620792303	0.474299620560304	27.333	17.714
0.316009747192202	0.316079747136202	19.192	12.168
1.06600914719268	1.06613914708868	58.329	35.218
0.0630099495920403	0.0631799494560404	5.247	3.011
0.0190099847920122	0.0190799847360122	2.481	1.213
3.5970071223943	3.5972971221623	185.254	122.697
0.211009831192135	0.211139831088135	12.165	7.731
0.00399999680000256	0.00413999668800265	1.272	0.521
0.00600999519200385	0.00629999496000403	1.577	0.757
87.3099401520479	87.3101901518479	4065.128	2964.891
47.3099721520223	47.3100821519343	2186.55	1412.077
77.3099481520415	77.3101181519055	3393.679	2418.581
0.00300999759200193	0.00323999740800207	1.248	0.621
0.00100999919200065	0.00125999899200081	1.032	0.506
8.09200352639718	8.09207352634118	380.498	256.242
0.14100988719209	0.14111988710409	8.927	4.628
27.3099881520095	27.3102981517615	1289.364	887.857
0.0420099663920269	0.0422999661600271	4.248	1.691
67.3099461520431	67.3102261518191	3099.606	2156.093
0.711009431192455	0.711179431056455	36.515	21.135
57.3099641520287	57.3101541518767	2598.127	1848.54
2.39800808159353	2.39813808148954	123.26	80.858
5.39500568399545	5.39531568374745	255.367	171.277
0.0939999248000602	0.0943199245440604	7.288	4.17
1.59900872079302	1.59911872070502	79.676	48.966
0.00200999839200129	0.00215999827200138	1.192	0.552
0.0280099775920179	0.028079977536018	3.124	1.528
18.2069954344037	18.2071654342677	836.562	582.945
