0.00100999919200065	0.00125999899200081	1721.698	518.432
0.00200999839200129	0.00215999827200138	1803.065	504.663
0.00300999759200193	0.00305999755200196	1721.395	530.696
0.00400999679200257	0.00413999668800265	1793.368	531.906
0.00600999519200385	0.00611999510400392	1730.543	533.476
0.00900999279200577	0.00917999265600588	1789.704	488.853
0.0130099895920083	0.0133199893440085	1738.333	529.092
0.0190099847920122	0.0192599845920123	1826.802	513.489
0.0280099775920179	0.0282599773920181	1791.989	507.715
0.0420099663920269	0.042119966304027	1785.905	505.91
0.0630099495920403	0.0631799494560404	1794.675	506.979
0.0940099247920602	0.0943199245440604	1807.905	543.852
0.14100988719209	0.14111988710409	1762.244	523.548
0.211009831192135	0.211139831088135	1740.769	523.747
0.316009747192202	0.316079747136202	1775.131	492.112
0.474009620792303	0.474119620704303	1711.161	521.351
0.711009431192455	0.711179431056455	1705.394	510.44
1.06600914719268	1.06613914708868	1820.947	505.704
1.59900872079302	1.59911872070502	1707.95	522.242
2.39799808160153	2.39813808148954	1843.129	516.896
3.5970071223943	3.5972971221623	1771.09	495.027
5.39500568399545	5.39513568389145	1779.493	505.046
8.09200352639718	8.09225352619718	1792.331	506.004
12.1380002895998	12.1382902893678	1798.471	503.066
18.2069954344037	18.2071654342677	1760.809	540.156
27.3099881520095	27.3101181519055	1888.54	527.376
37.3099801520159	37.3101901518479	1767.326	540.171
47.3099621520303	47.3100821519343	1781.2	524.607
57.3099641520287	57.3101541518767	1776.433	555.959
67.3099561520351	67.3100461519631	1766.716	570.837
77.3099381520495	77.3101181519055	1832.918	573.191
87.3099401520479	87.3100101519919	1859.644	557.323
97.3099321520543	97.3100821519343	1896.256	563.491
