1.06478914816868	15.0359279712576	4091.99	58.6
0.0395699683440253	0.705059435952451	195.772	3.123
3.34165732667414	28.4907372074102	5674.521	164.751
37.1977102418318	72.0219023824781	14277.883	1653.341
0.00299999760000192	0.0539999568000346	15.322	0.491
0.3132697493842	5.22827581737935	1434.369	20.416
0.379229696616243	5.77367538105969	1588.607	21.34
0.0166099867120106	0.29627976297619	82.857	0.929
17.5854659316273	47.7246218203025	8930.421	779.515
46.7811125751099	77.6890178487857	15051.486	2111.336
27.1805982555214	61.7745105803915	11964.791	1242.018
0.0894299284560572	1.57481874014501	430.062	4.362
0.0189799848160121	0.340019727984218	94.841	1.116
0.00881999294400564	0.158579873136102	44.401	0.681
0.00585999531200375	0.104759916192067	29.269	0.981
0.096839922528062	1.67615865907307	457.927	5.123
0.037539969968024	0.662579469936424	181.919	1.994
2.01927838457729	20.8403833276933	4544.175	97.736
7.62870389703688	37.1962502429998	6927.462	335.273
0.00388999688800249	0.0700199439840448	19.891	0.476
0.00106999914400068	0.0192599845920123	6.079	0.646
66.4545568363545	94.9308440553248	18728.304	3158.973
54.2697565841947	77.5910979271217	15278.013	2374.286
10.999881200095	37.9940096047923	7089.919	458.963
90.550877559298	100.0	20367.601	5456.524
0.0127799897760082	0.229499816400147	63.347	0.771
5.3072057542354	36.3048909560872	7135.447	253.403
1.32422894061685	16.1897270482184	3986.051	70.757
0.00104999916000067	0.0188999848800121	5.886	0.375
84.0070327943738	99.980740015408	19828.293	5115.7
0.209779832176134	3.58397713281829	985.316	11.495
75.8465793227365	99.3959204832636	19693.367	4522.202
0.471549622760302	7.61525390779687	2099.895	29.319
