52.7537077970338	99.999280000576	8392.541	3906.715
47.3784120972703	99.994960004032	8051.331	3433.838
10.5163915868867	81.6256146995082	5094.728	484.014
25.2472298022162	98.8177609457912	6536.199	1899.163
0.491769606584315	8.4400132479894	743.121	26.111
29.3365465307628	99.6664602668318	6871.279	2130.591
9.58518233185413	83.0310535751571	5348.247	445.331
18.5543251565399	95.9703432237254	5976.052	1388.922
30.7105154315877	99.3964604828316	6714.733	2197.691
1.90905847275322	29.2154166276667	2510.093	102.732
58.0844235324612	100.0	8513.999	4597.799
2.6585178731857	37.9059896752083	3295.38	140.667
55.5168555865155	99.999640000288	8791.237	4034.807
33.3074633540293	99.5447803641757	6821.716	2886.313
22.7269818184145	98.5832211334231	6325.921	1821.342
44.6404242876606	99.9910000072	7900.418	3414.468
0.0991299206960634	1.76795858563313	156.109	4.64
60.5502515597988	100.0	8789.649	4659.191
0.273559781152175	4.80725615419508	421.348	12.664
0.175779859376113	3.11363750908999	273.259	8.895
49.6333602933118	99.993880004896	8224.581	3800.325
36.8033505573196	99.7856201715039	7380.589	2869.537
3.83797692961846	49.4400204479836	4121.428	187.143
0.37553969956824	6.53003477597218	568.706	19.951
0.850929319256545	14.2172886261691	1234.169	47.929
41.5455967635226	99.972640021888	7795.88	2989.458
0.0479299616560307	0.858239313408549	76.052	2.076
16.1089871128103	94.8775640979487	5864.045	1233.168
1.17657905873675	19.0110447911642	1649.605	64.738
6.4129148696681	69.2358646113083	5007.242	308.099
0.068779944976044	1.23155901475279	109.782	3.075
40.2763177789458	99.9074800740159	7727.978	3088.434
0.11015991187207	1.96307842953726	172.487	5.027
1.8743185005452	28.7657769873784	2509.409	97.594
16.2250170199864	95.2175838259329	5765.494	1273.559
0.305189755848195	5.33375573299541	469.627	16.456
49.8733401013279	99.997120002304	8372.612	3638.751
22.7983117613506	98.6705210635832	6229.792	1828.58
55.4563056349555	99.999820000144	8498.405	4359.688
0.246369802904158	4.34051652758678	382.207	12.397
2.43901804878556	35.1188719049025	3078.619	128.556
9.14875268099786	80.5675755459396	5167.878	442.03
12.7970397623682	90.4956476034819	5594.6	588.407
18.0955455235636	95.235043811965	5820.53	1316.464
29.3910664871468	99.6833802532958	6823.481	2595.454
38.7536989970408	99.964720028224	7570.619	2836.834
33.8161429470856	99.6335202931838	7274.164	2427.42
47.4864420108464	99.995680003456	8056.305	3718.662
44.3947644841884	99.984880012096	7879.205	3231.511
4.11617670705863	52.3831980934415	4300.538	205.779
60.5506515594788	100.0	8666.051	4770.681
0.927859257712594	15.2049478360417	1319.447	51.417
52.8297077362338	99.998920000864	8396.864	3937.041
5.02260598191521	57.5014939988048	4329.644	234.948
26.2373290101368	99.4056404754876	6647.121	2059.687
0.143239885408092	2.54213796628963	223.942	7.498
0.707069434344453	11.8895304883756	1043.565	39.267
32.2166842266526	99.7676201859039	6989.808	2428.696
58.0998235201412	100.0	8611.364	4678.862
0.561419550864359	9.59525232379814	837.354	32.242
0.567069546344363	9.6863322509342	842.702	32.816
0.0652799477760418	1.16855906515275	103.704	2.626
58.0747135402292	100.0	8590.031	4612.806
9.56837234530212	82.9401536478771	5291.501	432.88
5.35357571713943	60.3181317454946	4465.082	268.279
0.205689835448132	3.63509709192233	318.376	10.756
2.39033808772953	34.4944524044381	2970.85	124.666
11.2136510290792	84.4885124091901	5273.769	502.891
49.6763502589198	99.994420004464	8157.516	3901.978
24.4816204147037	98.2892813685749	6503.521	1782.878
60.5466915626467	100.0	8820.54	4687.217
16.1261170991063	94.9211240631007	5915.393	1216.388
26.8225285419772	98.5600011519991	6430.365	1860.221
52.9399576480339	99.99910000072	8356.322	4154.964
