19.1016947186442	22.7372218102226	3334.803	483.066
6.29759496192403	9.92987205610235	1509.751	170.409
59.1083627133098	62.7538897968882	8820.162	1525.015
69.0998247201402	72.7231818214545	10096.305	1775.533
93.754184996652	96.0320831743335	13628.082	2327.8
0.299839760128192	2.93741765006588	578.013	11.72
54.1025767179386	57.742333806133	8092.327	1384.129
34.1033827172938	37.7393098085522	5370.425	887.873
1.30447895641683	4.91273606981114	835.114	43.467
14.098778720977	17.7316058147153	2663.288	377.579
0.397829681736255	3.35699731440215	618.217	19.425
1.90373847700922	5.51735558611553	853.034	58.125
39.092808725753	42.7314258148593	6087.952	1021.892
84.1012627189898	87.7169898264081	12483.117	2162.418
49.0963107229514	52.7287978169617	7412.083	1273.419
44.0985447211642	47.7212018230385	6729.314	1145.813
4.20166663866669	7.83053373557301	1249.266	121.129
89.097178722257	92.7096458322833	12902.058	2272.529
9.40242247806202	13.0123695901043	1950.543	253.952
0.599949520040384	3.8998768800985	715.214	24.848
64.100428719657	67.7422258062194	9488.816	1647.178
98.6673810660951	99.99910000072	14065.55	2419.431
0.902309278152577	4.42997645601884	754.066	33.899
0.100129919896064	1.43963884828892	349.588	7.076
2.79993776004979	6.43553485157212	1010.222	82.579
79.0991967206426	82.756913794469	11735.079	1949.417
74.0998307201354	77.7304178156657	11036.379	1868.855
0.201109839112129	2.3502581197935	494.725	11.262
29.1025167179866	32.748993800805	4743.071	745.587
24.0963507229194	27.7251978198417	4097.19	620.285
0.602869517704386	3.92975685619452	698.06	24.271
84.0910927271258	87.6809898552081	12553.201	2079.377
19.0981147215082	22.7404618076306	3323.304	505.213
0.897199282240574	4.40477647617882	738.946	33.048
98.6746010603191	99.999640000288	13844.536	2495.299
69.0952047238362	72.7428018057586	10267.168	1774.113
49.0952907237674	52.7280778175377	7586.201	1232
24.1020907183274	27.7417578065938	3974.664	634.299
29.1008467193226	32.749353800517	4779.179	756.177
44.1006047195162	47.7262418190065	6865.79	1100.343
79.0308067753546	82.0158543873165	11487.643	2068.168
4.19910664071469	7.83341373326901	1228.785	115.022
1.30126895898483	4.91939606448315	820.415	39.084
6.30077495938003	9.93113205509436	1513.913	173.394
64.100228719817	67.7375458099634	9667.261	1613.315
0.197389842088126	2.31623814700948	511.57	8.296
2.80064775948179	6.42941485646811	1030.914	82.81
59.1030327175738	62.7344498124401	8949.176	1472.908
9.40222247822202	13.0332495734003	2023.025	247.559
54.1031267174986	57.743413805269	8172.627	1419.028
34.0954427236458	37.7463298029362	5504.185	893.827
39.099378720497	42.7303458157233	5995.844	1008.545
94.0891647286682	97.5912419270065	13663.059	2282.583
89.073088741529	92.4016660786671	13046.995	2183.456
74.0956107235114	77.7296978162418	10852.404	1917.709
0.0995399203680637	1.43081885534492	349.974	5.58
14.101338718929	17.7202658237873	2592.496	372.726
0.402659677872258	3.38201729438616	627.481	19.275
1.90440847647322	5.54471556422755	899.152	58.361
0.298269761384191	2.93705765035388	604.673	11.106
0.597849521720383	3.88709689032249	670.287	23.729
64.103748717001	67.7501457998834	9702.875	1607.634
9.39683248253401	13.0301895758483	1962.808	250.966
24.1011807190554	27.7422978061618	3981.013	628.94
0.400669679464256	3.37283730173016	616.53	13.611
19.0984047212762	22.7327218138226	3305.292	514.66
29.1058367153306	32.737833809733	4650.332	759.017
1.90225847819322	5.54219556624355	915.812	60.211
74.0905307275754	77.6251178999057	10947.469	1839.233
59.0981827214538	62.7492098006322	8832.068	1539.805
79.0161267870986	81.9184744652204	11437.336	2030.486
2.8076277538978	6.44651484278813	1034.261	83.754
49.1045007163994	52.7314978148017	7493.851	1270.411
39.104888716089	42.7469058024754	6153.576	980.91
34.0959327232538	37.7243698205041	5411.192	861.083
0.299529760376192	2.93777764977788	562.617	11.759
0.901929278456577	4.40549647560282	746.029	32.939
