84.0999427200458	84.1000727199418	963.449	713.405
74.0999507200394	74.1001807198554	828.676	645.763
64.099958720033	64.100288719769	726.247	544.434
9.40000247999802	9.40013247989402	117.626	77.45
4.20000663999469	4.20011663990669	52.979	34.35
99.0999307200554	99.1001807198554	1127.498	1045.101
24.0999907200074	24.1001807198554	275.583	204.335
0.600009519992384	0.600119519904384	9.299	4.185
6.30000495999603	6.30017495986003	80.729	52.207
14.099998720001	14.100288719769	179.586	114.298
2.80000775999379	2.80007775993779	38.052	23.095
19.0999947200042	19.1003247197402	222.968	156.212
1.30000895999283	1.30013895988883	19.716	9.997
34.0999827200138	34.1000727199418	391.144	296.787
0.900009279992576	0.900179279856576	13.965	6.789
54.0999667200266	54.1002167198266	616.382	450.975
69.0999547200362	69.1001447198842	782.203	595.878
59.0999627200298	59.1000727199418	688.937	519.282
0.200009839992128	0.200159839872128	5.015	1.486
49.0999707200234	49.1000007199994	555.444	420.349
89.099938720049	89.100108719913	1033.09	750.91
44.0999747200202	44.1001447198842	497.859	374.09
0.300009759992192	0.300239759808192	6.815	2.142
94.0999347200522	94.1001447198842	1092.843	964.813
0.100009919992064	0.100079919936064	3.605	0.937
39.099978720017	39.100108719913	449.208	338.47
0.400009679992256	0.400319679744256	7.228	2.9
1.90000847999322	1.90025847979322	25.763	15.919
79.0999467200426	79.1000367199706	892.574	700.153
29.0999867200106	29.1002167198266	342.754	242.304
