0.00117999905600076	0.0212399830080136	6.114	0.547
0.00181999854400116	0.0323999740800207	8.76	0.558
0.00294999764000189	0.053099957520034	14.251	0.622
0.00407999673600261	0.0725399419680464	18.674	0.718
0.00588999528800377	0.104579916336067	26.388	0.857
0.00885999291200567	0.1560598751521	39.259	1.084
0.0128399897280082	0.223919820864143	56.017	1.399
0.0193399845280124	0.331379734896212	83.009	1.84
0.028049977560018	0.472139622288302	114.75	2.316
0.0429199656640275	0.695159443872445	132.674	3.671
0.0630999495200404	0.978659217072626	127.217	4.624
0.0946899242480606	1.37501889998488	110.765	6.173
0.14075988739209	1.85237851809719	108.792	8.112
0.210749831400135	2.41217807025754	108.014	10.516
0.316499746800203	3.03317757345794	122.221	16.92
0.471639622688302	3.5899171280663	139.061	17.339
0.711709430632456	4.14143668685065	143.734	23.79
1.06853914516868	4.64507628393897	151.319	27.198
1.60480871615303	5.21765582587534	147.677	31.696
2.39410808471353	6.01973518421185	169.974	41.62
3.5972471222023	7.23311421350863	202.16	49.035
5.38966568826745	9.03239277408578	229.589	67.975
8.08850352919718	11.7176306258955	305.203	96.42
12.1358802912958	15.7789673768261	393.778	133.177
18.2028554377156	21.848742521006	509.867	202.022
27.3112681509855	30.9518752384998	716.636	280.041
37.3092001526399	40.9654472276422	922.228	358.033
47.3086421530863	50.9458992432806	1140.06	460.076
57.2726441818847	60.4475516419587	1284.762	545.615
67.3139561488351	70.9577432338054	1541.868	652.933
77.3111581510735	80.9453952436838	1722.648	723.202
87.3089001528799	90.9438472449222	1887.383	838.708
97.0312123750301	99.3640605087516	2254.406	981.235
