44.5466043627165	99.988840008928	16385.529	2137.026
1.10430911655271	17.9434656452275	4420.612	73.964
0.7804493756405	13.0712295430164	3219.911	47.96
40.4493476405219	99.921340062928	16333.32	1954.26
28.3209273432581	99.2846805722555	15751.61	1379.18
52.7917077666338	99.998740001008	16735.222	2580.013
60.5480115615907	100.0	17216.408	2924.516
58.1008435193252	100.0	17180.287	2711.238
5.61121551102759	62.5800099359921	12849.969	318.811
18.4720352223718	95.8763832988934	14980.349	890.892
37.9015796787363	99.8970400823679	16163.167	1782.287
1.48320881343295	23.1249415000468	5613.072	91.6
4.22725661819471	53.6012571189943	12325.936	240.352
16.0845271323783	94.8701841038527	14828.123	813.764
2.08615833107334	30.6240955007236	7367.868	119.918
12.9265896587283	91.0241271806983	14909.114	667.858
50.2155698275441	99.997840001728	16585.962	2426.204
0.103179917456066	1.83743853004918	457.828	8.509
35.7212514229989	99.9253000597599	15966.474	1817.088
0.603359517312386	10.2821317742946	2550.125	37.469
0.0532299574160341	0.95273923780861	237.931	3.919
0.196909842472126	3.48299721360223	862.966	15.172
31.6090147127882	99.6448602841118	15804.224	1605.946
9.28365257307794	81.3412149270281	14374.609	490.277
22.9386216491027	98.7878809696952	15305.179	1136.192
0.209639832288134	3.69665704267437	905.155	15.355
26.2369790104168	99.4070804743356	15555.362	1259.235
47.4989920008064	99.995680003456	16498.014	2392.217
0.303249757400194	5.29145576683539	1299.961	23.04
55.4692656245875	99.999460000432	17089.312	2590.118
44.6184043052766	99.990820007344	16370.733	2234.964
38.1192195046244	99.9130600695519	16071.327	1862.026
7.73561381150895	72.3415821267343	13672.554	404.809
27.0453983636813	98.6860010511992	15606.964	1277.161
1.86415850867319	28.5881171295063	6961.443	108.343
58.1005935195252	100.0	17212.875	2729.07
1.29466896426483	20.8668433065254	5051.304	80.742
22.5590419527664	98.464961228031	15249.912	1109.068
50.1690598647521	99.997480002016	16850.903	2405.545
2.51114799108161	36.1009511192391	8774.059	143.435
0.616589506728395	10.5389915688067	2574.371	41.129
0.310939751248199	5.42321566142747	1339.568	20.854
5.4752456198035	61.3925508859593	12859.169	281.515
0.270839783328173	4.75901619278705	1174.032	19.961
35.1057919153665	99.8493401205279	15931.683	1718.753
0.110909911272071	1.97585841931326	489.343	9.303
3.73343701325039	48.3081813534549	11136.664	210.16
25.9374292500566	99.2407606073915	15448.82	1287.435
41.3862568909945	99.966160027072	16235.96	2013.745
55.5593355525316	99.999820000144	17024.538	2613.247
0.876259298992561	14.6282282974174	3591.789	60.493
0.0606999514400388	1.08377913297669	270.939	4.152
13.9089688728249	89.1924486460411	14782.454	682.41
11.7232606213915	86.6065707147434	14538.943	617.01
0.164129868696105	2.91005767195386	722.499	10.652
31.3593349125321	99.5780803375357	15987.867	1504.392
60.5505415595668	100.0	17281.692	2934.098
47.3792520965983	99.995140003888	16442.729	2297.113
19.5675743459405	97.5269819784144	15156.131	971.78
52.8157877473698	99.998920000864	16720.534	2579.627
10.5039415968467	81.5789947368042	14480.741	530.064
1.2555989955208	20.261323790941	4913.736	76.507
0.835169331864534	13.9642088286329	3443.958	56.345
60.5480315615748	100.0	17069.607	2913.255
20.0703339437328	95.6402234878212	15158.26	989.675
14.6687782649774	91.3709869032105	14964.726	715.834
32.2481342014926	99.7784201772639	15912.789	1587.681
52.6629478696417	99.99820000144	16704.559	2637.412
0.0663499469200425	1.18889904888076	297.349	4.861
6.29809496152403	68.2537853969717	13886.667	342.876
0.273629781096175	4.81013615189108	1171.078	16.932
28.4127172698262	99.3332805333756	15623.414	1393.402
38.6303290957367	99.953380037296	15997.876	1898.881
19.2164246268603	96.9731224215021	15306.484	963.776
9.43771244983004	82.1566142747086	14425.252	490.418
25.6823394541284	99.0897407282074	15434.803	1278.098
