53.5562171550263	84.1398526881179	21507.704	2380.941
14.108638713089	50.2824197740642	13126.708	623.516
19.0890847287322	55.3810956951234	14307.049	902.05
62.0764303388557	87.0743903404877	22353.938	2677.652
32.6763538589169	59.305092555926	14930.344	1422.01
29.0108467913226	63.9219088624729	16214.611	1296.581
88.6013191189447	99.999640000288	25659.009	5344.317
71.0913731269015	93.9523648381081	24220.719	3198.949
58.8294429364457	91.4883468093226	23144.483	2816.442
49.0646607482714	84.8324921340063	21805.437	2148.356
68.2058454353237	96.1141631086695	24383.011	3288.943
4.20094663924269	34.369352504518	9653.622	196.895
1.89700848239321	22.6736818610545	7688.447	96.082
0.570989543208365	8.84699292240566	3378.892	32.987
77.5905779275377	99.8194601444319	25138.36	4806.452
81.4757648193881	99.8903800876959	25550.461	4830.456
24.0811507350794	59.9277120578304	15467.281	1102.899
0.398709681032255	6.52517477986018	2489.243	20.831
2.79938776048979	28.4671572262742	8595.689	135.557
5.69129544696364	32.6525138779889	8262.802	259.033
85.3865116907906	99.99370000504	25396.883	5389.818
91.5651967478426	100.0	25946.492	5533.286
0.898389281288575	13.1709494632404	4998.031	49.917
43.789714968228	76.2400190079848	19456.573	1922.6
39.051968758425	74.6398202881438	19412.492	1720.318
1.28334897332082	17.185666251467	6294.17	69.75
0.198219841424127	3.39839728128217	1299.843	10.739
0.0917999265600588	1.61153871076903	620.924	5.048
0.291239767008186	4.89131608694713	1862.005	15.544
8.1300034959972	33.7276530178776	8424.419	346.329
