89.099938720049	89.100108719913	1351.215	694.158
0.100009919992064	0.100259919792064	4.451	1.173
0.600009519992384	0.600119519904384	13.786	6.564
74.0999507200394	74.1000007199994	1191.379	591.282
0.200009839992128	0.200339839728128	6.101	1.97
84.0999427200458	84.1000727199418	1287.109	640.599
99.0999307200554	99.1001807198554	1578.579	751.79
39.099978720017	39.100288719769	612.509	305.599
0.300009759992192	0.300239759808192	8.335	2.785
64.099958720033	64.100108719913	975.428	499.744
59.0999627200298	59.1000727199418	926.52	452.54
69.0999547200362	69.0999647200282	1028.876	538.593
9.40000247999802	9.40013247989402	160.052	78.382
1.30000895999283	1.30013895988883	27.487	11.009
79.0999467200426	79.1000367199706	1250.414	601.911
94.0999347200522	94.1001447198842	1443.251	720.944
1.90000847999322	1.90025847979322	37.296	15.949
6.30000495999603	6.30017495986003	109.489	53.101
49.0999707200234	49.1001807198554	717.035	367.498
2.80000775999379	2.80025775979379	53.561	23.55
14.099998720001	14.100108719913	239.798	119.281
24.0999907200074	24.1001807198554	404.564	190.917
34.0999827200138	34.1000727199418	545.753	270.919
0.900009279992576	0.900179279856576	19.074	7.848
54.0999667200266	54.1000367199706	841.636	432.828
29.0999867200106	29.1002167198266	460.712	236.577
19.0999947200042	19.1001447198842	317.378	157.875
4.20000663999469	4.20011663990669	74.058	36.214
44.0999747200202	44.1001447198842	689.22	337.275
0.400009679992256	0.400139679888256	10.266	3.549
59.0999627200298	59.1000727199418	945.98	460.204
14.099998720001	14.100108719913	230.2	111.593
69.0999547200362	69.1001447198842	1088.143	554.355
94.0999347200522	94.1001447198842	1442.2	719.54
74.0999507200394	74.1001807198554	1142.273	588.836
0.300009759992192	0.300239759808192	8.441	2.677
34.0999827200138	34.1002527197978	553.149	268.74
0.900009279992576	0.900179279856576	18.873	7.667
24.0999907200074	24.1000007199994	366.621	189.088
54.0999667200266	54.1000367199706	873.683	430.565
4.20000663999469	4.20011663990669	80.124	35.888
29.0999867200106	29.1000367199706	472.702	223.159
6.30000495999603	6.30017495986003	115.932	53.045
44.0999747200202	44.1001447198842	692.615	334.976
1.30000895999283	1.30013895988883	26.252	10.945
79.0999467200426	79.1002167198266	1260.9	598.923
49.0999707200234	49.1001807198554	734.639	374.576
0.100009919992064	0.100259919792064	4.799	1.219
39.099978720017	39.100108719913	647.535	308.574
89.099938720049	89.100108719913	1374.217	656.755
9.40000247999802	9.40013247989402	153.337	79.292
0.400009679992256	0.400139679888256	10.196	3.58
99.0999307200554	99.1001807198554	1511.619	756.561
64.099958720033	64.100108719913	1008.581	487.67
84.0999427200458	84.1002527197978	1253.894	627.141
2.80000775999379	2.80025775979379	48.879	23.377
19.0999947200042	19.1001447198842	293.73	155.238
0.600009519992384	0.600119519904384	13.934	5.32
1.90000847999322	1.90007847993722	35.839	16.427
0.200009839992128	0.200339839728128	6.7	2.793
69.0999547200362	69.1001447198842	1071.142	520.454
0.400009679992256	0.400139679888256	10.5	3.661
74.0999507200394	74.1001807198554	1173.86	585.214
24.0999907200074	24.1001807198554	384.128	196.557
99.0999307200554	99.1000007199994	1556.437	749.217
4.20000663999469	4.20029663976269	78.906	35.649
89.099938720049	89.100108719913	1370.593	668.642
94.0999347200522	94.0999647200282	1394.57	730.251
34.0999827200138	34.1000727199418	572.988	272.715
6.30000495999603	6.30017495986003	116.063	51.675
0.300009759992192	0.300239759808192	8.059	2.664
79.0999467200426	79.1000367199706	1138.363	611.49
49.0999707200234	49.1000007199994	752.004	383.671
29.0999867200106	29.1000367199706	448.786	224.832
14.099998720001	14.100288719769	237.79	118.347
