9.40000247999802	9.40013247989402	221.231	75.682
1.90000847999322	1.90007847993722	47.502	14.393
6.30000495999603	6.30017495986003	151.194	48.162
74.0999507200394	74.1000007199994	1531.896	567.721
69.0999547200362	69.1001447198842	1497.968	517.737
24.0999907200074	24.1001807198554	530.615	193.23
0.900009279992576	0.900179279856576	24.008	6.323
0.300009759992192	0.300239759808192	9.141	2.294
2.80000775999379	2.80025775979379	72.467	20.686
89.099938720049	89.100108719913	1924.528	680.99
99.0999307200554	99.1001807198554	2030.857	1618.621
19.0999947200042	19.1001447198842	443.613	147.504
49.0999707200234	49.1001807198554	1036.832	408.236
0.200009839992128	0.200159839872128	7.132	1.649
59.0999627200298	59.1000727199418	1236.929	464.473
79.0999467200426	79.1000367199706	1641.569	604.635
1.30000895999283	1.30013895988883	34.6	9.412
0.600009519992384	0.600119519904384	17.66	4.684
64.099958720033	64.100108719913	1396.645	488.555
39.099978720017	39.100108719913	859.578	297.206
94.0999347200522	94.1001447198842	1974.009	1558.718
44.0999747200202	44.1001447198842	926.325	342.333
84.0999427200458	84.1000727199418	1758.992	643.103
0.100009919992064	0.100079919936064	4.611	0.927
0.400009679992256	0.400139679888256	12.357	2.871
4.20000663999469	4.20029663976269	103.303	32.811
14.099998720001	14.100108719913	325.468	108.564
34.0999827200138	34.1000727199418	763.513	270.625
54.0999667200266	54.1000367199706	1187.645	413.91
29.0999867200106	29.1002167198266	629.033	224.092
29.0999867200106	29.1002167198266	648.219	222.94
64.099958720033	64.100108719913	1328.125	493.059
4.20000663999469	4.20029663976269	101.117	30.642
79.0999467200426	79.1000367199706	1633.345	615.589
54.0999667200266	54.1002167198266	1186.966	409.266
49.0999707200234	49.1001807198554	1031.23	382.894
1.90000847999322	1.90025847979322	50.142	13.931
0.100009919992064	0.100259919792064	4.322	0.885
6.30000495999603	6.30017495986003	158.052	50.42
59.0999627200298	59.1000727199418	1279.179	454.569
89.099938720049	89.100108719913	1921.692	686.691
69.0999547200362	69.1001447198842	1501.112	521.496
84.0999427200458	84.1002527197978	1731.317	661.801
44.0999747200202	44.1001447198842	951.122	337.832
39.099978720017	39.100288719769	841.12	305.69
0.200009839992128	0.200159839872128	6.666	1.883
94.0999347200522	94.1001447198842	1951.818	1546.884
0.300009759992192	0.300059759952192	9.532	2.475
9.40000247999802	9.40031247975002	233.696	77.027
14.099998720001	14.100288719769	323.077	114.567
2.80000775999379	2.80007775993779	67.578	20.296
0.400009679992256	0.400319679744256	12.276	3.055
34.0999827200138	34.1002527197978	750.235	274.847
99.0999307200554	99.1000007199994	2084.513	1546.767
0.600009519992384	0.600119519904384	17.493	4.307
19.0999947200042	19.1001447198842	442.273	146.621
74.0999507200394	74.1001807198554	1549.011	583.659
0.900009279992576	0.900179279856576	24.826	6.832
24.0999907200074	24.1001807198554	545.934	186.871
1.30000895999283	1.30031895974483	34.473	10.143
0.100009919992064	0.100079919936064	4.644	0.924
2.80000775999379	2.80025775979379	74.246	23.744
89.099938720049	89.100108719913	1912.976	664.832
34.0999827200138	34.1000727199418	727.024	274.759
0.900009279992576	0.900179279856576	25.595	6.936
19.0999947200042	19.1001447198842	446.193	142.531
39.099978720017	39.100108719913	858.42	297.63
29.0999867200106	29.1002167198266	643.238	233.611
4.20000663999469	4.20011663990669	102.328	30.82
84.0999427200458	84.1000727199418	1744.808	658.95
44.0999747200202	44.1001447198842	935.006	358.952
0.600009519992384	0.600119519904384	16.455	4.374
24.0999907200074	24.1001807198554	560.609	188.932
49.0999707200234	49.1001807198554	1053.734	394.828
79.0999467200426	79.1002167198266	1710.652	587.795
94.0999347200522	94.1001447198842	2007.327	1499.696
54.0999667200266	54.1002167198266	1200.97	417.445
1.90000847999322	1.90007847993722	51.618	14.052
99.0999307200554	99.1001807198554	2103.685	1558.487
1.30000895999283	1.30031895974483	35.124	10.26
14.099998720001	14.100108719913	318.217	113.023
