1.68869864904108	17.4754660196272	995.569	236.888
0.00215999827200138	0.0388799688960249	11.811	0.597
5.22430582055534	35.1363318909345	1577.431	476.587
0.00590999527200378	0.106379914896068	30.732	1.166
0.208769832984134	3.56849714520228	1531.095	96.846
6.48686481050815	30.0212759829792	1509.088	486.425
0.00321999742400206	0.0579599536320371	16.724	0.999
0.401419678864257	6.41411486870811	1306.361	152.449
0.0586899530480376	1.04201916638467	739.052	26.486
74.8296401362879	97.5271619782704	7041.072	5387.978
16.6293066965546	42.6851658518673	2701.774	1044.29
65.8809672952262	92.2987061610351	6902.139	5040.468
2.78365777307378	22.9411616470707	1069.156	297.043
0.191629846696123	3.17573745941003	930.056	85.89
27.1450482839614	61.3113709509032	3809.898	1748.434
0.028159977472018	0.504359596512323	384.901	12.915
0.0414899668080266	0.737459410032472	556.743	19.783
0.0123899900880079	0.222299822160142	166.855	5.653
12.1356702914638	48.0810215351828	2725.352	854.051
84.1026827178538	99.990280007776	7378.298	6234.101
1.06318914944868	15.0841679326657	1664.649	297.864
0.539029568776345	8.07587353930117	1141.26	179.806
0.000869999304000557	0.01565998747201	5.083	0.536
0.0833799332960534	1.46285882971294	947.319	38.046
0.00193999844800124	0.0349199720640224	10.825	0.753
0.138909888872089	2.42135806291355	1347.099	64.787
35.5456315634948	61.2656509874792	4756.08	2284.274
90.595347523722	100.0	7345.736	6407.292
47.2235022211982	82.5049139960688	5629.997	3126.915
0.0190899847280122	0.341999726400219	246.746	8.279
57.1239843008126	90.8952472838022	6131.174	4464.589
1.59118872704902	20.1803238557409	1507.255	335.667
0.00711999430400456	0.127799897760082	93.643	3.46
