29.0949967240026	32.740713807429	589.388	314.927
0.198409841272127	2.3414381268495	74.058	12.395
74.1015407187674	77.7516577986738	1285.631	721.956
84.0938327249338	87.6143899084881	1407.525	781.19
44.1040247167802	47.7426218059026	761.179	434.739
98.6467710825831	99.999640000288	1619.065	901.46
79.0931867254506	82.6409938872049	1284.515	748.364
34.0892427286058	37.563269949384	619.586	343.163
0.298999760800191	2.94101764718588	64.651	15.531
1.30116895906483	4.90769607384314	93.212	30.702
1.83138853488917	4.80743615405108	90.141	34.978
53.8315769347385	56.225295019764	968.453	522.135
89.093388725289	92.6709458632433	1460.42	847.683
24.1030307175754	27.7520177983858	501.682	255.525
94.0958647233082	97.6927618457905	1604.016	897.369
39.100748719401	42.7434858052114	752.31	399.11
59.0959627232298	62.7335498131602	1062.806	568.011
4.20251663798669	7.84619372304502	139.121	57.569
0.399689680248256	3.36923730461016	68.2	18.718
6.30470495623604	9.93095205523836	173.736	81.906
19.1026147179082	22.7334418132466	415.351	212.9
9.40319247744602	13.0260495791603	233.221	113.38
2.80008775992979	6.43247485402012	113.258	43.753
0.599669520264384	3.9023968780825	73.787	21.927
0.0996099203120638	1.42829885736091	52.459	7.041
49.0989507208394	52.7439178048658	875.402	478.667
69.0935347251722	72.7341618126705	1169.756	683.312
14.097518721985	17.7422258062194	300.272	157.49
0.898899280880575	4.40567647545882	82.315	27.458
64.093668725065	67.7118058305553	1125.062	614.311
