66.3386969290425	94.3496245203004	18743.482	3059.086
90.540057567954	100.0	20354.134	5413.579
90.592767525786	100.0	20414.758	5417.172
76.0038991968806	99.6608802712958	19684.917	4483.094
74.8261601390719	97.5214019828784	19394.156	3574.009
83.6056331154935	99.915040067968	19866.961	5038.805
66.4545568363545	94.9308440553248	18728.304	3158.973
90.60463751629	100.0	20290.081	5440.074
83.6401530878775	99.921340062928	20067.307	5009.806
64.7318582145134	88.6724290620568	17629.774	2952.668
90.550877559298	100.0	20367.601	5456.524
75.6022495182004	98.9470008423993	19679.965	4411.113
84.0070327943738	99.980740015408	19828.293	5115.7
84.0955327235738	99.988660009072	19903.666	5124.202
75.8465793227365	99.3959204832636	19693.367	4522.202
