0.313709749032201	3.01283758972993	203.939	43.2
0.0134799892160086	0.236159811072151	137.007	5.17
87.3100301519759	90.9580672335462	6952.783	6073.804
37.3006401594879	40.8979472816422	3006.344	2240.719
0.00643999484800412	0.113939908848073	71.692	2.988
0.0277499778000178	0.4681796254563	225.795	11.279
0.0130599895520084	0.226619818704145	141.972	5.38
0.477599617920306	3.61727710617832	224.098	52.566
0.00210999831200135	0.0376199699040241	11.547	0.741
47.3108421513263	50.9727192218246	3904.697	2825.477
2.39966808026554	6.04835516131587	405.662	137.096
0.317359746112203	3.03857756913794	207.308	46.975
0.0285299771760183	0.482219614224309	214.976	11.355
57.3163741469007	60.958031233575	4431.213	3428
37.1040903167277	39.6255282995774	3097.755	2286.35
0.00102999917600066	0.0185399851680119	5.649	0.442
0.0631899494480404	0.982799213760629	201.089	23.097
0.0190199847840122	0.32759973792021	168.781	8.129
0.00196999842400126	0.0354599716320227	11.523	0.758
3.5937971249623	7.23923420861263	570.854	201.967
0.00298999760800191	0.053099957520034	27.657	1.285
1.60468871624903	5.23997580801935	407.404	101.415
0.0631699494640404	0.987119210304632	195.749	22.304
0.0944499244400605	1.36421890862487	191.09	29.142
0.210699831440135	2.41595806723355	218.654	36.375
0.0131699894640084	0.229139816688147	161.585	6.324
0.00873999300800559	0.152459878032098	96.913	4.226
0.0186099851120119	0.320219743824205	151.783	8.767
0.0028199977440018	0.050039959968032	16.196	0.762
0.711819430544456	4.12811669750664	317.622	58.236
0.00935999251200599	0.164519868384105	113.288	4.049
1.59571872342502	5.21369582904334	307.201	95.909
0.474209620632303	3.5906371274903	269.591	49.882
97.1423022861582	99.6337002930398	7419.242	6390.364
0.00410999671200263	0.0737999409600472	41.176	1.74
47.3099921520063	50.9642592285926	3873.242	2700.086
1.06815914547268	4.62293630165096	273.528	79.648
12.1364202908638	15.7823873740901	1166.926	724.778
57.3154141476687	60.951191239047	4534.55	3200.559
5.39735568211545	9.02591277926978	650.423	310.763
0.00635999491200407	0.113039909568072	67.404	2.12
0.0121999902400078	0.212399830080136	127.304	5.955
0.00208999832800134	0.0368999704800236	11.308	0.789
27.3146681482655	30.9437752449798	2196.062	1619.239
0.0273199781440175	0.461699630640296	172.713	12.017
0.00585999531200375	0.103499917200066	72.743	2.586
0.0622799501760399	0.966599226720619	235.299	22.208
0.315949747240202	3.02345758123393	218.501	44.249
3.5927571257943	7.22969421624463	485.138	197.482
0.210379831696135	2.42873805700955	195.203	36.148
0.00189999848000122	0.0341999726400219	11.032	0.763
0.209889832088134	2.42387806089755	266.339	37.862
0.0942099246320603	1.37375890099288	292.136	27.237
67.3138261489391	70.9633232293414	5231.582	4058.309
8.09191352646918	11.7334706132235	848.404	467.356
8.09131352694918	11.7313106149515	895.576	469.673
5.40318567745146	9.02573277941378	722.848	300.816
18.2133054293557	21.86206251035	1786.363	1052.313
47.3067321546143	50.9493192405446	3816.884	2720.254
0.314939748048202	3.01985758411393	269.642	40.509
57.3152041478367	60.965231227815	4380.529	3493.111
87.2724101820719	90.4803476157219	6755.451	5688.287
0.000939999248000602	0.0169199864640108	5.505	0.554
12.1378502897198	15.7757273794181	1175.16	744.096
97.1992022406382	99.8048801560959	7310.587	6172.231
0.0190999847200122	0.327059738352209	192.783	7.313
1.06698914640868	4.63517629185897	342.092	74.574
0.476279618976305	3.58451713238629	225.971	49.965
5.39282568573945	9.04769276184579	630.56	308.006
5.39338568529145	9.02285278171778	654.074	327.342
97.2288722169022	99.9130600695519	6928.126	6586.142
0.0169899864080109	0.292319766144187	168.132	6.519
8.08811352950918	11.7408506073195	868.789	490.899
87.3142501485999	90.9393472485222	6732.413	6243.267
77.3104981516015	80.9113752708998	6110.788	4409.675
0.0270099783920173	0.456659634672292	166.802	12.815
2.39778808176953	6.02495518003586	480.322	141.48
27.3063581549135	30.9581752334598	2393.117	1638.809
0.0415599667520266	0.680759455392436	194.489	17.339
57.3053341557327	60.969371224503	4647.41	3435.64
27.3096081523135	30.9349552520358	2447.885	1664.334
0.00403999676800259	0.0716399426880459	50.812	1.853
0.14091988726409	1.85687851449719	241.571	33.364
0.711069431144455	4.11911670470664	246.597	60.715
18.2116554306757	21.86026251179	1688.414	1099.255
0.00598999520800383	0.105839915328068	64.656	2.518
18.2027654377877	21.862782509774	1706.434	1072.53
0.707539433968453	4.12451670038664	242.043	66.285
0.00906999274400581	0.159839872128102	102.048	4.271
0.213939828848137	2.45915803267357	273.507	34.377
87.2866901706479	90.605627515498	6501.098	6059.273
77.3110881511295	80.9608752312998	5934.576	4223.889
1.59531872374502	5.21747582601934	385.997	101.003
37.3117701505839	40.9582472334022	3252.415	2293.922
0.0946299242960606	1.36907890473688	200.931	28.456
0.472919621664303	3.57443714045029	274.3	48.4
67.3116661506671	70.9266032587174	5064.78	4058.636
2.39811808150553	6.05231515814787	389.639	138.914
12.1375802899358	15.7814873748101	1199.479	714.792
18.2021954382436	21.829302536558	1577.352	1070.225
37.3124501500399	40.9712072230342	2927.407	2220.398
0.708349433320453	4.13441669246665	267.065	59.27
0.0946299242960606	1.38185889451288	254.101	27.491
97.1733522613182	99.7247802201758	7240.275	6736.666
3.5960171231863	7.23131421494863	497.775	192.438
2.40009807992154	6.03053517557186	469.518	138.516
1.06719914624068	4.62563629949096	353.732	71.708
0.14075988739209	1.85129851896118	251.703	33.442
27.3132781493775	30.9675352259718	2230.942	1864.673
0.021879982496014	0.35891971286423	117.446	7.931
3.5949971240023	7.23077421538063	501.508	200.029
0.00394999684000253	0.070379943696045	42.927	1.524
0.0420799663360269	0.681119455104436	250.71	16.126
0.00103999916800067	0.018719985024012	6.034	0.42
67.3136061491151	70.9395632483494	5437.798	3777.571
0.00434999652000278	0.0770399383680493	53.113	1.994
0.0029699976240019	0.0529199576640339	32.547	1.011
0.139249888600089	1.83599853120118	221.325	34.958
0.0419799664160269	0.686699450640439	198.068	17.333
77.3136781490575	80.9486352410918	6173.662	4443.551
0.00277999777600178	0.0498599601120319	15.428	0.91
1.02171918262465	4.08797672961862	219.792	67.041
0.00916999266400587	0.162539869968104	118.435	3.302
0.000959999232000614	0.0172799861760111	5.447	0.389
47.3105221515823	50.9507592393926	3867.999	2782.88
1.60252871797703	5.23457581233935	328.968	105.077
67.3133161493471	70.9311032551174	5351.349	3856.059
12.1382102894318	15.7654673876261	1293.63	734.49
0.0649899480080416	1.01051919158465	269.036	23.098
0.14026988778409	1.83563853148917	206.842	34.57
77.3111981510415	80.9466552426758	6058.667	4452.768
8.09065352747718	11.7260906191275	855.553	472.971
