0.300659759472192	0.661319470944423	71.194	4.433
69.1000447199642	69.4594244324605	3616.876	1450.47
79.0994067204746	79.4654364276509	4110.877	1608.321
34.0984127212698	34.4652924277661	1793.586	706.773
0.902279278176577	1.26539898768081	99.241	13.909
14.099098720721	14.4635284291773	788.358	296.225
39.100548719561	39.4615484307613	2037.183	826.608
44.0985247211802	44.4614044308765	2367.79	888.85
0.199059840752127	0.566999546400363	70.096	3.27
29.1006467194826	29.4674164260669	1533.509	588.623
0.400529679576256	0.761759390592488	83.016	5.771
6.29992496006003	6.66467466826027	413.122	132.35
94.1011847190522	94.4662644269885	4950.5	3069.814
0.599839520128384	0.957419234064613	93.19	8.446
0.0983499213200629	0.450359639712288	66.966	1.872
1.90033847972922	2.26349818920145	140.543	33.997
9.40035247971802	9.76463218829425	545.706	197.995
19.0997847201722	19.4637444290045	1072.428	399.594
89.100358719713	89.4611884310493	4688.446	1837.298
1.30029895976083	1.66571866742507	126.412	19.686
54.0990967207226	54.4717364226109	2818.261	1132.268
4.20200663839469	4.56929634456292	274.506	84.075
2.80060775951379	3.16475746819403	218.384	56.179
24.0997907201674	24.4628804296957	1263.963	500.024
64.099078720737	64.4566884346493	3385.184	1303.708
49.0983907212874	49.4645004283997	2583.831	991.245
59.0999227200618	59.4604324316541	3032.365	1248.344
84.1023627181098	84.4683524253181	4418.538	1789.431
74.1008007193594	74.4610804311357	3898.85	1521.674
99.0615707507434	99.2870205703835	5045.782	3279.842
9.39992248006202	9.77057218354225	549.423	190.305
49.1002907197674	49.4672004262397	2542.039	1036.912
0.598679521056383	0.966779226576619	91.5	8.192
0.300459759632192	0.666179467056426	78.19	4.549
29.0993667205066	29.4603964316829	1562.351	610.164
94.1006247195002	94.4630244295805	5013.457	3020.141
79.1006767194586	79.4663364269309	4207.595	1614.683
74.1013107189514	74.4634204292636	3942.715	1572.717
19.1009547192362	19.4673444261245	1074.726	384.155
84.1010527191578	84.462772429782	4436.072	1724.084
34.0989827208138	34.4645724283421	1849.913	695.91
44.0997147202282	44.4702244238205	2304.138	932.389
89.098548721161	89.4687484250013	4672.237	1821.228
99.0997007202394	99.4639604288317	5089.633	3252.261
0.100579919536064	0.455219635824291	62.214	2.037
0.899949280040576	1.26593898724881	101.036	13.425
0.200989839208129	0.572579541936366	73.886	3.274
2.79748776200979	3.16691746646603	219.328	59.016
64.102388718089	64.4691084247133	3308.688	1348.119
1.89983848012922	2.26169819064145	150.647	34.929
39.099628720297	39.4606484314813	2055.743	825.68
1.30249895800083	1.66697866641707	129.424	22.186
14.099048720761	14.4655084275933	838.01	288.28
59.1005127195898	59.4663724269021	2991.768	1249.736
4.20060663951469	4.56569634744292	271.369	88.121
24.1002507197994	24.4603604317117	1277.382	487.725
0.400879679296257	0.763019389584488	73.644	6.475
54.0999967200026	54.4611164311069	2826.727	1150.363
69.1007047194362	69.4615844307325	3672.385	1410.633
6.29943496045203	6.66377466898027	388.722	125.569
59.0976327218938	59.4687124250301	3021.097	1239.583
0.900059279952576	1.27043898364881	121.158	14.497
1.30068895944883	1.66211867030506	140.272	21.246
39.100628719497	39.4608284313373	2076.822	788.717
34.1011627190698	34.4649324280541	1820.342	690.206
54.1002167198266	54.4697564241949	2852.254	1105.105
4.20090663927469	4.56659634672292	281.635	87.561
94.0993347205322	94.4578044337565	4883.833	3119.723
0.200429839656128	0.560879551296359	70.034	3.282
79.1002867197706	79.4679564256349	4153.982	1615.637
24.0997107202314	24.4679204256637	1278.023	498.728
19.0998047201562	19.4687844249725	1072.399	389.872
29.0996967202426	29.4620164303869	1576.712	615.943
69.0998947200842	69.4570844343325	3556.526	1456.369
84.1026727178618	84.462772429782	4465.067	1746.949
9.40080247935802	9.76607218714225	569.548	188.679
