30.3400757279394	86.7615505907595	994.773	670.647
31.5920447263642	89.7571081943134	828.381	566.591
32.2285842171326	91.3288669369065	877.395	547.231
33.0310035751971	93.3909452872438	1772.139	573.591
42.6540858767313	98.2304214156629	850.516	556
43.0591155527076	98.7938209649432	1804.625	591.377
43.5342951725639	99.4126604698716	995.544	593.413
43.5677051458359	99.4519004384797	843.233	578.862
47.1765322587742	96.2912829669736	877.904	582.09
51.1705890635288	99.5068003945597	1857.982	563.581
51.8215085427932	99.8439401248479	863.229	604.751
51.8412985269612	99.8495201203839	996.168	594.027
56.4186648650681	99.1520206783835	1916.696	580.105
56.6765046587963	99.2396806082555	857.355	563.325
57.9127336698131	99.6490002807998	838.982	558.141
58.8201529438776	99.8540201167839	1015.819	586.917
64.9583180333456	99.9056800754559	861.178	579.015
64.9819580144336	99.9069400744479	1796.742	610.762
66.6443666845067	99.995680003456	1037.283	585.831
66.6577166738267	99.995140003888	832.327	585.743
72.5336919730464	99.996760002592	868.739	572.683
72.6667718665825	99.998020001584	1030.693	590.604
72.9500716399427	99.999640000288	876.041	571.309
73.0440915647267	99.999820000144	1881.781	589.362
78.6291870966503	100.0	883.241	582.509
78.6364570908343	100.0	1829.827	588.791
78.6469670824263	100.0	846.755	585.296
78.6543670765063	100.0	1070.823	593.019
