0.000819999344000525	0.0147599881920094	1.454	0.375
0.00184999852000118	0.0332999733600213	2.392	0.429
0.00297999761600191	0.0536399570880343	2.913	0.496
0.00371999702400238	0.0669599464320429	3.384	0.495
0.00582999533600373	0.104759916192067	4.861	0.541
0.00768999384800492	0.138239889408088	5.538	0.591
0.0126899898480081	0.227879817696146	10.144	0.774
0.0168999864800108	0.303659757072194	11.258	0.872
0.0285799771360183	0.510839591328327	18.195	1.188
0.0349299720560224	0.620459503632397	23.746	1.677
0.0566799546560363	1.00061919950464	34.285	2.65
0.0592699525840379	1.04147916681667	36.755	2.846
0.117479906016075	2.0352583717933	68.553	4.598
0.150729879416096	2.56571794742564	89.131	7.042
0.233489813208149	3.85721691422647	132.719	11.648
0.464479628416297	7.46477402818078	254.418	25.891
0.700299439760448	10.7141314286949	379.642	36.702
0.710739431408455	9.79955216035827	355.465	35.051
1.4136888690489	17.3224661420271	655.196	67.5
1.54689876248099	16.1546270762983	608.383	67.53
3.26495738803409	27.5952379238097	1210.969	137.909
5.37775569779544	37.421970062424	2023.735	220.913
6.95162443870045	32.3700941039247	2622.346	250.996
11.5556807554554	41.4903268077386	3449.753	421.944
18.1506354794916	53.7421970062424	5329.386	675.527
26.0122991901606	53.0328175737459	7477.359	924.516
37.1561202751038	71.4648028281577	9295.356	1399.952
47.2244222204622	82.5383939692848	12936.923	1787.908
56.7202346238123	87.1829302536558	14922.203	2131.465
65.7294474164421	91.7185666251467	15531.247	2650.385
73.403101277519	95.0444239644608	19062.592	3079.47
84.0266627786698	99.981640014688	17066.578	6388.468
90.5447675641859	100.0	18125.347	7593.491
