19.0101847918522	54.0660167471866	1220.817	664.1
0.138339889328089	2.36987810409752	1194.356	649.727
39.009948792041	74.0186407850874	1273.564	699.692
63.2173694261045	91.7196466242827	1242.664	692.064
25.9420592463526	49.0818207345434	1231.829	678.966
0.0864599308320553	1.51541878766497	1223.509	660.105
80.3017757585794	99.2301406158875	1269.377	717.719
8.85495291603767	38.2415094067925	1157.402	664.838
88.6682290654168	99.998920000864	1267.223	707.172
51.1212291030167	74.5165203867837	1241.935	685.788
0.881499294800564	12.8534297172562	1139.865	658.836
6.0923451261239	36.6184507052394	1138.976	657.936
72.7640417887666	98.0241415806867	1283.124	713.864
2.08106833514533	19.8592041126367	1189.987	685.573
0.601009519192385	9.44819244144605	1194.058	646.06
1.67750865799307	19.3739245008604	1201.599	647.03
77.0241183807053	99.0958607233114	1213.746	735.194
1.29734896212083	17.4454060436752	1209.159	650.33
68.0875055299956	95.5637235490212	1223.098	706.202
4.19765664187469	34.2447926041659	1189.218	690.988
44.0933347253322	80.2163958268833	1233.852	722.253
24.1080607135514	60.5123515901187	1176.036	699.084
0.361319710944231	5.88599529120377	1189.372	694.623
56.1631450694839	79.5968363225309	1225.2	721.551
32.9246336602931	60.3825716939426	1250.578	678.962
91.5717867425706	100.0	1233.841	733.806
0.294319764544188	4.93055605555516	1153.339	655.155
85.0225019819984	99.967060026352	1270.022	719.752
13.3331493334805	42.2744061804751	1214.017	665.342
49.0557907553674	84.7081122335102	1275.353	702.161
