94.0999347200522	94.0999647200282	1904.463	1507.341
89.099938720049	89.100108719913	1814.693	699.599
89.099938720049	89.100108719913	1814.388	677.799
94.0999347200522	94.1001447198842	1986.284	1446.653
94.0999347200522	94.0999647200282	1964.032	1450.207
99.0999307200554	99.1001807198554	2015.964	1586.115
99.0999307200554	99.1000007199994	2012.6	1584.78
94.0999347200522	94.0999647200282	1907.019	1505.784
89.099938720049	89.100108719913	1872.528	657.142
89.099938720049	89.100108719913	1888.403	652.502
99.0999307200554	99.1000007199994	2057.161	1519.604
99.0999207200634	99.1000007199994	2065.126	1507.208
94.0999347200522	94.0999647200282	1911.563	1513.187
89.099938720049	89.100108719913	1861.242	703.435
99.0999307200554	99.1000007199994	1998.665	1583.813
94.0999347200522	94.0999647200282	1922.729	1445.776
89.099938720049	89.100108719913	1813.588	680.224
89.099938720049	89.100108719913	1847.653	680.928
94.0999347200522	94.1001447198842	1964.819	1448.748
99.0999307200554	99.1000007199994	2077.629	1539.041
99.0999307200554	99.1001807198554	2025.605	1601.505
94.0999347200522	94.1001447198842	1960.86	1439.963
99.0999307200554	99.1000007199994	2008.426	1567.33
89.099938720049	89.100108719913	1839.221	695.382
99.0999207200634	99.1000007199994	2007.918	1600.107
99.0999307200554	99.1001807198554	2075.684	1532.112
89.099938720049	89.100108719913	1834.319	697.422
89.099938720049	89.100108719913	1811.334	691.365
99.0999307200554	99.1001807198554	1981.446	1567.728
