0.000829999336000531	0.0149399880480096	5.097	0.65
0.00131999894400084	0.0237599809920152	7.608	0.67
0.00255999795200164	0.0460799631360295	14.33	1.034
0.00331999734400212	0.0597599521920382	18.283	1.299
0.00528999576800339	0.0952199238240609	28.48	1.892
0.00706999434400452	0.126899898480081	76.196	2.832
0.00924999260000592	0.166319866944106	115.871	4.903
0.0103799916960066	0.18683985052812	54.883	3.217
0.0244499804400156	0.439739648208281	317.123	11.74
0.0279299776560179	0.498599601120319	403.704	14.297
0.0558499553200357	1.00079919936064	766.224	27.797
0.0805199355840515	1.43333885332892	1089.22	39.523
0.117199906240075	2.07539833968133	1498.971	57.977
0.183439853248117	3.22685741851407	2135.592	89.409
0.276329778936177	4.80851615318708	2654.21	130.671
0.295829763336189	5.07779593776325	2172.036	135.653
0.548859560912351	9.16955266435787	2543.99	252.346
0.826329338936529	13.2992893605685	2939.981	324.167
0.903899276880578	13.9379288496569	2404.197	313.105
2.12774829780136	30.2318758144993	3391.077	588.285
2.72339782128174	34.427132458294	2299.254	548.996
4.0643867484906	44.0241847806522	2344.427	615.531
6.80974455220436	60.0342719725824	2641.745	774.354
9.01301278958977	61.2420710063432	2816.817	828.489
14.5128183897453	72.7057218354225	3376.14	1040.536
25.5665995467204	94.6891042487166	3499.909	1765.449
31.1051851158519	88.5806291354967	4570.339	2004.916
39.5052183958253	93.4118252705398	4977.764	2443.483
47.6685518651585	96.7738625809099	5357.357	2869.135
57.2311742150606	99.4492004406396	4915.398	3409.517
66.6747666601867	99.995320003744	5870.632	4129.243
73.0362915709667	99.999820000144	6299.082	4165.801
78.6461070831143	100.0	6826.783	4578.904
