3.52002718397825	46.0076031939174	4137.115	312.278
9.54078236737411	82.9000136799891	1186.53	576.327
55.3993656805075	99.999820000144	1034.504	803.926
0.20333983732813	3.5927971257623	480.156	16.711
0.110169911864071	1.96217843025726	262.749	8.093
0.228169817464146	4.02479678016258	534.563	15.876
0.934389252488598	15.3133077493538	1953.085	86.729
19.2926345658923	97.1597822721742	977.634	684.024
0.341849726520219	5.95493523605181	798.581	26.455
35.6622014702388	99.92440006048	995.175	744.334
1.85942851245719	28.5171971862422	3338.557	180.079
16.1068371145303	94.9722440222048	956.335	681.321
58.0427035658372	100.0	1112.313	832.14
50.2288398169281	99.99730000216	1096.088	817.392
60.5065815947347	100.0	1032.939	810.737
38.3796392962886	99.936820050544	991.166	750.395
6.35691491446807	68.8683049053561	2759.161	479.57
0.521749582600334	8.93825284939772	1195.125	38.137
0.716549426760459	12.0448703641037	1579.838	73.414
25.3526597178722	98.9104608716313	941.972	708.219
46.6091927126458	99.983260013392	1044.305	766.111
52.7787777769778	99.997840001728	1032.645	777.678
30.2215058227953	99.2305006155995	1000.857	724.491
41.3169969464024	99.964720028224	1022.435	787.74
29.1385866891306	99.6092203126237	982.588	726.141
12.6660698671441	90.1633678693057	1019.677	626.424
22.9356416514867	98.7961609630712	959.301	706.732
2.52593797924962	36.2573709941032	3838.291	253.716
43.3070753543397	99.956080035136	993.894	773.255
0.0683099453520437	1.22147902281678	163.409	4.888
