64.099958720033	64.100288719769	3082.38	2160.045
79.0999467200426	79.1000367199706	3710.257	2465.983
74.0999507200394	74.1001807198554	3582.098	2474.585
0.200009839992128	0.200339839728128	13.144	6.948
0.400009679992256	0.400139679888256	23.709	13.337
69.0999547200362	69.1001447198842	3116.934	2193.087
94.0999347200522	94.1001447198842	4426.218	2946.101
9.40000247999802	9.40013247989402	433.193	303.801
0.600009519992384	0.600119519904384	33.327	19.486
24.0999907200074	24.1001807198554	1105.727	754.124
14.099998720001	14.100288719769	653.624	452.5
1.30000895999283	1.30013895988883	66.488	42.209
89.099938720049	89.100108719913	3963.081	2790.563
59.0999627200298	59.1002527197978	2861.179	1955.5
1.90000847999322	1.90007847993722	95.373	57.95
49.0999707200234	49.1001807198554	2284.056	1632.264
0.300009759992192	0.300239759808192	17.499	10.12
44.0999747200202	44.1001447198842	2048.569	1443.336
99.0999307200554	99.1000007199994	4448.716	3114.845
4.20000663999469	4.20011663990669	219.778	137.472
2.80000775999379	2.80007775993779	141.578	91.808
54.0999667200266	54.1000367199706	2512.36	1752.819
0.900009279992576	0.900179279856576	49.79	31.037
19.0999947200042	19.1003247197402	945.274	616.448
39.099978720017	39.100108719913	1904.892	1250.179
34.0999827200138	34.1002527197978	1596.086	1031.285
0.100009919992064	0.100259919792064	8.128	3.703
6.30000495999603	6.30017495986003	308.063	194.08
84.0999427200458	84.1000727199418	3759.113	2455.818
29.0999867200106	29.1002167198266	1368.538	953.156
