36.8498205201436	68.1709854632116	4963.293	2324.95
47.2261322190942	82.5711539430769	5749.158	2996.878
0.00354999716000227	0.0638999488800409	18.774	1.099
1.05177915857667	14.8580881135295	1745.066	287.078
0.0644899484080413	1.12661909870472	716.852	29.255
0.00237999809600152	0.0428399657280274	13.199	0.833
0.0420399663680269	0.74987940009648	569.292	20.536
1.59383872492902	20.1855438515649	1485.987	351.593
0.00208999832800134	0.0376199699040241	11.501	0.78
7.90402367678106	40.0919079264737	1949.49	585.062
0.00818999344800524	0.147239882208094	105.254	3.949
0.00210999831200135	0.0379799696160243	11.995	0.724
75.2743097805522	98.3420213263829	7585.325	5698.216
0.0222899821680143	0.397259682192254	306.075	10.843
12.0314703748237	46.4477028418377	2389.398	903.137
90.5555675555459	100.0	7388.364	6313.28
2.39192808645753	26.1028591177127	1561.288	390.174
0.204439836448131	3.49451720438624	1433.05	90.897
0.474919620064304	7.64315388547689	1758.695	186.512
56.8378445297244	88.1043495165204	6371.083	4708.14
0.70246943802445	10.7276314178949	1633.795	231.849
0.0112399910080072	0.201959838432129	153.697	5.129
0.0128399897280082	0.230039815968147	174.204	6.088
0.000959999232000614	0.0172799861760111	5.817	0.554
0.101269918984065	1.75373859700912	929.595	44.881
66.6494666804267	96.0239831808135	6835.494	5045.662
27.2999481600415	63.6009691192247	4205.875	1835.375
0.0629999496000403	1.11725910619272	811.418	29.455
83.1620434703652	99.7989401608479	7843.032	5928.686
0.276659778672177	4.58243633405093	1278.967	117.375
17.8813356949314	50.2865597707522	2922.324	1103.525
2.51531798774561	20.9071632742694	1032.6	272.164
5.38715569027545	37.580369935704	1980.016	540.334
