1.88436849250521	28.8975368819705	6996.312	117.53
1.21059903152077	19.5775043379965	4797.246	75.955
47.4844820124144	99.995860003312	16605.965	2275.037
0.176319858944113	3.122997501602	766.894	13.1
58.0697235442212	100.0	16936.646	2805.409
23.3479413216469	97.3828020937583	15527.442	1136.615
0.264269788584169	4.65389627688298	1142.859	19.278
0.586229531016375	10.0065519947584	2475.24	40.749
18.9321548542761	96.5945827243338	14994.654	957.907
26.8225285419772	98.5600011519991	15621.96	1331.221
50.2155698275441	99.997840001728	16796.184	2356.29
5.1560858751313	58.7127130298296	12204.039	287.34
2.86497770801783	40.58078753537	9787.647	168.495
9.16703266637387	80.7729553816357	14216.023	481.69
35.6240215007828	99.9128800696959	15718.651	1817.463
0.401529678776257	6.98183441453247	1715.51	28.917
37.9805196155843	99.9056800754559	16177.287	1824.493
60.5504615596308	100.0	17238.357	2937.501
0.0686299450960439	1.22777901777679	304.385	4.826
0.118039905568076	2.10149831880134	522.344	7.842
43.5128551897159	99.960040031968	16446.354	2052.138
31.1054151156679	99.4983404013277	15610.782	1591.938
0.778889376888498	13.0550295559764	3208.18	54.951
52.7478478017218	99.998380001296	16933.004	2450.181
55.5422655661875	100.0	17024.694	2692.225
12.7218398225281	90.2368078105538	14582.679	675.444
13.5808391353287	88.2424094060725	14750.154	682.141
20.0894439284449	95.6636234691012	15289.764	972.655
41.7369066104747	99.984160012672	16321.194	1988.669
3.2782373774101	43.2667453866037	10132.244	191.29
0.378979696816243	6.59465472427622	1600.727	26.056
2.30100815919347	33.3910532871574	8150.905	139.328
0.240659807472154	4.23809660952271	1041.486	17.871
1.29197896641683	20.8515433187653	5091.658	78.789
47.1783122573502	99.992620005904	16470.856	2365.726
38.3610993111206	99.934480052416	16127.725	1877.837
6.39219488624409	69.0396647682682	13932.397	351.115
26.1832790533768	99.3779204976636	15634.368	1246.934
35.6231515014788	99.9154000676799	16072.272	1677.168
0.193669845064124	3.42755725795419	829.005	14.125
55.5751255398996	100.0	16915.957	2705.594
22.6277618977905	98.521301182959	15414.15	1139.301
0.88985928811257	14.8562881149695	3650.751	55.59
10.7943913644869	82.834133732693	14451.052	571.194
15.2744477804418	92.9740656207475	14934.134	777.022
18.4850352119718	95.8961832830534	15157.601	933.657
52.9578276337379	99.999640000288	16620.721	2670.282
28.2150274279781	99.2501205999035	15793.939	1358.139
7.99945360043712	73.9743608205114	13764.715	415.286
58.0844235324612	100.0	17092.882	2721.183
29.9422460462032	99.1214207028634	15704.12	1519.695
4.24408660473072	53.7727969817624	12445.606	247.207
40.5302675757859	99.925660059472	16421.601	1932.006
44.6235843011326	99.990820007344	16553.589	2100.865
0.607429514056389	10.3654717076226	2539.041	39.475
1.82690853847317	28.058377553298	6840.351	107.771
0.0569899544080365	1.02023918380865	253.143	4.223
50.2604997916002	99.99820000144	16872.144	2352.364
60.5480115615907	100.0	17001.743	2958.037
0.136159891072087	2.41937806449755	584.247	7.995
16.3255469395624	95.4089236728611	14867.934	839.428
21.0472331622135	96.884922492062	15129.077	1042.029
60.5498215601428	100.0	17092.005	2985.972
46.6411726870619	99.983620013104	16615.536	2207.98
41.6955566435547	99.98110001512	16100.266	1981.318
55.4692656245875	99.999460000432	17150.487	2596.122
52.8456277234978	99.998920000864	16896.858	2602.187
50.2621197903042	99.998380001296	16591.443	2466.092
0.402029678376257	6.99011440790847	1702.109	28.693
0.825659339472528	13.7996889602488	3329.108	52.689
44.5264243788605	99.988480009216	16607.035	2183.509
38.4471292422966	99.941860046512	16229.064	1838.763
0.258469793224165	4.54373636501091	1104.336	19.032
18.4693252245398	95.8382233294213	15052.172	976.362
32.5070639943488	99.8295401363679	15842.318	1570.422
0.162459870032104	2.87279770176184	709.102	10.288
11.0728011417591	83.9512128390297	14529.786	564.463
34.8517121186303	99.8212601429919	15940.032	1704.282
