1.89484848412121	5.54597556321955	1365.722	60.637
39.086288730969	42.5912059270353	8740.629	1050.572
9.39704248236601	13.0098495921203	2861.251	248.582
89.097228722217	92.7231458214833	19055.548	2231.88
44.0959847232122	47.7267818185745	9918.698	1166.517
84.0948327241338	87.7162698269841	18051.417	2117.965
0.299659760272192	2.94317764545788	862.437	15.514
79.1012167190266	82.735313811749	16880.715	2076.555
6.30275495779603	9.94301204559036	2211.439	176.549
94.0723747421002	97.3880220895823	19851.769	2488.162
19.0981647214682	22.7374018100786	4861.199	519.418
59.1031127175098	62.7430898055282	12811.152	1550.235
0.199059840752127	2.3448581241135	782.761	9.33
29.1006567194746	32.7324338140529	6788.105	773.743
1.29457896433683	4.90373607701114	1249.691	42.191
74.0978407217274	77.7313178149458	15970.797	1965.383
4.19062664749868	7.69985384011693	1709.505	115.735
14.091388726889	17.7366458106834	3773.594	382.14
64.106428714857	67.7496058003154	13968.618	1698.667
0.899599280320576	4.42745645803483	1158.402	27.643
0.402039678368257	3.35393731685015	915.653	18.576
24.1017307186154	27.7385178091858	5899.601	655.474
34.1026827178538	37.7234698212241	7895.871	885.314
49.0956907234474	52.7196178243057	10899.652	1254.674
0.596439522848382	3.8998768800985	1041.13	25.162
2.8052977557618	6.43517485186012	1479.146	82.391
54.0978267217386	57.743953804837	11808.359	1423.234
0.0990099207920634	1.42325886139291	550.991	5.476
98.6628710697031	99.999820000144	20398.098	2471.083
69.1046947162442	72.7518017985586	14860.534	1801.624
