29.0999867200106	29.1002167198266	645.12	217.498
0.200009839992128	0.200159839872128	8.248	2.004
0.300009759992192	0.300239759808192	10.298	2.679
19.0999947200042	19.1001447198842	456.557	143.015
0.400009679992256	0.400139679888256	12.884	3.413
24.0999907200074	24.1001807198554	591.75	186.919
69.0999547200362	69.1001447198842	1488.886	518.7
99.0999307200554	99.1000007199994	2119.103	749.794
2.80000775999379	2.80025775979379	71.375	21.26
9.40000247999802	9.40031247975002	234.973	75.756
34.0999827200138	34.1002527197978	801.541	254.532
59.0999627200298	59.1000727199418	1343.757	427.735
49.0999707200234	49.1000007199994	1131.372	383.893
64.099958720033	64.100288719769	1384.689	484.502
6.30000495999603	6.30017495986003	153.51	52.174
1.30000895999283	1.30031895974483	38.497	11.834
0.900009279992576	0.900179279856576	26.457	7.483
14.099998720001	14.100108719913	334.347	114.038
44.0999747200202	44.1001447198842	980.985	322.371
0.100009919992064	0.100259919792064	5.312	1.166
89.099938720049	89.100108719913	2002.338	651.528
94.0999347200522	94.1001447198842	2107.333	667.29
74.0999507200394	74.1001807198554	1606.846	562.042
84.0999427200458	84.1000727199418	1849.933	638.88
4.20000663999469	4.20011663990669	102.177	31.344
79.0999467200426	79.1002167198266	1750.821	608.174
39.099978720017	39.100108719913	897.733	291.783
1.90000847999322	1.90025847979322	46.487	13.957
54.0999667200266	54.1002167198266	1232.018	411.128
0.600009519992384	0.600299519760384	19.204	5.322
