0.14098988720809	0.14129988696009	13.99	1.401
8.09200352639718	8.09207352634118	1257.727	86.918
3.5970071223943	3.5971171223063	105.579	38.906
0.0130099895920083	0.0131399894880084	4.617	0.483
0.14100988719209	0.14129988696009	46.035	2.008
18.2069954344037	18.2071654342677	1433.763	179.744
18.2069954344037	18.2071654342677	1752.317	192.316
0.00400999679200257	0.00413999668800265	1.27	0.407
3.5970071223943	3.5971171223063	772.657	37.086
18.2069954344037	18.2071654342677	1433.35	198.081
47.3099621520303	47.3100821519343	4543.568	497.618
0.00900999279200577	0.00917999265600588	1.811	0.445
0.211009831192135	0.211139831088135	7.872	2.057
0.474009620792303	0.474299620560304	41.665	3.975
0.711009431192455	0.711179431056455	211.553	7.239
0.00300999759200193	0.00305999755200196	1.088	0.422
37.3099801520159	37.3101901518479	3818.356	397.002
0.00899999280000576	0.00917999265600588	2.496	0.429
1.06600914719268	1.06613914708868	57.608	10.355
0.710999431200455	0.711179431056455	60.083	7.061
67.3099561520351	67.3100461519631	5206.409	660.309
77.3099481520415	77.3101181519055	5996.893	778.794
0.211009831192135	0.211139831088135	18.812	2.044
8.09200352639718	8.09207352634118	650.004	80.842
57.3099641520287	57.3099741520207	1466.78	593.447
5.39500568399545	5.39513568389145	437.099	53.81
0.00600999519200385	0.00611999510400392	2.471	0.465
0.0130099895920083	0.0131399894880084	1.411	0.507
0.00199999840000128	0.00215999827200138	1.218	0.417
0.711009431192455	0.711179431056455	23.497	7.029
37.3099801520159	37.3101901518479	1778.946	383.823
0.00100999919200065	0.00125999899200081	0.865	0.368
0.0630099495920403	0.0631799494560404	7.006	0.871
0.00300999759200193	0.00305999755200196	1.414	0.414
0.0419999664000269	0.042119966304027	15.692	0.779
0.0420099663920269	0.042119966304027	3.02	0.683
0.14100988719209	0.14111988710409	6.119	1.47
27.3099881520095	27.3101181519055	3483.72	281.903
77.3099481520415	77.3101181519055	5963.808	771.55
1.06600914719268	1.06613914708868	34.513	11.012
77.3099481520415	77.3101181519055	6616.721	819.017
2.39800808159353	2.39813808148954	422.18	25.971
47.3099721520223	47.3102621517903	3680.391	468.08
0.0280099775920179	0.028079977536018	10.595	0.636
8.09200352639718	8.09225352619718	222.358	85.149
0.0940099247920602	0.0941399246880602	9.291	1.436
1.06599914720068	1.06613914708868	351.2	10.684
0.00200999839200129	0.00215999827200138	1.014	0.36
77.3099481520415	77.3101181519055	1969.175	790.996
0.00600999519200385	0.00629999496000403	1.551	0.439
0.316009747192202	0.316079747136202	28.31	2.744
0.0190099847920122	0.0190799847360122	2.819	0.541
2.39800808159353	2.39813808148954	123.905	24.716
1.59900872079302	1.59929872056102	133.624	15.911
0.0940099247920602	0.0941399246880602	9.644	1.33
0.316009747192202	0.316079747136202	28.193	2.735
5.39499568400345	5.39513568389145	1254.919	58.083
12.1380002895998	12.1381102895118	958.03	126.163
0.316009747192202	0.316259746992202	108.127	3.214
47.3099721520223	47.3102621517903	1211.739	480.144
0.0189999848000122	0.0190799847360122	2.104	0.561
12.1379902896078	12.1382902893678	959.029	123.314
0.00400999679200257	0.00413999668800265	1.163	0.408
0.00900999279200577	0.00917999265600588	1.176	0.458
3.5970071223943	3.5972971221623	296.924	35.165
0.0630099495920403	0.0631799494560404	6.978	1.129
0.00100999919200065	0.00125999899200081	0.873	0.376
0.00600999519200385	0.00611999510400392	1.212	0.395
0.14099988720009	0.14111988710409	13.32	1.469
67.3099561520351	67.3102261518191	1709.915	680.766
12.1379902896078	12.1381102895118	1753.011	127.193
27.3099881520095	27.3101181519055	2187.624	292.254
8.09200352639718	8.09207352634118	648.045	82.097
0.0940099247920602	0.0941399246880602	4.965	1.169
0.0279999776000179	0.0282599773920181	3.583	0.607
57.3099641520287	57.3101541518767	3112.657	558.698
0.00600999519200385	0.00611999510400392	1.293	0.434
0.474009620792303	0.474299620560304	40.455	4.123
0.00300999759200193	0.00323999740800207	1.625	0.408
67.3099561520351	67.3102261518191	6169.464	680.675
0.0940099247920602	0.0941399246880602	32.524	1.149
5.39500568399545	5.39513568389145	156.337	57.349
1.59900872079302	1.59911872070502	134.211	16.612
0.0280099775920179	0.0282599773920181	2.123	0.599
18.2069954344037	18.2071654342677	490.34	189.124
0.00199999840000128	0.00215999827200138	0.955	0.388
0.0420099663920269	0.042119966304027	5.009	0.718
0.474009620792303	0.474299620560304	16.993	4.571
0.00100999919200065	0.00125999899200081	0.947	0.386
67.3099561520351	67.3102261518191	3214.451	680.608
0.0280099775920179	0.0282599773920181	3.6	0.599
0.0190099847920122	0.0192599845920123	3.074	0.541
27.3099881520095	27.3102981517615	2159.904	275.342
0.211009831192135	0.211139831088135	63.339	2.134
1.59900872079302	1.59911872070502	49.034	16.067
37.3099801520159	37.3101901518479	2869.703	381.847
0.00900999279200577	0.00917999265600588	1.489	0.458
0.0630099495920403	0.0631799494560404	22.427	0.88
3.5970071223943	3.5971171223063	296.651	35.8
57.3099641520287	57.3101541518767	4453.877	568.011
1.06600914719268	1.06613914708868	89.075	10.277
5.39500568399545	5.39531568374745	437.536	53.716
27.3099881520095	27.3101181519055	711.758	281.38
12.1380002895998	12.1382902893678	329.958	126.627
57.3099641520287	57.3101541518767	5643.441	582.572
0.711009431192455	0.711179431056455	37.779	6.46
0.00400999679200257	0.00431999654400277	1.454	0.41
2.39800808159353	2.39813808148954	197.582	23.948
0.474009620792303	0.474119620704303	167.151	4.833
0.00100999919200065	0.00107999913600069	0.908	0.357
0.00400999679200257	0.00413999668800265	2.004	0.427
0.211009831192135	0.211139831088135	12.733	1.915
0.0190099847920122	0.0190799847360122	8.087	0.612
0.316009747192202	0.316259746992202	11.282	2.917
37.3099801520159	37.3101901518479	961.873	382.497
0.0420099663920269	0.0422999661600271	5.168	0.682
0.0130099895920083	0.0131399894880084	2.006	0.45
47.3099721520223	47.3100821519343	3675.772	476.391
0.00200999839200129	0.00215999827200138	0.961	0.396
2.39800808159353	2.39831808134553	71.819	24.657
0.0129999896000083	0.0131399894880084	2.083	0.539
1.59899872080102	1.59929872056102	514.593	16.375
0.00300999759200193	0.00305999755200196	0.906	0.404
0.0630099495920403	0.0631799494560404	3.268	0.846
