3.38038729569016	44.4250444599644	1056.085	662.803
17.7495258003794	94.6682242654206	1147.789	739.452
13.3837392930086	87.6770298583761	1080.874	695.878
0.396669682664254	6.89057448754041	1081.093	671.436
36.8504205196636	99.7933601653119	1144.472	751.389
52.7694677844258	99.998920000864	1129.789	729.795
58.0630335495732	100.0	1173.986	768.728
25.3729597016322	98.9268408585273	1111.401	733.289
7.60589391528487	71.5783827372938	1068.146	666.54
41.2754869796104	99.962380030096	1180.876	755.882
27.0575783539373	98.7049010360792	1108.827	707.1
60.5079115936707	100.0	1128.46	724.341
30.6154855076116	99.3676605058716	1111.23	707.749
35.3930716855427	99.8862400910079	1158.917	757.94
0.547779561776351	9.377452498038	1081.53	685.051
0.232059814352149	4.08041673566661	1111.141	708.966
0.840509327592538	14.031348774921	1077.331	668.716
5.37770569783544	60.5717515425988	1082.477	688.945
0.146929882456094	2.60657791473767	1088.824	678.141
21.911142471086	97.8214617428306	1101.037	721.259
0.123129901496079	2.1909582472334	1104.698	704.461
47.3872220902223	99.992080006336	1118.255	720.726
1.50659879472096	23.477561217951	1067.431	662.784
2.43588805128956	35.1078919136865	1108.036	709.363
12.3303701357039	88.8495489203609	1136.793	733.142
1.17432906053675	18.9988048009562	1076.308	686.828
0.0478999616800307	0.860219311824551	1103.721	688.616
43.6581150735079	99.963460029232	1121.025	716.935
55.5218655825075	99.999280000576	1168.637	766.873
50.022569981944	99.996580002736	1144.087	749.315
