4.20084663932269	7.84151372678902	613.77	239.906
0.201119839104129	2.3495381203695	318.174	35.915
49.0962807229754	52.7413978068818	4267.331	3001.416
49.0998807200954	52.7307778153777	4156.995	3011.799
64.102548717961	67.7233258213393	5294.56	3641.63
0.200099839920128	2.3374781300175	220.791	37.256
89.086898730481	92.5877859297713	6922.594	4984.549
94.0975847219322	97.7044618364305	7040.445	5729.816
69.0987547209962	72.7257018194385	5640.572	4091.428
98.6692310646151	99.999820000144	7764.916	5849.315
14.100198719841	17.7386258090994	1499.726	837.745
79.0996967202426	82.744313804549	6122.53	5214.05
4.20348663721069	7.84385372491702	560.252	247.17
54.0997367202106	57.7317138146289	4476.858	3295.281
1.30258895792883	4.91795606563515	327.274	87.739
79.0982367214106	82.732613813909	6104.683	4822.839
59.1015927187258	62.7450698039442	4585.299	3698.475
83.7949629640296	86.1281310974951	6383.007	5319.308
0.599389520488384	3.9072568741945	257.406	58.428
1.90071847942522	5.54075556739555	486.166	115.198
54.0866567306746	57.5639539488368	4374.344	3107.662
4.19708664233069	7.82477374018101	665.5	241.977
44.0962247230202	47.7374018100786	3796.921	2639.747
0.299369760504192	2.93669765064188	276.466	43.049
79.0952367238106	82.733873812901	5991.056	4650.066
0.401459678832257	3.37769729784216	242.724	48.158
0.400789679368256	3.36347730921815	231.904	46.254
0.603949516840387	3.91445686843451	328.545	53.013
0.0998499201200639	1.43999884800092	348.398	27.565
44.0945047243962	47.7262418190065	3481.793	2636.743
0.304349756520195	2.95127763897789	245.575	42.13
44.0981247215002	47.7375818099346	3630.546	2610.482
6.30409495672403	9.94805204155837	758.401	352.517
39.097688721849	42.7539257968594	3403.01	2275.352
79.1030667175466	82.758353793317	6081.075	4747.168
1.30115895907283	4.89815608147514	321.891	84.222
0.0980399215680628	1.4002188798249	256.943	26.636
39.097668721865	42.7476258018994	3405.424	2345.933
2.80196775842579	6.45047483962013	593.075	160.791
2.79411776470579	6.43139485488412	467.517	161.476
74.0991507206794	77.7498578001138	5730.976	4491.414
49.1036307170954	52.7300578159537	4274.181	2837.825
84.0536727570618	87.1919302464558	6345.858	4929.864
24.0651007479194	27.2692581845935	2012.371	1427.936
6.29603496317203	9.94031204775036	788.66	343.176
69.0896247283002	72.5943019245585	5550.99	4072.309
0.899099280720575	4.43267645385884	342.989	65.651
0.899059280752575	4.41467646825883	291.791	68.921
34.1018127185498	37.7510097991922	3071.365	2385.279
94.0901247279002	97.6747618601905	7419.171	5496.133
9.40084247932602	13.0399095680723	1020.125	568.686
9.40249247800602	13.0480095615923	1035.282	626.478
19.0974747220202	22.7469418024466	1859.553	1121.734
89.040708767433	92.0828863336909	6860.482	6127.161
2.80141775886579	6.43967484826012	456.559	164.337
6.30364495708403	9.93599205120636	774.877	371.401
9.39818248145401	13.0325295739763	1016.083	579.66
73.6993210405432	75.9280792575366	5898.662	4495.669
94.0934147252682	97.6427218858225	7320.081	5599.536
89.096948722441	92.7526657978674	7201.851	5197.367
64.094908724073	67.7274658180273	5266.193	3837.144
1.89177848657721	5.52563557949154	390.847	120.608
24.0930107255914	27.6791178567057	2100.711	1443.857
14.096468722825	17.7344858124114	1391.702	842.946
39.099198720641	42.7490658007474	3357.649	2391.509
1.90026847978522	5.54975556019555	480.846	112.646
0.300889759288193	2.93831764934588	336.286	40.701
69.0949647240282	72.7527017978386	5689.283	4507.667
64.100318719745	67.7312458150033	5468.737	3726.395
94.0675147459882	97.3441021247183	7205.537	5655.525
69.0142547885962	71.921642462686	5490.08	4364.573
98.6692310646151	99.999820000144	7672.305	5840.614
34.1051927158458	37.7328298137361	2786.96	2081.655
29.1012067190346	32.736933810453	2553.302	1760.924
0.0994799204160637	1.42325886139291	276.781	28.485
54.0962367230106	57.750613799509	4540.566	3087.512
6.30072495942003	9.94463204429436	815.677	368.069
49.1010007191994	52.7476978018418	4089.097	2859.403
4.19519664384269	7.85501371598903	572.083	231.06
0.600039519968384	3.8998768800985	274.656	58.385
44.0967147226282	47.7514417988466	3771.723	2557.421
54.0979767216186	57.7300938159249	4414.138	3185.539
0.89005928795257	4.25033659973072	233.689	61.798
29.0997667201866	32.750613799509	2502.35	1751.981
2.8099777520178	6.44867484106013	574.285	160.589
34.0985227211818	37.7333698133042	3003.442	2122.573
9.39233248613401	13.0345095723923	1133.025	580.053
74.0948107241514	77.7352778117777	5883.26	4444.508
0.599529520376384	3.9000568799545	278.835	53.809
74.0959207232634	77.7334778132177	5937.089	4365.062
0.201249839000129	2.35385811691351	308.771	37.233
59.1031727174618	62.7357098114322	4999.429	3476.664
0.299989760008192	2.94497764401788	237.312	42.558
0.402259678192257	3.37895729683416	304.74	47.807
24.0962007230394	27.7403178077458	2086.42	1483.634
59.0971527222778	62.7367898105682	4747.132	3670.739
19.0979447216442	22.7318218145425	1858.356	1121.288
0.202019838384129	2.38589809128153	227.597	41.714
0.400119679904256	3.36023731181015	303.852	46.475
1.64326868538505	4.02317678145857	283.083	97.151
0.100299919760064	1.42199886240091	250.81	27.73
98.6692310646151	99.999820000144	7795.787	5675.191
19.1013247189402	22.7368618105106	1703.72	1075.333
89.098298721361	92.7242258206193	7188.855	5668.78
24.0988907208874	27.7323978140818	2100.502	1411.165
84.0945127243898	87.7326498138801	6819.519	4927.498
64.096218723025	67.7546457962834	5181.774	3760.581
14.096288722969	17.7434858052114	1378.978	891.177
98.6691110647111	100.0	7385.472	5887.437
59.1013227189418	62.7439898048082	4541.974	3483.954
84.0989727208218	87.7411098071122	6808.911	4944.089
34.0919127264698	37.7468698025042	2909.384	1929.491
29.1010567191546	32.7286538170769	2535.22	1691.924
1.28013897588882	4.62743629805096	318.543	81.146
39.099288720569	42.7226058219153	3419.751	2275.411
29.0941667246666	32.7297338162129	2543.212	1746.568
0.895629283496573	4.40603647517082	353.567	65.836
19.1008747193002	22.7359618112306	1854.469	1112.959
1.29615896307283	4.91129607096314	425.775	89.226
14.101028719177	17.7469058024754	1454.314	861.457
