0.898899280880575	1.25999899200081	108.464	46.252
1.89953848036922	2.26691818646545	190.227	109.298
44.0999247200602	44.4646444282845	3206.874	2635.26
49.0998207201434	49.4646804282557	3683.545	2909.068
0.299359760512192	0.659519472384422	72.453	15.221
94.0994547204362	94.4635644291485	6598.85	5243.797
0.201629838696129	0.559439552448358	58.019	11.195
24.1007607193914	24.4672004262397	1800.152	1426.108
54.0997167202266	54.4614764308189	3893.036	2956.754
0.0997899201680639	0.455219635824291	46.377	6.999
19.0594947524042	19.2851845718523	1375.137	1008.518
9.39900248079802	9.76193219045425	689.414	526.294
74.1013607189114	74.4699004240797	5123.215	4269.287
29.0982667213866	29.4587764329789	2095.511	1813.518
59.1003627197098	59.4647524281981	4260.134	3496.928
34.1000827199338	34.4631324294941	2489.216	2033.533
99.0993307205354	99.4636004291197	6942.862	5587.775
2.80177775857779	3.17177746257803	234.083	152.868
79.0996267202986	79.4636364290909	5792.601	4859.316
84.1008427193258	84.4663724269021	6322.138	4906.708
4.20225663819469	4.56443634845092	348.1	241.645
14.099388720489	14.4602884317693	1101.806	802.211
6.30085495931603	6.67169466264427	531.095	371.412
0.600719519424385	0.965879227296618	78.798	30.022
0.399959680032256	0.763559389152489	74.905	18.784
89.100258719793	89.4667684265853	6363.743	5164.091
39.100108719913	39.4584884332093	3067.824	2338.362
1.29999896000083	1.66391866886506	140.681	70.549
69.1006947194442	69.4684244252605	4819.396	4202.435
64.099898720081	64.4631684294653	4545.363	3781.898
