67.3099461520431	67.3100461519631	1719.496	687.777
5.39500568399545	5.39513568389145	154.399	55.904
12.1380002895998	12.1381102895118	328.175	120.091
0.00600999519200385	0.00611999510400392	1.151	0.393
0.0940099247920602	0.0941399246880602	4.877	1.118
2.39800808159353	2.39831808134553	73.073	25.601
97.3099321520543	97.3100821519343	2454.118	1865.914
0.00200999839200129	0.00215999827200138	0.954	0.381
0.0420099663920269	0.042119966304027	2.977	0.689
0.14098988720809	0.14111988710409	5.358	1.431
0.316009747192202	0.316259746992202	11.334	2.997
0.711009431192455	0.711179431056455	21.39	6.792
0.00400999679200257	0.00413999668800265	1.116	0.428
87.3099401520479	87.3100101519919	2150.359	882.988
0.0190099847920122	0.0192599845920123	1.701	0.527
27.3099881520095	27.3101181519055	690.223	280.762
1.06600914719268	1.06613914708868	34.483	11.03
0.00100999919200065	0.00125999899200081	0.96	0.376
0.210999831200135	0.211139831088135	8.024	2.63
37.3099801520159	37.3100101519919	946.348	375.621
0.0280099775920179	0.0282599773920181	1.943	0.601
3.5970071223943	3.5972971221623	107.689	37.825
8.09200352639718	8.09207352634118	223.577	83.107
1.59900872079302	1.59911872070502	48.368	16.404
47.3099621520303	47.3100821519343	1175.07	474.142
18.2069954344037	18.2071654342677	494.478	181.365
77.3099481520415	77.3101181519055	1916.661	783.442
0.00300999759200193	0.00305999755200196	0.95	0.402
57.3099641520287	57.3101541518767	1513.288	586.303
0.0629999496000403	0.0631799494560404	3.321	0.952
0.474009620792303	0.474119620704303	16.103	4.728
0.00900999279200577	0.00917999265600588	1.403	0.449
0.0130099895920083	0.0131399894880084	1.37	0.521
