4.20174663860269	34.357652513878	6286.385	209.692
68.4858152113478	97.6879018496785	17410.635	2734.647
61.3207309434152	84.9993520005184	15326.967	2441.546
54.0320667743466	89.106588714729	16015.442	2274.02
14.086328730937	50.1371598902721	8718.962	647.451
36.8513705189036	61.4757108194313	10894.42	1470.404
0.369209704632236	6.03035517571586	1478.029	25.88
24.0618107505514	60.0493919604864	10704.052	1016.54
0.056269954984036	0.988919208864633	247.861	5.467
28.7411970070424	60.7684913852069	10550.016	1194.211
76.1729590616328	97.8749217000626	17660.986	2993.037
31.5753147397482	55.6977154418276	9840.865	1261.322
1.29970896023283	17.5026459978832	4110.105	69.935
6.29846496122803	39.6307482954014	7014.579	279.283
0.200889839288129	3.45329723736221	837.771	12.084
18.9953748037002	53.9810568151545	9435.435	809.075
88.6527090778327	99.999460000432	18044.963	3721.283
80.3665357067714	99.2819805744155	17712.227	3294.722
7.43396405282876	30.7333554133157	5245.435	318.075
0.597939521648383	9.367732505814	2280.931	37.298
48.8568609145113	82.2080942335246	14607.581	2045.846
0.26488978808817	4.41953646437083	1096.976	18.887
2.8059577552338	28.4693172245462	5594.991	136.356
72.1420922863262	96.4045028763977	17305.915	2881.42
0.899269280584576	13.1594294724564	3219.124	54.509
44.0181847854522	79.3225165419868	14053.696	1947.65
85.2503017997586	99.988660009072	18059.015	3340.046
91.5539467568426	100.0	18381.143	3660.107
1.89716848226521	22.6279618976305	4914.07	97.231
58.9331128535097	92.7530257975794	16430.09	2501.561
0.599319520544384	9.380692495446	2309.041	40.105
75.03959996832	96.1879630496296	17215.326	3033.139
42.1036763170589	67.216626226699	11750.043	1758.389
0.402029678376257	6.57701473838821	1600.595	28.128
91.5562467550026	100.0	18255.486	3531.448
71.7525525979579	95.4272836581731	17256.097	2886.093
19.0942247246202	55.4269956584035	9706.749	836.345
39.094138724689	75.1047599161921	13361.385	1675.048
28.131067495146	56.4837748129802	9740.567	1126.041
81.4294248564601	99.8855200915839	18081.941	3350.908
65.9008972792822	88.9129088696729	16241.65	2623.553
2.79187776649779	28.3663573069142	5583.232	139.808
54.0241567806746	89.009568792345	16090.668	2239.582
0.705869435304452	9.42191246247003	2211.207	38.816
0.807749353800517	11.6618306705355	2843.518	49.409
14.083088733529	50.06029995176	8779.401	611.755
9.39187248650201	44.5517643585885	7840.077	418.834
1.89151848678521	22.5493019605584	4870.324	97.648
60.2112718309825	82.5002339998128	14866.675	2470.975
6.28664497068402	39.4815284147773	6894.381	292.202
85.1515118787905	99.97930001656	17909.763	3466.521
88.7002790397768	99.999820000144	17973.988	3623.433
0.0986399210880631	1.73411861270511	425.485	6.508
49.0352907717674	84.338932528854	15157.353	2029.785
33.9096128723097	67.5469259624592	11771.292	1493.813
0.268029785576172	4.46201643038686	1083.803	19.816
0.199309840552128	3.42665725867419	847.005	11.241
56.9952144038285	81.8966944826444	14601.149	2327.29
24.0381207695034	59.2631525894779	10451.273	1037.324
4.20529663576269	34.354772516182	6369.204	194.845
29.1051467158826	65.1406878874497	11434.841	1268.118
0.284099772720182	4.75595619523504	1160.037	19.116
54.0023767980986	88.8356889314489	16014.998	2196.135
6.29359496512403	39.7567481946014	7127.36	286.72
18.9995548003562	53.6035971171223	9226.25	785.603
1.18627905097676	15.7116474306821	3669.964	66.24
72.0893523285181	96.2651829878536	17127.23	2985.894
14.066228747017	49.8291801366559	8667.076	596.59
24.0995307203754	60.5388115689507	10533.032	1058.901
63.7514089988728	95.4317836545731	16670.104	2672.412
