60.5084115932707	100.0	1249.06	1142.828
38.4394092484726	99.936280050976	1183.834	1131.474
0.408689673048262	7.10585431531655	110.546	32.675
9.41209247032602	82.2052142358286	976.478	576.774
1.90288847768922	29.1324366940506	437.483	191.566
44.6123843100926	99.988840008928	1228.965	1104.281
32.5356139715088	99.8365601307519	1211.621	1099.071
41.7032266374187	99.978760016992	1271.334	1151.304
55.5344855724115	99.999640000288	1231.757	1138.79
16.2230770215384	95.2112838309729	1041.713	1008.514
21.7843125725499	97.6839418528465	1135.415	1088.14
6.33438493249205	68.6137851089719	838.746	484.824
52.9127976697619	99.998380001296	1260.34	1116.371
29.3872764901788	99.6832002534398	1171.226	1072.67
11.7506905994475	86.6800106559915	983.44	608.072
1.11553910756871	18.1141055087156	296.535	118.145
0.658469473224421	11.0959111232711	169.924	52.664
2.22276822178542	32.3819740944207	469.045	221.617
0.0977499218000626	1.74581860334512	28.999	7.788
0.238779808976153	4.20461663630669	66.419	18.756
50.2430498055602	99.997840001728	1240.959	1136.515
0.0572699541840367	1.02437918049666	17.19	4.448
19.5986943210445	97.6074419140465	1102.936	1051.508
35.3395517283586	99.8786800970559	1198.561	1116.254
47.4262120590304	99.992440006048	1200.636	1150.735
25.6057795153764	99.0622007502394	1173.619	1054.629
0.191669846664123	3.39425728459417	55.264	15.499
58.0670935463252	100.0	1255.568	1162.636
0.581129535096372	9.93617205106236	151.695	46.163
4.29137656689875	54.2688765848987	700.125	379.31
