81.0190551847559	99.6839202528638	6741.596	3205.234
49.0638807488954	84.6757122594302	5366.677	2070.421
0.384559692352246	6.26705498635601	549.513	22.682
0.262259790192168	4.35995651203479	379.171	14.469
53.9175768659385	87.6818898544881	5532.589	2248.093
18.9563448349241	53.3373773300981	3357.378	805.328
88.6429790856167	99.999460000432	7042.585	3556.638
72.3802220958223	97.0085823931341	6858.771	2992.06
77.4549580360336	99.6859002512798	6993.219	3059.959
33.5038231969414	63.8724089020729	4305.753	1359.215
67.3775660979471	92.8347457322034	6613.244	2705.484
63.6263090989527	94.5011843990525	5976.294	2633.252
0.384479692416246	5.94989524008381	524.688	21.66
91.5568967544826	100.0	7287.707	3550.15
23.383551293159	53.0032975973619	3133.711	1005.68
29.0389367688506	64.6987882409694	4110.66	1197.184
1.89874848100122	22.6304818956145	1749.215	94.689
84.9786020171184	99.962380030096	6791.985	3408.283
43.2714953828037	72.2726421818863	4547.745	1764.879
4.12836669730664	33.2220334223733	2144.885	193.769
1.28985896811283	17.3419061264751	1458.213	70.58
9.41485246811803	44.7326642138686	2667.421	407.623
14.087638729889	50.2314798148161	2977.725	603.589
5.39789568168345	30.4611956310435	1798.395	221.197
0.638459489232409	9.16829266536587	801.014	36.227
57.4352540517968	83.4310132551894	5777.968	2437.271
2.46908802472958	23.8201009439192	1604.305	112.868
0.195319843744125	3.34673732261014	291.44	10.943
0.0982699213840629	1.73051861558511	151.648	5.707
39.063678749057	75.0844199324641	4825.641	1581.129
0.0998199201440639	1.75355859715312	155.33	5.662
0.577089538328369	8.97479282016574	797.06	32.632
4.19855664115469	34.2932125654299	2209.969	195.988
1.04883916092867	13.6965490427608	1134.837	55.504
43.69377504498	75.4060796751363	4828.219	1782.899
0.12558989952808	2.14685828251337	186.997	6.734
1.89825848139321	22.6645018683985	1744.631	98.561
85.2783317773346	99.991180007056	6837.848	3439.89
61.6602706717835	85.894311284551	6090.686	2498.519
88.5114891908086	99.998740001008	6760.11	3556.781
53.8485169211865	86.8927704857836	5453.202	2235.92
36.4423308461353	60.3357717313826	3805.145	1479.121
2.78384777292178	28.167457466034	1975.664	130.342
29.1136867090506	65.5320075743939	4074.613	1208.435
48.2828513737189	77.3608781112975	4773.92	1981.64
23.8541409166873	57.0009143992685	3399.214	1001.387
0.876479298816561	12.8046497562802	1111.472	48.652
6.28874496900402	39.4977284018173	2442.2	274.721
10.8388713289029	33.0972935221652	2253.594	433.872
72.1165223067822	96.3352029318377	6624.854	2981.454
18.697265042188	50.4712396230083	2968.538	783.672
67.143376285299	92.1005263195789	6349.873	2785.384
91.5539467568426	100.0	7390.249	3538.776
77.3209681432255	99.4976204019037	6805.81	3035.159
56.6763846588923	81.0038951968838	5629.838	2335.077
81.3484649212281	99.8430401255679	6789.058	3326.649
0.401989678408257	6.60473471621223	584.119	23.201
31.3664649068281	55.1204559036353	3469.348	1230.987
9.41360246911803	44.7225842219326	2681.36	407.968
0.266879786496171	4.45823643341085	393.976	16.641
58.6511130791095	89.9569080344736	5929.105	2348.201
2.79049776760179	28.3532173174261	1992.274	130.039
5.24765580187536	29.5412163670269	1822.996	217.306
18.6107651113879	49.7186602250718	2975.246	756.966
38.1225295019764	66.3891668886665	4087.399	1637.288
28.2885073691941	57.4008740793007	3925.578	1146.443
68.2537653969877	96.4329428536457	6153.776	2785.807
9.32416254066997	43.4478252417398	2591.59	407.272
0.148129881496095	2.52665797867362	226.56	7.956
0.596299522960382	9.33749253000598	817.621	31.969
63.7924189660648	95.8886232891014	6250.28	2643.379
24.1082707133834	60.3420717263426	3796.406	1004.299
1.89221848622521	22.5710819431344	1758.187	94.941
53.7400270079784	85.7296114163109	5709.082	2251.092
88.5617691505847	99.999280000576	7024.764	3452.584
0.300209759832192	5.02523597981122	437.039	18.698
0.400369679704256	6.57161474270821	572.826	25.299
0.867029306376555	12.6001699198641	1094.281	47.435
