2.80000775999379	2.80007775993779	136.354	86.949
79.0999467200426	79.1002167198266	3868.644	2479.026
94.0999347200522	94.1001447198842	4141.738	3739.93
14.099998720001	14.100108719913	659.179	440.034
89.099938720049	89.100108719913	3882.257	2766.567
99.0999307200554	99.1000007199994	4424.687	4014.143
0.400009679992256	0.400319679744256	22.148	12.236
69.0999547200362	69.1001447198842	3189.733	2103.594
0.200009839992128	0.200159839872128	12.589	6.532
29.0999867200106	29.1002167198266	1340.065	944.083
1.30000895999283	1.30013895988883	68.605	41.588
49.0999707200234	49.1001807198554	2288.769	1478.908
54.0999667200266	54.1000367199706	2581.346	1795.399
34.0999827200138	34.1000727199418	1513.986	1031.132
1.90000847999322	1.90007847993722	97.498	59.12
59.0999627200298	59.1000727199418	2774.926	1799.915
74.0999507200394	74.1001807198554	3477.531	2341.518
0.100009919992064	0.100079919936064	7.545	3.493
24.0999907200074	24.1001807198554	1077.168	748.839
64.099958720033	64.100108719913	2795.505	1931.158
4.20000663999469	4.20011663990669	209.559	132.303
6.30000495999603	6.30017495986003	295.806	197.035
19.0999947200042	19.1001447198842	924.141	580.496
0.300009759992192	0.300059759952192	17.207	9.485
0.600009519992384	0.600299519760384	33.104	20.111
39.099978720017	39.100288719769	1768.121	1234.95
84.0999427200458	84.1002527197978	4014.338	2554.049
9.40000247999802	9.40013247989402	445.524	278.043
0.900009279992576	0.900179279856576	45.97	26.603
44.0999747200202	44.1001447198842	1974.652	1330.019
