0.711009431192455	0.711179431056455	19.037	5.402
47.3099721520223	47.3102621517903	1013.145	411.334
0.0130099895920083	0.0131399894880084	1.449	0.518
3.5969971224023	3.5971171223063	88.958	28.63
0.0280099775920179	0.028079977536018	1.951	0.51
0.00200999839200129	0.00215999827200138	1.002	0.384
27.3099881520095	27.3102981517615	601.027	230.273
0.0939999248000602	0.0941399246880602	4.612	1.313
0.00300999759200193	0.00323999740800207	1.022	0.368
0.00600999519200385	0.00611999510400392	1.294	0.43
12.1380002895998	12.1381102895118	270.241	99.254
0.316009747192202	0.316079747136202	9.508	2.47
8.09200352639718	8.09225352619718	189.475	69.015
1.06600914719268	1.06631914694468	28.742	8.564
0.0189999848000122	0.0190799847360122	1.723	0.501
67.3099561520351	67.3102261518191	1407.539	575.084
1.59900872079302	1.59911872070502	43.198	12.736
5.39500568399545	5.39513568389145	131.973	45.77
37.3099701520239	37.3101901518479	807.471	316.173
0.0420099663920269	0.0422999661600271	2.705	0.89
0.00400999679200257	0.00413999668800265	1.105	0.409
0.00100999919200065	0.00125999899200081	0.798	0.555
87.3099401520479	87.3100101519919	1816.918	740.915
0.14099988720009	0.14129988696009	5.677	1.228
0.00899999280000576	0.00917999265600588	1.291	0.416
0.474009620792303	0.474119620704303	13.442	3.738
2.39800808159353	2.39813808148954	60.784	19.138
0.0630099495920403	0.0631799494560404	3.09	0.724
0.211009831192135	0.211139831088135	7.037	1.636
77.3099481520415	77.3101181519055	1674.156	667.493
97.3099321520543	97.3100821519343	2067.195	1553.194
18.2069954344037	18.2071654342677	424.824	153.214
57.3099641520287	57.3101541518767	1247.766	490.111
