0.00099999920000064	0.00125999899200081	959.046	587.482
0.00100999919200065	0.00107999913600069	726.694	395.406
0.00100999919200065	0.00125999899200081	707.101	388.424
0.00100999919200065	0.00125999899200081	1049.159	675.8
0.00199999840000128	0.00215999827200138	691.063	377.469
0.00199999840000128	0.0023399981280015	1003.046	591.148
0.00200999839200129	0.00215999827200138	668.174	416.041
0.00200999839200129	0.00215999827200138	1129.427	707.261
0.00299999760000192	0.00305999755200196	971.05	586.656
0.00299999760000192	0.00323999740800207	678.214	383.218
0.00299999760000192	0.00323999740800207	708.598	433.044
0.00300999759200193	0.00323999740800207	1132.055	711.756
0.00400999679200257	0.00413999668800265	990.897	577.698
0.00400999679200257	0.00413999668800265	690.947	389.48
0.00400999679200257	0.00413999668800265	708.051	389.202
0.00400999679200257	0.00431999654400277	1139.561	707.136
0.00599999520000384	0.00629999496000403	679.147	368.025
0.00600999519200385	0.00611999510400392	1103.613	699.779
0.00600999519200385	0.00611999510400392	1012.548	582.914
0.00600999519200385	0.00611999510400392	684.204	410.168
0.00899999280000576	0.00917999265600588	1083.777	668.856
0.00900999279200577	0.00917999265600588	652.256	378.832
0.00900999279200577	0.00917999265600588	1020.446	593.739
0.00900999279200577	0.00917999265600588	691.199	359.776
0.0129899896080083	0.0131399894880084	717.793	436.43
0.0129999896000083	0.0131399894880084	1078.092	670.572
0.0130099895920083	0.0131399894880084	673.959	422.824
0.0130099895920083	0.0133199893440085	968.823	563.619
0.0189999848000122	0.0190799847360122	1089.281	691.483
0.0189999848000122	0.0192599845920123	981.804	564.801
0.0190099847920122	0.0190799847360122	690.364	380.971
0.0190099847920122	0.0192599845920123	700.566	377.57
0.0279999776000179	0.0282599773920181	1063.02	676.31
0.0279999776000179	0.0282599773920181	1023.1	590.709
0.0280099775920179	0.028079977536018	689.222	389.535
0.0280099775920179	0.0282599773920181	681.412	361.449
0.0420099663920269	0.042119966304027	1056.701	660.156
0.0420099663920269	0.042119966304027	990.802	604.339
0.0420099663920269	0.042119966304027	702.489	379.832
0.0420099663920269	0.042119966304027	668.391	368.278
0.0629999496000403	0.0631799494560404	993.722	620.505
0.0629999496000403	0.0631799494560404	1069.326	661.595
0.0630099495920403	0.0631799494560404	678.582	430.306
0.0630099495920403	0.0631799494560404	706.188	394.501
0.0940099247920602	0.0941399246880602	985.679	600.598
0.0940099247920602	0.0941399246880602	716.553	372.969
0.0940099247920602	0.0941399246880602	674.102	349.564
0.0940099247920602	0.0943199245440604	1076.163	679.399
0.14100988719209	0.14111988710409	687.185	367.551
0.14100988719209	0.14111988710409	1108.511	696.904
0.14100988719209	0.14129988696009	681.868	367.144
0.14100988719209	0.14129988696009	979.984	586.896
0.210999831200135	0.211139831088135	1099.001	671.8
0.211009831192135	0.211139831088135	685.975	387.024
0.211009831192135	0.211139831088135	702.688	379.051
0.211009831192135	0.211319830944135	999.454	583.319
0.315999747200202	0.316259746992202	695.658	387.872
0.316009747192202	0.316079747136202	963.916	565.557
0.316009747192202	0.316079747136202	664.144	385.198
0.316009747192202	0.316259746992202	1093.668	700.576
0.474009620792303	0.474119620704303	983.527	586.431
0.474009620792303	0.474119620704303	711.924	381.704
0.474009620792303	0.474119620704303	712.455	379.084
0.474009620792303	0.474119620704303	1111.096	712.73
0.711009431192455	0.711179431056455	689.468	439.324
0.711009431192455	0.711179431056455	989.294	599.926
0.711009431192455	0.711179431056455	1123.297	699.458
0.711009431192455	0.711179431056455	685.594	379.603
1.06600914719268	1.06613914708868	692.265	377.143
1.06600914719268	1.06613914708868	979.243	587.22
1.06600914719268	1.06613914708868	693.049	401.301
1.06600914719268	1.06631914694468	1102.035	685.758
1.59899872080102	1.59911872070502	1088.126	699.874
1.59899872080102	1.59929872056102	689.519	352.855
1.59900872079302	1.59929872056102	716.628	381.003
1.59900872079302	1.59929872056102	998.667	587.146
2.39799808160153	2.39813808148954	986.519	594.61
2.39800808159353	2.39813808148954	686.317	394.693
2.39800808159353	2.39813808148954	1062.078	675.089
2.39800808159353	2.39813808148954	683.01	426.233
3.5969971224023	3.5971171223063	683.755	411.032
3.5970071223943	3.5971171223063	675.162	391.063
3.5970071223943	3.5971171223063	1044.189	681.645
3.5970071223943	3.5972971221623	985.456	574.443
5.39500568399545	5.39513568389145	670.196	380.669
5.39500568399545	5.39513568389145	1022.134	601.7
5.39500568399545	5.39513568389145	1111.896	703.558
5.39500568399545	5.39513568389145	693.691	402.991
8.09199352640518	8.09207352634118	686.596	372.636
8.09200352639718	8.09207352634118	977.861	573.756
8.09200352639718	8.09207352634118	702.405	390.933
8.09200352639718	8.09225352619718	1113.987	701.769
12.1380002895998	12.1381102895118	1006.031	599.247
12.1380002895998	12.1381102895118	680.792	386.129
12.1380002895998	12.1382902893678	1109.121	708.202
12.1380002895998	12.1382902893678	695.529	395.108
18.2069854344117	18.2071654342677	1099.811	677.113
18.2069954344037	18.2071654342677	679.526	434.447
18.2069954344037	18.2071654342677	1027.098	615.951
18.2069954344037	18.2071654342677	734.783	443.894
27.3099881520095	27.3101181519055	697.311	424.919
27.3099881520095	27.3101181519055	1090.996	682.645
27.3099881520095	27.3101181519055	710.468	423.521
27.3099881520095	27.3101181519055	970.495	590.401
37.3099801520159	37.3100101519919	702.359	420.285
37.3099801520159	37.3100101519919	1089.793	680.492
37.3099801520159	37.3101901518479	685.433	420.975
37.3099801520159	37.3101901518479	1017.332	613.045
47.3099721520223	47.3100821519343	712.596	463.003
47.3099721520223	47.3100821519343	1019.115	608.399
47.3099721520223	47.3100821519343	1089.912	699.434
47.3099721520223	47.3100821519343	682.634	434.586
57.3099541520367	57.3101541518767	1143.443	740.49
57.3099641520287	57.3101541518767	701.565	442.03
57.3099641520287	57.3101541518767	694.945	501.699
57.3099641520287	57.3101541518767	1040.107	634.882
67.3099561520351	67.3100461519631	703.175	435.954
67.3099561520351	67.3102261518191	706.976	454.245
67.3099561520351	67.3102261518191	1155.163	741.16
67.3099561520351	67.3102261518191	1021.461	613.226
77.3099481520415	77.3101181519055	689.97	444.394
77.3099481520415	77.3101181519055	1097.162	709.8
77.3099481520415	77.3101181519055	1045.649	641.177
77.3099481520415	77.3101181519055	698.443	456.524
