1.66298866960906	25.7043394365284	3032.019	164.663
0.176849858520113	3.131997494402	420.459	11.437
0.260779791376167	4.58909632872294	143.029	20.133
31.3579649136281	99.5798803360957	973.575	987.627
21.88201249439	97.8027417578066	1907.297	1559.887
60.5089415928467	100.0	1068.429	979.245
1.4051288758969	21.9936424050861	621.306	138.183
60.5084115932707	100.0	1249.06	1142.828
38.4394092484726	99.936280050976	1183.834	1131.474
60.5079115936707	100.0	1067.777	990.859
0.133889892888086	2.37905809675352	87.199	10.175
0.580629535496372	9.91745206603835	1321.845	41.111
19.1632846693723	96.9787024170381	1000.615	927.083
41.2462470030024	99.960040031968	2077.313	1543.417
0.408689673048262	7.10585431531655	110.546	32.675
47.4728420217264	99.993880004896	2081.093	1546.69
50.2258998192801	99.996220003024	2069.575	1534.787
55.5020455983635	99.999280000576	2093.964	1542.313
0.21891982486414	3.86207691033847	139.952	14.205
0.566069547144362	9.69857224114221	354.295	41.537
55.3867756905794	99.998380001296	1050.127	994.239
0.663939468848425	11.1754710596232	314.418	51.234
5.67505545995563	63.0687095450324	2886.805	428.487
0.845469323624541	14.123508701193	1833.665	81.062
2.78084777532178	39.5391283686973	1220.448	261.187
1.2576989938408	20.291743766605	723.244	124.022
2.63399789280169	37.6224899020081	3961.961	259.268
1.90288847768922	29.1324366940506	437.483	191.566
44.6123843100926	99.988840008928	1228.965	1104.281
32.5582339534128	99.8516801186559	2068.909	1521.836
32.5356139715088	99.8365601307519	1211.621	1099.071
0.167939865648107	2.97827761737791	109.556	11.167
0.367709705832235	6.3997148802281	191.234	26.944
55.3459257232594	99.999460000432	1062.007	995.114
38.6224491020407	99.951040039168	2001.977	1587.991
1.85943851244919	28.5216971826423	977.679	183.646
41.7032266374187	99.978760016992	1271.334	1151.304
0.728649417080466	12.2189302248558	444.269	71.013
22.9310216551827	98.7898609681112	971.517	915.023
55.5344855724115	99.999640000288	1231.757	1138.79
0.961739230608616	15.7296474162821	1992.383	88.74
12.50769999384	89.5529883576093	1064.223	631.509
16.2230770215384	95.2112838309729	1041.713	1008.514
28.0180875855299	99.1768606585115	1967.139	1593.041
50.1763998588801	99.996040003168	1054.223	994.426
28.2744373804501	99.2868405705275	957.946	938.824
44.0280447775642	99.976960018432	1035.453	981.813
21.7843125725499	97.6839418528465	1135.415	1088.14
0.26571978742417	4.67153626277099	625.238	19.549
15.7774873780101	94.1924846460123	979.817	832.904
0.0677499458000434	1.21355902915278	38.831	4.552
44.1999546400363	99.980380015696	2043.285	1630.722
5.97855521715583	65.646307482954	1552.556	459.699
0.112069910344072	1.99673840260928	270.546	7.06
3.34483732413014	44.0232847813722	4001.848	295.554
35.6121115103108	99.911980070416	2096.038	1543.246
16.7156866274507	92.6012859189713	1158.605	661.239
52.9127976697619	99.998380001296	1260.34	1116.371
58.0477235618212	100.0	1057.465	1000.335
0.150189879848096	2.6621978702417	82.958	10.877
29.3872764901788	99.6832002534398	1171.226	1072.67
0.300739759408192	5.25275579779536	192.833	22.899
11.7506905994475	86.6800106559915	983.44	608.072
0.0658499473200421	1.17827905737675	159.573	5.055
11.9777504177997	87.530869975304	1795.191	640.087
0.127979897616082	2.27645817883346	71.74	8.835
35.1685118651905	99.8572601141919	1049.484	963.76
1.11553910756871	18.1141055087156	296.535	118.145
29.2997765601788	99.6583602733118	976.48	937.305
38.5989191208647	99.956080035136	1017.569	975.177
0.658469473224421	11.0959111232711	169.924	52.664
0.0669399464480428	1.19915904067277	44.75	4.418
15.606027515178	93.772364982108	1872.488	1479.299
26.1809190552648	99.3773804980956	1976.794	1602.303
5.09687592249926	58.1017935185652	1279.661	374.582
2.22276822178542	32.3819740944207	469.045	221.617
50.2277498178001	99.99730000216	1053.314	1016.818
0.0977499218000626	1.74581860334512	28.999	7.788
52.9216676626659	99.998740001008	2097.583	1557.316
0.238779808976153	4.20461663630669	66.419	18.756
50.2430498055602	99.997840001728	1240.959	1136.515
4.24334660532272	53.8327369338105	1366.968	386.543
52.8856676914658	99.998920000864	1026.556	999.593
0.0572699541840367	1.02437918049666	17.19	4.448
19.5986943210445	97.6074419140465	1102.936	1051.508
35.3395517283586	99.8786800970559	1198.561	1116.254
47.4262120590304	99.992440006048	1200.636	1150.735
52.8023877580898	99.998920000864	1029.276	977.236
25.6057795153764	99.0622007502394	1173.619	1054.629
0.404659676272259	7.0379943696045	942.809	26.661
0.191669846664123	3.39425728459417	55.264	15.499
16.1801070559144	95.1306438954849	980.231	899.724
2.53095797523362	36.3243309405352	955.89	261.847
4.29016656786675	54.2569965944027	1399.018	383.958
24.3922004862396	98.2662413870069	995.096	916.071
44.1897746481803	99.98020001584	1054.421	973.576
58.0670935463252	100.0	1255.568	1162.636
25.5245295803763	99.0071207943034	985.819	891.039
35.6091915126468	99.9206200635039	1003.699	950.848
0.493719605024316	8.46611322710942	245.098	37.746
40.5207175834259	99.927460058032	995.231	983.369
22.4009020792783	98.3107013514389	975.086	925.93
18.0592055526356	95.1941838446529	1927.441	1540.149
11.5698507441194	85.969371224503	1074.837	601.358
30.8235153411877	99.4263404589276	974.915	939.278
58.0610235511812	100.0	1104.423	1029.612
0.581129535096372	9.93617205106236	151.695	46.163
4.29137656689875	54.2688765848987	700.125	379.31
41.5951967238426	99.974080020736	997.988	964.131
1.27743897804882	20.6159235072612	571.205	136.059
47.4518020385584	99.994420004464	1072.051	977.586
58.0544335564532	100.0	2109.601	1551.596
38.4981892014486	99.941140047088	1020.244	981.92
47.3533521173183	99.993520005184	1066.383	968.065
60.5089415928467	100.0	2031.56	1635.892
