0.00323999740800207	0.0575999539200369	24.57	1.275
0.00375999699200241	0.0674999460000432	40.092	1.636
1.60213871828903	5.21387582889934	317.518	100.498
47.3169421464463	50.9590392327686	3669.837	2825.194
3.5978571217143	7.23743421005263	463.032	210.416
0.711459430832455	4.11173671061063	239.551	58.953
7.74030380775695	10.0211319830944	778.562	471.287
0.472479622016302	3.60809711352231	228.915	52.022
0.316379746896202	3.01877758497793	199.14	42.813
47.3125421499663	50.9656992274406	3586.874	2748.713
97.2267822185742	99.9010000791999	7696.449	6557.471
0.0620799503360397	0.966959226432619	199.093	22.609
37.3067301546159	40.9427672457862	3027.197	2192.976
0.018699985040012	0.322739741808207	160.34	7.469
1.06452914837668	4.62581629934696	272.164	74.753
0.0413299669360265	0.67193946244843	188.156	17.664
1.59778872176902	5.21873582501134	310.807	95.312
0.0021799982560014	0.0388799688960249	18.72	0.924
0.957569233944613	3.65885707291434	208.416	59.334
0.0280299775760179	0.473039621568303	167.535	12.39
12.1391702886638	15.7706873834501	1161.423	689.76
96.9962824029741	99.2740605807515	7079.492	6020.229
0.0179999856000115	0.309779752176198	155.11	7.718
5.39834568132346	9.02087278330177	649.596	322.577
0.0134699892240086	0.23507981193615	135.434	6.363
97.1663422669262	99.7051602358718	7896.874	6551.485
0.0923099261520591	1.35017891985686	206.183	28.653
2.39760808191353	6.04061516750787	384.181	147.744
0.0950199239840608	1.37753889796888	200.725	29.564
0.315329747736202	3.02507757993794	202.063	42.764
0.0057799953760037	0.102239918208065	64.923	2.104
0.0130199895840083	0.227879817696146	136.671	6.187
0.143659885072092	1.89107848713721	220.499	34.275
8.09403352477318	11.7584905932075	860.924	474.068
0.213549829160137	2.45177803857757	193.199	36.678
0.00912999269600584	0.159479872416102	101.71	3.54
47.3152021478383	50.9548992360806	3880.144	2774.073
67.3042161566271	70.8564033148774	5381.752	4110.831
0.0628799496960402	0.976859218512625	205.282	23.701
2.39895808083354	6.05087515929987	389.82	133.528
0.0426099659120273	0.691019447184442	189.389	17.595
0.00907999273600581	0.159839872128102	104.378	4.426
37.3052301558159	40.9494272404582	3022.396	2243.332
1.06609914712068	4.62005630395496	263.495	75.702
0.00214999828000138	0.0386999690400248	11.263	0.597
0.00285999771200183	0.0512999589600328	15.839	0.973
57.3072441542047	60.938411249271	4517.139	3269.104
0.00654999476000419	0.116819906544075	70.147	2.364
0.210969831224135	2.42045806363355	214.128	38.102
0.00322999741600207	0.0572399542080366	20.217	1.053
18.2058154353477	21.859902512078	1632.519	1015.251
5.39814568148345	9.03941276846979	646.001	317.417
0.475619619504304	3.5918971264823	207.007	48.113
0.0190899847280122	0.329039736768211	165.17	7.863
0.705819435344452	4.11335670931463	227.088	60.977
0.0029699976240019	0.0529199576640339	29.991	1.05
0.0123999900800079	0.217079826336139	133.931	5.984
0.000579999536000371	0.0104399916480067	3.839	0.425
0.028169977464018	0.479159616672307	180.605	10.907
0.00197999841600127	0.0354599716320227	10.916	0.795
27.3088581529135	30.9302752557798	2276.496	1645.212
87.2892101686319	90.567467546026	6598.396	6244.63
57.3128941496847	60.965951227239	4528.606	3485.247
1.60264871788103	5.22287582169934	312.742	97.007
87.3137901489679	90.9456472434822	6585.659	6071.361
18.2064954348037	21.838842528926	1681.433	1090.907
0.042259966192027	0.689219448624441	198.58	16.42
67.3066161547071	70.9368632505094	5360.6	3834.714
0.0409999672000262	0.668879464896428	197.68	17.805
5.39884568092346	9.03437277250178	640.725	322.837
0.313309749352201	3.00653759476992	213.858	44.42
0.208769832984134	2.38067809545752	192.772	36.082
66.9568664345068	69.2351446118843	5405.903	3828.031
0.00369999704000237	0.0653399477280418	39.799	1.788
77.3169281464575	80.9542152366278	6149.59	4843.609
0.0192599845920123	0.330119735904211	163.58	8.769
37.3045901563279	40.9533872372902	3101.401	2189.344
18.2136654290677	21.855402515678	1578.02	1072.163
1.06431914854468	4.63913628869097	276.822	74.85
8.08634353092518	11.7302306158155	850.652	486.429
37.3114001508799	40.9591472326822	3052.662	2257.317
0.0622899501680399	0.974159220672624	206.51	23.281
12.1380302895758	15.7867073706341	1163.08	703.228
12.1455502835598	15.7679873856101	1150.871	737.836
2.39987808009754	6.03449517240386	389.163	142.862
87.1688702649038	89.8309081352735	6800.741	5962.293
0.0928199257440594	1.35827891337687	225.855	27.218
97.2092422326062	99.8322401342079	7261.436	6878.323
77.3052981557615	80.9590752327398	5999.83	4663.294
57.3067741545807	60.938951248839	4475.247	3361.055
18.2093854324917	21.862242510206	1641.7	1087.767
0.0138199889440088	0.240839807328154	140.159	6.393
0.000979999216000627	0.0176399858880113	5.776	0.58
0.00381999694400244	0.0674999460000432	42.106	1.774
0.282639773888181	2.59667792265766	150.956	35.124
0.00198999840800127	0.0358199713440229	10.735	0.573
0.0631199495040404	0.982079214336628	196.448	21.886
0.474859620112304	3.60395711683431	228.414	48.889
0.00572999541600367	0.100979919216065	64.602	2.604
12.1349702920238	15.7642073886341	1197.747	708.322
3.5938071249543	7.23455421235663	490.762	200.434
0.0038999968800025	0.0700199439840448	40.573	1.697
27.3114781508175	30.9371152503078	2285.163	1700.955
1.59471872422502	5.21819582544334	327.806	103.843
0.708389433288453	4.12883669693064	238.048	61.503
0.708899432880454	4.11317670945863	238.908	60.005
0.00918999264800588	0.161819870544104	107.152	4.25
5.39313568549145	9.02843277725378	634.639	342.863
0.00619999504000397	0.110519911584071	66.885	2.137
57.3119041504767	60.956771234583	4523.575	3312.035
3.25753739397008	5.52689557848354	399.019	181.237
0.000839999328000538	0.0151199879040097	4.9	0.538
27.1192383046094	29.656776274579	2179.434	1609.889
0.212059830352136	2.42801805758555	205.571	36.553
77.3082681533855	80.9635752291398	5834.281	4732.435
2.40179807856154	6.05357515713987	395.11	144.805
0.00915999267200586	0.160739871408103	106.583	3.859
87.3186301450959	90.9652672277862	6854.266	5897.427
77.3058781552975	80.9659152272678	6381.884	4627.959
8.09535352371718	11.7350906119275	861.267	474.084
47.3154721476223	50.9651592278726	3736.89	2891.601
0.0280399775680179	0.476279618976305	184.809	12.315
27.3056081555135	30.9353152517478	2307.187	1645.609
0.0278799776960178	0.4679996256003	167.463	10.586
0.14043988764809	1.84949852040118	195.961	34.47
0.14097988721609	1.85705851435319	212.787	36.168
0.00103999916800067	0.018719985024012	6.13	0.56
0.142259886192091	1.85687851449719	210.752	35.584
0.0940099247920602	1.36619890704087	205.586	27.76
0.473699621040303	3.5935171251863	221.672	51.677
67.3179861456111	70.9552232358214	5244.138	3962.395
3.5923771260983	7.23761420990863	484.106	206.859
