0.000739999408000474	0.0133199893440085	4.842	0.649
0.00153999876800099	0.0277199778240177	9.022	0.9
0.00193999844800124	0.0349199720640224	10.876	0.89
0.00195999843200125	0.0352799717760226	11.212	0.687
0.00502999597600322	0.0905399275680579	27.177	1.332
0.00525999579200337	0.0946799242560606	28.14	1.39
0.00743999404800476	0.133919892864086	40.336	2.364
0.0161399870880103	0.289799768160185	235.802	7.929
0.0205199835840131	0.368459705232236	291.773	11.007
0.0216799826560139	0.389519688384249	310.813	11.796
0.0394799684160253	0.706139435088452	549.291	20.088
0.0678199457440434	1.21157903073678	935.994	33.136
0.111529910776071	1.97387842089726	1428.789	55.287
0.115429907656074	2.0381383694893	1356.785	53.835
0.279889776088179	4.88429609256313	2750.491	134.494
0.416849666520267	7.13969428824457	2939.858	196.339
0.559789552168358	9.34991252006998	2741.892	252.665
0.617959505632396	10.0288719769024	2403.515	247.946
1.00399919680064	15.4020476783619	2445.381	353.324
2.0363383709293	28.8276969378425	3169.645	549.906
3.00962759229793	38.1182095054324	2390.661	613.145
3.35337731729815	36.8974504820396	2177.653	515.188
7.15034427972458	63.5188891848886	2645	802.032
7.78364377308498	54.2796765762587	2797.685	734.263
16.8942964845628	86.8664905068076	3161.737	1194.538
25.6343194925444	95.0379439696448	3495.972	1687.409
33.8983428813257	95.7266234187013	4253.066	2032.582
41.7460666031467	96.909402472478	4824.62	2613.001
47.9067416746067	96.9972424022061	5454.807	2963.236
58.8385229291817	99.8596001123199	5659.382	3414.416
66.3240769407385	99.985960011232	6082.164	3788.012
73.0021415982867	99.99910000072	6229.454	4450.954
78.6532270774183	100.0	6914.745	4680.64
