99.0987307210154	99.4607204314237	5234.599	3169.592
94.1007447194042	94.4633844292925	4848.191	3185.802
94.1011847190522	94.4662644269885	4960.364	3077.987
89.100148719881	89.4642484286013	4555.389	1882.635
99.0980307215754	99.4502804397757	5080.82	3347.016
94.1006547194762	94.4597844321725	4994.554	3024.668
94.1011847190522	94.4662644269885	4950.5	3069.814
89.090098727921	89.3827084938332	4760.001	1824.844
89.100358719713	89.4611884310493	4688.446	1837.298
99.0987307210154	99.4607204314237	5114.854	3312.674
89.101258718993	89.4644284284573	4661.068	1838.408
99.0615707507434	99.2870205703835	5045.782	3279.842
94.0996947202442	94.4637444290044	4972.162	3068.83
94.1006247195002	94.4630244295805	5013.457	3020.141
94.1000947199242	94.4653644277085	4849.843	3180.615
89.098548721161	89.4687484250013	4672.237	1821.228
99.0997007202394	99.4639604288317	5089.633	3252.261
99.0615707507434	99.2870205703835	5180.658	3242.472
89.101498718801	89.4651484278813	4769.922	1831.256
89.100518719585	89.4683884252893	4678.602	1835.12
99.0994707204234	99.4657604273917	5201.411	3223.233
99.0615707507434	99.2870205703835	5062.897	3333.247
89.098288721369	89.4606484314813	4594.149	1898.984
94.0975047219962	94.4450244439804	4819.186	3194.627
99.0997007202394	99.4639604288317	5064.215	3345.216
89.098428721257	89.4669484264413	4600.904	1892.722
94.0993347205322	94.4578044337565	4883.833	3119.723
