91.5717867425706	100.0	2102.821	1569.667
0.0996999202400638	1.75247859801712	652.707	7.002
0.107109914312069	1.84067852745718	653.285	7.319
13.7531789974568	45.5637235490212	1758.098	339.959
19.0449647640282	54.5559763552189	2671.295	422.574
0.892949285640572	13.0843695325044	3588.226	79.053
58.6648430681255	89.8768080985535	2676.02	733.854
65.4975376019699	88.0415295667763	2666.545	737.194
0.600039519968384	9.39293248565401	2844.313	41.784
41.3936668850665	65.1781278574977	2002.975	545.986
62.8929096856723	90.1450078839937	2703.288	772.336
0.401459678832257	6.57539473968421	2144.118	30.032
77.4239180608655	99.6230803015358	2010.301	1624.167
81.5534247572602	99.921160063072	2009.264	1616.669
24.1106007115194	60.5298115761507	3002.606	484.514
27.9002076798339	55.2743557805154	1688.092	424.987
84.6876722498622	99.922960061632	2023.147	1632.662
1.30270895783283	17.5354059716752	3812.199	102.705
1.85819851344119	21.945582443534	3088.519	136.74
9.19155264675788	41.6247867001706	1834.537	300.63
2.8065277547778	28.5333971732823	2817.745	189.917
71.7548925960859	95.4164836668131	2603.175	1488.126
46.5780727375418	70.6931434454852	2181.751	552.015
3.61673710661031	27.2813181749455	1680.557	188.356
0.270609783512173	4.51313638949089	1521.282	20.931
88.7373790100968	99.999820000144	2086.906	1551.891
51.1163691069047	74.5069803944157	2366.469	591.887
31.1501150799079	54.5919763264189	2019.084	429.032
6.29431496454803	39.5160883871293	2676.188	282.645
35.8155913475269	58.8070329543736	2171.008	458.792
1.17525905979275	15.4961876030499	3555.834	89.097
88.6215891027287	99.998560001152	2108.279	1566.586
20.1908838472929	42.3773660981071	1721.9	322.101
84.8650621079503	99.949060040752	2082.057	1556.797
0.100759919392064	1.77047858361713	661.57	7.484
71.4410228471817	94.7441842046526	2660.308	1486.713
28.9244368604505	62.9387496490003	2358.153	497.405
16.9376864498508	41.5868067305546	1603.874	336.5
1.78170857463314	20.8267033386373	2697.596	135.943
0.402609677912258	6.59915472067622	2150.303	28.288
6.31319494944404	39.7279482176414	2639.757	274.261
9.27471258022994	42.7177458258033	2148.166	312.415
68.1474554820356	95.8351633318693	2356.15	1546.736
81.6734846612123	99.967240026208	2025.034	1618.867
43.3262253390197	72.5986219211025	2268.535	589.762
49.0451407638874	84.5583523533181	3214.307	698.529
2.04244836604131	19.5026243979005	1640.892	131.318
0.802539357968514	11.5693107445514	3051.221	53.392
30.6006055195156	53.2819373744501	1651.094	422.536
55.9512552389958	79.0926567258746	2547.823	667.027
35.3584217132626	57.789853768117	1829.599	481.009
91.5671567462746	100.0	2097.602	1582.417
4.20129663896269	34.323992540806	2775.628	231.026
76.530158775873	98.388821288943	2078.068	1596.083
0.293539765168188	4.90841607326714	1686.42	21.602
11.1866410506872	33.9875728099418	1603.563	258.887
0.199589840328128	3.42647725881819	1212.454	16.148
0.598099521520383	9.37961249631	2840.245	41.256
63.0011895990483	90.593207525434	2702.662	736.146
53.6889570488344	85.2466718026626	2617.5	720.04
48.7979809616152	81.262014990388	2545.634	631.146
14.094558724353	50.2609997912002	2824.848	382.501
34.0763627389098	69.9499240400608	2883.015	525.746
5.85870531303575	34.0534527572378	1617.845	232.74
72.7599617920306	98.0531215575027	2315.183	1523.437
80.3017757585794	99.2301406158875	2082.697	1543.998
40.3114177508658	62.6988098409521	1952.831	525.724
1.8803584957132	22.4081820734543	3493.67	141.842
85.2358818112945	99.986680010656	2037.732	1640.67
0.257149794280165	4.28111657510674	1451.863	19.02
57.9334636532291	85.4111916710467	2706.741	703.574
65.3685777051378	87.7493898004882	2536.074	736.161
53.3456973234421	82.6481938814449	2605.838	661.846
39.094048724761	75.1769398584481	3163.101	612.246
88.4780392175686	99.998740001008	2113.682	1576.474
0.0719699424240461	1.26413898868881	460.896	5.035
91.5705067435946	100.0	2137.991	1582.003
2.80352775717779	28.4615772307382	2826.686	189.41
0.897789281768575	13.1862494510004	3547.667	82.995
3.37382730093816	25.2703597837122	1427.395	167.213
76.4005888795289	98.2190814247349	2326.129	1528.146
0.333319733344213	5.40377567697946	1732.19	24.965
28.4339872528102	58.2587533929973	1838.285	462.477
0.900409279672576	11.7759505792395	2632.878	54.585
0.555729555416356	8.62649309880552	2576.152	38.261
9.39858248113402	44.6264642988286	2735.913	326.674
63.3237893409685	92.2978061617551	2680.503	1447.558
23.6218111025511	54.695116243907	2000.658	446.923
0.199269840584128	3.42539725968219	1219.892	15.626
19.1073647141082	55.2748957800834	2790.553	433.804
34.0408427673258	69.3708645033084	2844.879	537.109
75.8057293554165	97.3417621265903	2428.963	1516.852
0.598029521576383	9.35729251416599	2841.007	40.452
28.7532169974264	60.917891265687	2045.332	491.474
1.89590848327321	22.6378618897105	3253.809	140.05
19.1066647146682	55.4784756172195	2724.624	424.525
0.858359313312549	12.4201700638639	3336.748	78.343
81.173915060868	99.7607801913758	2094.453	1550.078
0.115739907408074	1.97981841614527	705.06	7.635
20.5646635482692	43.1760254591796	1631.558	360.745
0.402489678008258	6.58763472989222	2148.989	29.333
4.02653677877058	31.6623346701323	1983.473	222.262
91.5717867425706	100.0	2123.732	1569.051
38.7284190172648	70.6900834479332	2292.79	559.694
88.7043590365128	99.999640000288	2130.363	1581.727
1.27354898116082	16.9918064065549	3891.238	97.526
49.0757107394314	84.8704721036223	3272.228	666.03
53.4190672647462	83.1248335001332	2455.598	687.879
43.3592053126358	72.8014817588146	2371.775	586.977
85.3229017416786	99.992080006336	2100.001	1551.8
14.086268730985	50.0808199353441	2602.01	367.64
68.5360151711879	97.7944617644306	2255.24	1512.249
0.0998499201200639	1.75409859672112	655.544	6.872
