0.00919999264000589	0.164879868096106	127.474	4.338
0.0126599898720081	0.227159818272145	162.173	5.512
8.08238353409317	42.6704058636753	2199.655	648.641
47.0744823404141	80.4896356082915	5892.065	3056.753
4.28387657289874	26.8962984829612	1339.837	368.981
65.0893179285457	89.6489282808574	5846.288	4668.109
83.4531432374854	99.8781400974879	7674.565	5858.826
90.5440875647299	100.0	7304.484	6334.54
18.1499854800116	53.6363570909143	3003.211	1262.868
57.1759042592766	91.5916667266666	6168.071	4370.828
0.0100999919200065	0.181259854992116	136.813	4.64
0.0334799732160214	0.596159523072382	441.828	15.476
0.0018799984960012	0.0338399729280217	10.218	0.738
0.0618999504800396	1.0981791214567	788.897	26.536
0.000799999360000512	0.0143999884800092	4.672	0.55
0.137789889768088	2.40389807688154	1348.953	65.265
0.207969833624133	3.55427715657827	1511.849	95.777
27.2849281720575	63.3540093167925	4044.019	1744.355
0.00392999685600252	0.0707399434080453	21.051	1.176
0.0794899364080509	1.4007588793929	897.281	39.193
74.6273602981118	97.1335022931982	6245.886	5305.075
0.706369434904452	10.7722713821829	1792.056	240.85
0.0029699976240019	0.0534599572320342	16.26	0.83
0.436099651120279	6.98561441150847	1451.308	166.437
0.0043699965040028	0.0786599370720503	23.003	1.259
0.0282399774080181	0.503099597520322	398.188	13.344
11.4871008103194	40.9595072323942	2130.49	773.53
0.947439242048606	13.1169495064404	1320.1	240.919
1.565008747993	19.7098042321566	1506.55	323.873
35.5879515296388	61.4094708724233	4575.675	2303.462
2.3499981200015	25.3211197431042	1427.296	349.435
3.17077746337803	26.518118785505	1264.746	332.767
0.215709827432138	3.57497714001829	1030.353	91.587
