73.5396911682471	95.267443786045	8144.729	6161.307
0.0167999865600108	0.299339760528192	213.82	7.407
1.57530873975301	19.8764840988127	1491.619	330.378
7.88587369130105	39.8669081064735	1867.015	594.445
18.1193255045396	53.2043574365141	2992.901	1224.604
37.2834701732239	73.444081244735	5186.209	2438.827
0.00282999773600181	0.0509399592480326	14.812	0.732
36.8498205201436	68.1709854632116	4963.293	2324.95
1.16722906621675	14.2027086378331	923.142	232.162
0.0190999847200122	0.342719725824219	266.875	8.34
0.0427099658320273	0.757259394192485	541.129	19.61
0.213489829208137	3.65831707334634	1533.286	96.41
47.2261322190942	82.5711539430769	5749.158	2996.878
44.1286746970602	67.253526197179	6694.189	2773.822
1.06261914990468	15.0118079905536	2703.491	276.973
0.00354999716000227	0.0638999488800409	18.774	1.099
90.601527518778	100.0	8135.128	5860.014
0.000919999264000589	0.0165599867520106	5.449	0.401
1.05177915857667	14.8580881135295	1745.066	287.078
0.00902999277600578	0.161999870400104	115.999	3.679
0.0644899484080413	1.12661909870472	716.852	29.255
3.54581716334627	31.3318549345161	1664.591	391.054
0.00923999260800591	0.166139867088106	130.259	4.14
36.7895005683995	67.6894858484113	4923.665	2327.319
0.207679833856133	3.55733715413028	1811.018	89.262
1.77313858148913	18.2640453887637	1264.738	244.471
74.0485407611674	96.1091231127015	6464.878	5342.944
0.252769797784162	4.0688967448826	964.775	103.819
0.0130999895200084	0.235439811648151	195.016	4.513
0.00237999809600152	0.0428399657280274	13.199	0.833
0.0737599409920472	1.28663897068882	782.397	33.614
0.0420399663680269	0.74987940009648	569.292	20.536
1.59383872492902	20.1855438515649	1485.987	351.593
10.0569719544224	34.0545327563738	1969.36	693.082
0.00486999610400312	0.0876599298720561	26.013	1.428
66.2409370072504	93.8461649230681	8121.541	4944.996
0.0399999680000256	0.709919432064454	609.239	18.054
0.244299804560156	4.03883676893058	1283.241	101.647
7.88877368898105	39.9059680752255	2441.379	573.192
0.000959999232000614	0.0172799861760111	5.766	0.562
0.00208999832800134	0.0376199699040241	11.501	0.78
7.90402367678106	40.0919079264737	1949.49	585.062
83.0061135951091	99.7480002015998	8084.271	6376.28
0.20306983754413	3.47579721936222	1545.566	89.941
0.082799933760053	1.45223883820893	1072.941	36.019
0.0523199581440335	0.928259257392594	698.027	24.014
55.6422354862116	81.5883547293162	7676.54	3618.952
0.0251199799040161	0.449279640576288	349.806	11.176
57.0371043703165	89.9408880472896	6598.561	4466.761
0.0191499846800123	0.342539725968219	260.367	7.428
45.2134638292289	70.1495438803649	5610.584	2851.304
83.8788328969337	99.961480030816	8075.886	6519.162
0.00818999344800524	0.147239882208094	105.254	3.949
0.00210999831200135	0.0379799696160243	11.995	0.724
0.393449685240252	6.28091497526802	1466.08	152.447
0.00289999768000186	0.0520199583840333	23.083	1.131
75.2743097805522	98.3420213263829	7585.325	5698.216
0.0222899821680143	0.397259682192254	306.075	10.843
12.0314703748237	46.4477028418377	2389.398	903.137
0.0920299263760589	1.62017870385704	1070.999	44.205
0.3118497505202	5.20235583811533	2129.445	130.923
90.5555675555459	100.0	7388.364	6313.28
0.705759435392452	10.8001713598629	2521.073	242.965
90.5328975736819	100.0	7328.569	6015.291
2.39192808645753	26.1028591177127	1561.288	390.174
0.0633099493520405	1.11815910547272	855.557	29.285
0.00844999324000541	0.152099878320097	43.477	2.159
66.6665366667707	96.0823031341575	6218.398	5311.715
0.0267199786240171	0.477359618112305	367.963	12.991
0.204439836448131	3.49451720438624	1433.05	90.897
0.0060999951200039	0.10943991244807	80.729	2.643
5.37876569698744	37.541309966952	1966.608	529.326
7.67143386285291	37.563269949384	2240.165	568.101
53.5287871769703	75.9296992562406	6220.971	3333.688
0.474919620064304	7.64315388547689	1758.695	186.512
0.003129997496002	0.0563399549280361	16.782	0.785
27.2710281831775	63.0453095637523	4071.927	1798.81
66.8641565086748	97.4000820799343	6335.564	5117.132
90.569927544058	100.0	7907.306	6226.823
56.8378445297244	88.1043495165204	6371.083	4708.14
0.70246943802445	10.7276314178949	1633.795	231.849
3.57483714013029	31.7366746106603	1708.247	419.899
0.00345999723200221	0.0622799501760399	19.625	1.116
0.00085999931200055	0.0154799876160099	5.358	0.538
0.000729999416000467	0.0131399894880084	4.355	0.631
18.0744555404356	52.5554579556336	3160.513	1172.371
0.0029699976240019	0.0534599572320342	16.915	0.978
0.0112399910080072	0.201959838432129	153.697	5.129
0.947369242104606	13.1131695094644	1378.648	236.05
4.28085657531474	26.8786584970732	1338.168	367.026
37.2775601779519	73.1856014515188	5867.22	2314.702
0.256159795072164	4.10165671867462	1083.959	97.706
0.591389526888379	8.89685288251769	1855.218	194.682
0.0128399897280082	0.230039815968147	174.204	6.088
1.59359872512102	20.2190238247809	1957.132	327.749
0.000959999232000614	0.0172799861760111	5.817	0.554
0.101269918984065	1.75373859700912	929.595	44.881
0.00161999870400104	0.0291599766720187	9.259	0.695
0.0179199856640115	0.319139744688204	258.266	7.694
66.6494666804267	96.0239831808135	6835.494	5045.662
0.0786399370880503	1.38185889451288	1022.544	34.634
0.0420499663600269	0.751499398800481	614.445	19.044
8.74206300634959	30.1746358602913	1972.975	611.319
0.139649888280089	2.42729805816155	1360.241	64.61
75.2049398360481	98.2198014241589	7435.99	5655.196
10.0533719573024	34.0412127670298	2103.954	703.318
27.2999481600415	63.6009691192247	4205.875	1835.375
0.0629999496000403	1.11725910619272	811.418	29.455
0.00121999902400078	0.0219599824320141	6.836	0.626
83.1620434703652	99.7989401608479	7843.032	5928.686
2.38681809054553	25.9656992274406	1508.053	369.391
0.00712999429600456	0.128339897328082	39.615	1.843
1.83160853471317	18.8530049175961	992.27	258.749
0.995799203360637	13.9359488512409	1869.171	258.125
84.1076827138538	99.990640007488	7235.583	6102.987
0.276659778672177	4.58243633405093	1278.967	117.375
17.8813356949314	50.2865597707522	2922.324	1103.525
0.00277999777600178	0.050039959968032	15.875	0.959
27.2886981690415	63.4724492220406	4201.838	1898.865
46.6632526693979	76.7944185644651	6725.925	2868.274
4.19891664086669	26.3994988804009	1329.244	354.891
0.702029438376449	10.7369914104069	1677.232	251.621
2.51531798774561	20.9071632742694	1032.6	272.164
0.0387499690000248	0.689039448768441	523.341	18.575
27.0497483602013	60.1197719041825	3892.033	1695.356
5.38715569027545	37.580369935704	1980.016	540.334
17.4516460386832	46.7670225863819	2947.278	1073.986
0.188399849280121	3.132357494114	917.387	85.157
0.112289910168072	1.95083843932925	1105.577	52.034
0.0130399895680083	0.23435981251215	122.584	4.558
2.98742761005791	24.6621402702878	1206.831	310.353
0.00448999640800287	0.0808199353440517	27.44	1.295
