1.85705851435319	28.4577972337622	433.609	106.122
29.2618465905227	99.6410802871358	3284.985	2393.838
50.2668797864962	99.998380001296	5066.091	4373.754
12.9829596136323	91.2025070379944	1937.362	619.26
0.550829559336353	9.42929245656603	138.657	35.846
35.2092818325745	99.8635601091519	3761.383	2872.177
0.845229323816541	14.104248716601	211.197	51.94
52.9555376355699	99.999640000288	5303.486	4700.938
36.8999204800636	99.7942601645919	3890.83	2667.006
44.0923947260842	99.977320018144	4675.871	3879.261
32.4692040246368	99.8264801388159	3565.053	2765.919
0.267279786176171	4.70033623973101	69.397	17.299
22.8825716939426	98.7274010180792	2714.111	1746.213
18.3335653331477	95.5855035315972	2319.171	1117.502
55.4868656105075	99.999820000144	5645.351	4928.676
0.175009859992112	3.09815752147398	46.409	12.129
14.1461286830971	89.9452080438336	2000.668	676.324
9.60088231929415	83.1345534923572	1543.918	458.877
1.27505897995282	20.5730835415332	309.19	78.383
0.0520399583680333	0.932039254368596	14.669	2.882
26.0796891362487	99.3165405467676	2991.854	2136.134
41.7295766163387	99.983080013536	4466.373	3579.073
58.0410235671811	99.999820000144	5748.814	4982.495
0.325479739616208	5.68061545550764	82.572	19.418
47.3678921056863	99.995140003888	4866.18	4084.625
3.66157707073834	47.5206819834544	801.316	199.263
0.10947991241607	1.94975844019325	29.357	7.391
5.92472526021979	65.2242078206337	1123.228	293.194
2.43292805365756	35.0430919655264	546.471	137.801
60.5463815628948	100.0	6110.847	5251.376
0.133579893136085	2.37455810035352	35.512	9.05
0.270259783792173	4.75037619969904	72.093	18.139
50.2128198297441	99.998020001584	5053.662	4264
58.0760435391652	100.0	5755.126	4983.563
16.1152771077783	94.8941240847007	2226.933	1004.336
37.7095498323601	99.8858800912959	4136.958	2377.515
55.4320956543235	99.999280000576	5667.507	4936.957
0.76632938693649	12.8410097271922	190.269	48.935
10.4021816782547	81.1216151027079	1658.459	490.289
5.55446555642756	62.1258702993038	1082.693	286.194
25.5220795823363	99.0060407951674	3025.63	1535.772
35.4755016195987	99.8977600817919	3911.917	2881.304
40.9274872580102	99.94690004248	4264.738	3167.767
32.5905239275809	99.8462801229759	3666.581	2857.686
1.29522896381683	20.8877232898214	304.834	80.598
28.6717570625943	99.4150004679996	3248.543	1803.206
0.304569756344195	5.32367574105941	86.091	19.795
1.88770848983321	28.9227368618105	449.42	111.35
0.592469526024379	10.1102319118145	147.431	38.819
0.0682799453760437	1.22201902238478	18.608	3.745
21.3064429548456	97.1957822433742	2585.557	1560.444
47.4524520380384	99.996040003168	4846.966	4049.541
52.7790277767778	99.999280000576	5247.549	4642.661
44.5721443422845	99.990280007776	4733.528	3879.349
3.87723689821048	49.8324201340639	828.542	214.177
0.177109858312113	3.13667749065801	46.692	11.754
9.58278233377413	83.0364535708371	1564.063	456.061
18.0717055426356	95.1443238845409	2328.398	1074.042
2.6563378749297	37.9437896449683	601.415	152.429
60.5505415595668	100.0	6141.104	5129.621
60.5502515597988	100.0	5928.345	5113.945
15.2899677680258	92.9549856360115	2094.853	703.878
40.1162279070177	99.8972200822239	4111.157	3356.685
19.5218943824845	97.4584020332784	2489.553	1469.052
35.5214415828467	99.9035200771839	3846.999	2951.035
29.1788766568987	99.6122803101757	3279.989	2294.235
12.9493196405443	91.1040471167623	1948.646	603.189
0.0678199457440434	1.21247903001678	19.865	3.486
9.08125273499781	80.2021758382593	1543.136	461.38
47.4738620209104	99.995680003456	4847.36	4122.097
55.5616855506516	99.999820000144	5538.32	4961.842
32.1267442986046	99.7557401954078	3532.04	2545.692
0.657099474320421	11.0654911476071	163.763	41.401
23.9407108474313	97.8644817084146	2809.1	1419.802
1.28775896979282	20.7491234007013	314.188	76.566
1.65593867524906	25.6011995190404	380.085	99.578
