0.000559999552000358	0.0100799919360065	1.15	0.402
0.00106999914400068	0.0192599845920123	1.705	0.483
0.00290999767200186	0.0523799580960335	2.594	0.638
0.0029699976240019	0.0534599572320342	2.927	0.641
0.003119997504002	0.0561599550720359	2.814	0.665
0.00647999481600415	0.116639906688075	5.012	0.911
0.00869999304000557	0.1565998747201	6.252	1.1
0.0130199895840083	0.23399981280015	8.541	1.466
0.0241599806720155	0.433619653104278	13.955	2.204
0.0336699730640216	0.602819517744386	18.24	2.912
0.0478299617360306	0.856259314992548	26.269	3.957
0.0632299494160405	1.12751909798472	31.682	5.052
0.105239915808067	1.8689385048492	52.69	8.274
0.167139866288107	2.91275766979386	83.181	12.323
0.188479849216121	3.31469734824212	92.953	16.752
0.257519793984165	4.42331646134683	133.682	20.795
0.618979504816396	10.3681717054626	316.676	47.409
0.748329401336479	12.0841103327117	405.369	72.527
1.44390884487292	22.1736422610862	812.484	143.188
1.88398849280921	26.6527586777931	1023.233	180.415
2.28810816951346	29.2317966145627	1002.813	189.898
4.5305663755469	49.1514806788155	1460.646	354.848
5.42939565648348	48.437421250063	1464.642	364.701
7.41913406469275	52.3615981107215	1539.285	377.351
16.0105771915382	80.8292953365637	2253.734	630.345
19.8227041418367	73.8802208958233	2186.899	575.191
34.5307423754061	97.5059219952624	2822.029	773.627
42.7105158315873	98.3447213242229	2909.38	832.528
51.507458794033	99.7044402364478	2928.369	856.772
59.5029023976781	99.967060026352	3020.093	900.574
66.3671169063065	99.992080006336	2962.857	845.619
72.9819816144147	99.999280000576	2954.67	860.292
78.6432270854183	100.0	2908.175	850.684
