0.251569798744161	4.17635665891467	1460.4	109.494
52.4788480169216	78.4878572097142	5136.102	3343.564
4.04439676448259	31.9251344598924	1564.89	438.183
0.0836399330880535	1.46213883028894	1120.955	39.996
0.889159288672569	13.0093095925523	2048.618	271.499
43.5641651486679	74.1990006407995	4924.073	2786.431
8.46478322817342	35.5438515649187	1600.175	570.611
91.5691167447066	100.0	7476.821	5312.159
84.5266123787101	99.8954200836639	7518.888	4991.405
1.52732877813698	17.4565660347472	1109.366	269.918
58.9432228454217	92.8927056858355	6452.965	3746.109
65.1744278604577	87.3665301067759	7956.504	4339.884
62.0106503914797	86.8778304977356	7327.703	3976.836
81.1221251022999	99.7393602085118	7937.031	4738.852
34.0734427412458	69.9330040535968	5024.447	2382.066
77.3352181318255	99.5005003995997	6733.569	4397.68
22.8308917352866	49.959140032688	2894.073	1466.586
6.04889516088387	36.0327311738151	1607.337	506.901
13.2945093643925	42.0670463463629	2591.605	857.191
0.401309678952257	6.5667547465962	1978.507	161.753
38.8941988846409	72.4674020260784	5423.434	2551.534
47.2901221679023	72.8220017423986	4717.954	3044.049
18.9514648388281	53.110397511682	3298.482	1282.478
28.9244368604505	62.9387496490003	4431.718	1773.466
88.6881990494408	99.999280000576	7603.787	5335.698
0.598629521096383	9.38393249285401	2050.512	222.722
1.28884896892082	17.3050061559951	1537.48	305.487
2.79312776549779	28.4446572442742	1806.013	402.774
0.146079883136093	2.48381801294559	1194.261	66.994
72.6536318770945	97.7422618061906	6775.022	4493.429
