0.000899999280000576	0.0161999870400104	1.446	0.445
0.00149999880000096	0.0269999784000173	1.608	0.426
0.00215999827200138	0.0388799688960249	2.379	0.46
0.00257999793600165	0.0464399628480297	2.67	0.53
0.00510999591200327	0.0917999265600588	4.35	0.566
0.00631999494400404	0.113759908992073	4.901	0.599
0.0114799908160073	0.206639834688132	8.197	0.74
0.0147699881840095	0.26513978788817	10.313	0.911
0.0213099829520136	0.382139694288245	14.421	1.174
0.0330399735680211	0.592019526384379	20.158	1.844
0.0369799704160237	0.661679470656424	23.492	2.008
0.0673799460960431	1.20383903692877	41.548	3.778
0.0887999289600568	1.57409874072101	52.041	4.432
0.106749914600068	1.88405849275321	61.425	5.11
0.264609788312169	4.61159631072295	144.822	13.858
0.364419708464233	6.22763501789199	196.765	22.965
0.474769620184304	7.91891366486907	251.486	29.135
0.876089299128561	14.125668699465	434.293	50.123
1.16607906713675	17.8469857224114	552.407	64.354
1.92816845746523	27.2523381981294	897.154	98.351
3.26657738673809	41.6913866468907	1377.088	165.527
4.72630621895502	51.532338774129	1884.536	231.423
6.11839510528392	53.7756769794584	2581.106	269.661
9.77375218099825	66.1677670657864	4726.502	420.519
13.7705889835288	69.3665445067644	6279.506	611.853
24.970030023976	91.7227066218347	9201.374	1097.898
32.831693734645	92.8837056930355	11150.675	1569.945
41.1404470876423	95.9903232077414	12677.276	1950.377
49.0322907741674	97.9994816004147	14003.439	2295.316
59.5728323417341	99.969760024192	13386.682	3170.668
66.5848167321466	99.993520005184	14481.622	3677.833
72.7216618226705	99.997660001872	14497.207	4230.235
78.6413770868983	100.0	16142.175	4627.696
