0.000789999368000506	0.014039988768009	5.016	0.659
2.06977834417732	29.3741765006588	3096.783	588.543
31.8890044887964	90.4875476099619	4364.708	2003.519
58.8335829331337	99.8581601134719	5506.453	3795.628
0.0251599798720161	0.450359639712288	346.224	12.122
49.6282102974318	98.488541209167	5426.086	3079.604
78.6548870760903	100.0	7056.119	4636.161
0.0154799876160099	0.278279777376178	197.625	6.922
43.5554551556359	99.4337204530236	4363.816	2522.379
0.856539314768548	13.8164289468568	3055.587	327.962
0.00810999351200519	0.145979883216093	43.397	2.662
0.948509241192607	14.5780083375933	2404.177	345.883
0.106209915032068	1.88567849145721	1351.501	53.332
0.00255999795200164	0.0460799631360295	14.558	1.127
3.01474758820193	33.6684330652535	2135.437	490.992
66.3650969079225	99.988660009072	5534.873	3968.226
7.93856364914908	55.1130759095393	2826.962	750.665
0.00148999880800095	0.0268199785440172	8.742	0.761
0.0596499522800382	1.06343914924868	826.325	28.412
6.31717494626004	55.4599356320515	2578.586	735.526
0.126779898576081	2.23109821512143	1477.895	61.133
73.0316615746707	99.999640000288	6436.422	4436.012
0.0115399907680074	0.207539833968133	80.271	3.432
0.00660999471200423	0.118979904816076	35.568	1.696
0.260269791784167	4.47011642390686	1948.771	122.234
0.0556799554560356	0.995039203968637	785.207	26.859
0.00375999699200241	0.0676799458560433	20.772	1.459
0.426419658864273	7.14041428766857	2216.217	194.076
24.5631403494877	89.8606081115135	3618.473	1592.765
0.212089830328136	3.69125704699436	2039.263	100.223
2.72285782171374	34.426952458438	2178.574	577.985
13.5844091324727	68.5642851485719	3243.809	1029.059
0.00300999759200193	0.0541799566560347	16.405	1.201
