0.595419523664381	3.88205689435448	824.403	504.165
69.0984747212202	72.7327218138226	834.392	567.456
98.6235911011271	99.998920000864	808.898	558.403
13.994118804705	16.8096465522828	807.383	503.375
89.094708724233	92.7296258162993	826.869	562.854
4.19530664375468	7.82603373917301	828.272	505.369
2.79529776376179	6.44903484077213	836.12	494.045
84.0536727570618	87.1919302464558	829.424	552.138
1.89758848192921	5.53499557200354	838.997	506.822
59.0951427238858	62.7268898184881	825.765	528.401
44.0996447202842	47.7406418074866	817.501	518.431
0.299499760400192	2.93057765553788	833.999	491.029
0.898639281088575	4.40405647675482	794.832	484.588
1.29534896372083	4.88231609414713	839.237	526.558
29.1018967184826	32.739813808149	821.68	517.445
54.1054667156266	57.752953797637	835.404	529.99
0.200499839600128	2.3516981186415	831.278	505.158
0.0990599207520634	1.41533886772891	824.545	479.29
6.30225495819603	9.94139204688636	835.378	525.923
24.0993207205434	27.7554377956498	834.932	535.057
94.0734447412442	97.4092620725903	851.533	580.727
49.0977607217914	52.7575977939218	834.846	543.535
74.0985107211914	77.7494978004018	826.484	551.021
0.398209681432255	3.37391730086616	801.2	478.078
39.103308717353	42.7501457998834	827.15	507.883
79.1011267190986	82.747553801957	841.233	551.906
19.1037847169722	22.7536017971186	831.637	516.448
34.0673227461418	37.2718501825199	855.886	514.178
9.40025247979802	13.0246095803123	826.004	517.206
64.097928721657	67.7314258148593	852.145	558.776
