14.098308721353	14.4664084268733	1069.875	682.607
24.1014607188314	24.4675604259517	1056.754	647.992
59.0997727201818	59.4602524317981	1117.802	716.273
0.100879919296065	0.454499636400291	1081.189	680.104
64.099788720169	64.4658684273053	1069.068	674.163
1.90173847860922	2.26601818718545	1064.56	665.357
49.0986907210474	49.4601804318557	1069.31	660.846
94.1003847196922	94.4626644298685	1143.023	738.821
74.0996607202714	74.4632404294077	1092.131	741.443
44.0996647202682	44.4641044287165	1098.791	704.945
69.0995747203402	69.4677044258365	1124.761	727.38
6.29843496125203	6.66827466538027	1037.266	632.108
0.400619679504256	0.761759390592488	1061.915	655.71
89.100558719553	89.4640684287453	1142.771	736.993
79.0986067211146	79.4614764308188	1135.442	729.171
0.897929281656575	1.2556789954568	1045.107	678.626
0.600319519744384	0.964079228736617	1052.245	652.302
0.300879759296193	0.666899466480427	1060.424	651.018
34.1010627191498	34.4618724305021	1074.069	687.078
99.0997007202394	99.4652204278237	1152.589	760.62
4.19947664041869	4.56209635032292	1068.8	668.642
9.40174247860602	9.76517218786225	1082.691	682.711
29.0992567205946	29.4654364276509	1049.53	635.514
39.100288719769	39.4590284327773	1084.51	692.426
2.80204775836179	3.16439746848203	1025.332	612.42
84.0997927201658	84.4629524296381	1104.778	717.763
19.0996947202442	19.4696844242525	1054.396	627.698
1.30002895997683	1.66481866814507	1071.552	670.858
54.1004167196666	54.4627364298109	1062.475	669.769
0.200659839472128	0.559079552736358	1040.564	617.555
74.0999307200554	74.4657604273917	1145.291	734.789
84.1012627189898	84.4636724290621	1142.895	737.813
59.0990227207818	59.4638524289181	1092.359	701.762
69.0991947206442	69.4639244288605	1168.59	780.119
29.1000767199386	29.4603964316829	1063.93	653.289
0.101019919184065	0.455039635968291	1030.946	654.904
1.29837896129683	1.65617867505706	1079.131	669.619
0.898689281048575	1.26665898667281	1046.578	655.077
39.100698719441	39.4640684287453	1118.214	713.319
4.19999664000269	4.57181634254693	1074.087	669.481
0.199409840472128	0.566819546544363	1050.222	662.557
24.1004507196394	24.4630604295517	1054.312	663.312
6.29825496139603	6.65747467402026	1055.552	656.158
89.098898720881	89.4608284313372	1150.87	749.15
14.101188719049	14.4642484286013	1061.671	644.111
1.90072847941722	2.26709818632145	1076.134	670.958
0.299099760720191	0.658259473392421	1065.955	658.723
49.0994407204474	49.4645004283997	1138.873	726.05
64.099898720081	64.4689284248573	1128.293	706.383
0.400359679712256	0.762839389728488	1078.599	667.769
0.597489522008382	0.956879234496612	1035.2	641.144
79.1013567189146	79.4657964273629	1091.309	688.125
34.1007227194218	34.4703324237341	1094.607	681.573
99.0983107213514	99.4668404265277	1163.476	756.357
54.0993767204986	54.4607564313949	1082.236	659.77
44.1014147188682	44.4713044229565	1120.023	711.492
9.40074247940602	9.76805218555825	1087.823	683.179
2.79936776050579	3.16385746891403	1086.86	682.982
19.0994347204522	19.4641044287165	1054.765	644.909
94.1001547198762	94.4650044279965	1156.191	750.502
79.0995167203866	79.4688564249149	1093.231	692.589
0.600039519968384	0.960839231328615	1022.399	617.684
0.301059759152193	0.661859470512424	1089.591	649.082
19.1006947194442	19.4621244303005	1070.533	692.129
49.1010007191994	49.4702604237917	1064.504	666.627
6.29838496129203	6.66323466941226	1084.817	669.203
59.0991527206778	59.4579124336701	1119.472	713.392
24.1002807197754	24.4632404294077	1093.268	691.259
64.098738721009	64.4633484293213	1137.608	726.991
69.0988847208922	69.4635644291485	1092.82	703.779
14.099178720657	14.4584884332093	1089.124	678.385
2.80008775992979	3.16097747121802	1091.598	664.63
84.0997627201898	84.45971243223	1106.613	715.653
89.102678717857	89.4698284241373	1145.662	746.132
74.1014507188394	74.4663004269597	1111.728	748.993
4.20118663905069	4.56605634715492	1025.487	620.841
0.200329839736128	0.561599550720359	1092.598	686.039
0.898349281320575	1.26071899142481	1062.9	641.853
29.1001767198586	29.4663364269309	1062.194	645.679
1.30048895960883	1.66553866756907	1076.449	689.381
9.39892248086202	9.76643218685425	1083.602	688.656
99.0609107512714	99.2855805715355	1125.168	746.53
39.098558721153	39.4712684229853	1101.199	695.018
94.0909247272602	94.3805844955324	1136.232	747.55
44.0998347201322	44.4648244281405	1106.347	718.035
1.90005847995322	2.25953819236945	1073.846	667.921
34.1002327198138	34.4687124250301	1060.169	642.257
0.0996699202640638	0.457379634096293	1040.545	661.415
0.400099679920256	0.764819388144489	1043.001	635.988
54.0997467202026	54.4621964302429	1103.44	701.575
69.0996847202522	69.4596044323165	1140.93	726.479
0.599859520112384	0.957599233920613	1069.926	663.762
39.099608720313	39.4709084232733	1114.883	703.43
0.0998399201280639	0.450179639856288	1045.916	684.826
19.1004647196282	19.4651844278525	1087.802	684.186
99.0993307205354	99.4636004291197	1117.246	734.265
9.39985248011802	9.76373218901425	1042.118	641.617
74.0989807208154	74.4634204292636	1101.817	689.486
2.79937776049779	3.16007747193802	1080.128	689.308
54.1005767195386	54.4695764243389	1070.26	671.902
34.0983727213018	34.4580924335261	1106.086	702.063
79.0994067204746	79.4609364312509	1096.857	690.713
0.299929760056192	0.664199468640425	1029.674	620.595
4.20148663881069	4.56587634729892	1038.9	628.547
6.30102495918003	6.66269466984426	1054.88	666.727
0.198009841592127	0.557819553744357	1042.08	630.385
0.399769680184256	0.767159386272491	1094.168	668.575
94.0978847216922	94.4624844300125	1117.255	707.201
49.1007507193994	49.4607204314237	1116.544	715.296
44.1016847186522	44.4666244267005	1077.269	685.512
84.1007627193898	84.4703324237341	1138.219	737.794
64.099978720017	64.4696484242813	1125.015	722.178
0.900639279488576	1.26629898696081	1035.412	629.134
1.90136847890522	2.27051818358545	1083.82	680.773
89.099358720513	89.4592084326332	1104.181	690.546
59.1004827196138	59.4652924277661	1086.869	698.985
