55.4178156657475	99.999820000144	25041.413	3175.822
17.4960460031632	94.1703446637243	22495.56	993.607
6.30543495565204	68.4049852760118	21140.473	355.116
47.4630620295504	99.995140003888	24060.544	2777.891
38.6585490731607	99.958420033264	23746.398	2256.38
58.0700535439572	100.0	24890.195	3297.218
52.9344576524339	99.998920000864	24380.298	3102.498
41.0251371798903	99.951040039168	23702.52	2405.536
17.6423858860913	94.4083044733564	22401.661	1035.882
50.018819984944	99.9955000036	24387.412	2842.758
58.0721935422452	100.0	24640.297	3419.167
34.4967524025981	99.7651001879199	23507.783	1968.439
60.5084115932707	100.0	25064.899	3560.319
9.33081253534997	81.7231746214603	21605.765	537.589
52.9213976628819	99.999280000576	24486.636	2987.872
13.6646890682487	88.5340091727927	21990.995	756.734
32.3484441212447	99.8027201578239	23219.176	1896.059
41.0505371595703	99.953020037584	23708.585	2401.119
21.5693827444938	97.4751420198864	22987.899	1223.169
58.0673935460852	100.0	25025.492	3344.402
38.6122091102327	99.956440034848	23838.689	2185.382
38.0629695496244	99.9139600688319	23838.668	2163.714
47.0053723957021	99.989380008496	24224.691	2782.084
13.8120889503288	88.9467488426009	22115.94	799.271
25.6241895006484	99.0728207417434	22959.052	1499.119
52.8516777186578	99.998020001584	24312.84	3105.603
28.5797771361783	99.4015004787996	23147.826	1622.192
12.9452296438163	91.0982871213703	22214.159	729.288
37.513739989008	99.8644601084319	23671.197	2184.716
55.4551556358755	99.998920000864	24766.422	3134.925
32.3301041359167	99.7966001627199	23295.011	1901.021
49.968790024968	99.995140003888	24237.965	2945.704
58.0593435525252	100.0	24687.611	3403.542
5.82103534317173	64.2797485762011	20092.522	338.862
55.5207755833795	99.999280000576	24564.927	3266.77
14.7361182111054	91.5484667612266	22287.182	854.252
26.8542885165692	98.5974411220471	22790.754	1554.954
55.5307155754275	100.0	24789.647	3145.631
10.7129714296229	82.4620740303408	21643.692	603.413
50.2197698241841	99.997480002016	24392.542	2941.766
21.2130030295976	97.0629423496461	22729.872	1204.904
60.5065815947347	100.0	24846.576	3546.661
17.0374263700589	93.2608053913557	22373.967	984.531
24.955920035264	98.6617010706391	23049.481	1424.281
41.3374869300105	99.965440027648	24064.389	2360.219
60.5079115936707	100.0	25252.456	3411.022
44.2717145826283	99.982180014256	24027.179	2602.484
44.6225743019406	99.988120009504	24327.75	2524.131
30.2434358052514	99.2396806082555	23288.11	1727.085
32.5497539601968	99.8468201225439	23222.685	1907.524
22.3748021001583	98.2943213645429	22666.586	1308.659
24.2870205703835	98.1749814600148	22676.604	1429.051
33.6276230979015	99.6049003160797	23308.366	1984.406
29.2695065843947	99.6427002858398	23167.613	1707.785
50.2465398027682	99.997120002304	24836.946	2846.442
12.2422902061678	88.5890891287287	22013.567	713.862
28.9745668203465	99.5451403638877	23095.942	1690.914
43.2910453671637	99.952660037872	24186.866	2449.159
52.8790676967458	99.998920000864	24840.73	3030.259
8.92293286165371	79.3324165340668	21537.617	519.251
9.36184251052599	81.8619545104364	21778.462	540.476
46.942272446182	99.987940009648	24313.436	2662.258
24.1435506851595	98.0506015595188	22925.339	1356.982
40.618157505474	99.932680053856	24071.749	2309.104
12.522409982072	89.6291282966974	21963.217	709.745
14.9756780194576	92.236246211003	22054.21	867.001
34.1231227015018	99.7048002361598	23241.716	1992.813
6.31216495026804	68.4418852464918	21119.822	369.538
8.83732293014166	78.8672969061625	21527.565	504.523
44.3905044875964	99.985780011376	24058.159	2606.125
19.6192743045806	97.6234619012305	22651.852	1115.473
47.3269221384623	99.991540006768	24094.247	2789.535
21.1816130547096	97.0251423798861	22595.729	1230.236
60.5085315931747	100.0	25060.823	3558.723
34.9979220016624	99.8380001295999	23774.098	1972.62
