0.000939999248000602	0.0169199864640108	1.432	0.475
0.000959999232000614	0.0172799861760111	2.619	0.479
0.000989999208000634	0.0178199857440114	1.577	0.486
0.00099999920000064	0.0179999856000115	1.56	0.506
0.00189999848000122	0.0340199727840218	2.012	0.574
0.00197999841600127	0.0356399714880228	1.952	0.594
0.00203999836800131	0.0363599709120233	1.804	0.561
0.00205999835200132	0.0370799703360237	4.756	0.621
0.00282999773600181	0.0507599593920325	2.352	0.648
0.00289999768000186	0.0521999582400334	6.067	0.67
0.00303999756800195	0.0543599565120348	3.077	0.703
0.00310999751200199	0.0557999553600357	2.532	0.659
0.00368999704800236	0.0664199468640425	3.294	0.725
0.00391999686400251	0.0698399441280447	7.904	0.771
0.00394999684000253	0.070379943696045	2.84	0.804
0.00408999672800262	0.0730799415360468	2.971	0.72
0.00473999620800303	0.0836999330400536	2.843	0.831
0.00508999592800326	0.0898199281440575	4.122	0.903
0.00590999527200378	0.105659915472068	11.866	0.952
0.00611999510400392	0.108539913168069	3.979	0.921
0.00857999313600549	0.151199879040097	4.579	1.491
0.00895999283200574	0.157679873856101	16.661	1.133
0.00909999272000582	0.160019871984102	5.308	1.109
0.00911999270400584	0.159839872128102	6.188	1.201
0.00992999205600635	0.169379864496108	6.789	1.251
0.0129499896400083	0.226439818848145	23.192	1.353
0.0131199895040084	0.229679816256147	8.88	1.527
0.0131799894560084	0.229679816256147	7.384	1.365
0.0134599892320086	0.236159811072151	5.534	1.928
0.018809984952012	0.324539740368208	7.142	1.735
0.0188699849040121	0.325079739936208	33.153	1.853
0.0195499843600125	0.338219729424216	10.321	1.843
0.0262799789760168	0.447299642160286	16.285	2.426
0.0268199785440172	0.452159638272289	13.102	2.183
0.0273999780800175	0.461699630640296	9.523	2.314
0.0285599771520183	0.480779615376308	47.139	2.366
0.0398199681440255	0.650339479728416	18.755	4.281
0.0411699670640263	0.67211946230443	22.121	3.354
0.0417499666000267	0.679139456688435	12.489	4.735
0.042239966208027	0.686519450784439	64.051	3.206
0.0615399507680394	0.949859240112608	25.72	3.853
0.0622499502000398	0.964799228160617	86.384	4.017
0.0628699497040402	0.973619221104623	30.92	4.632
0.0635899491280407	0.989639208288633	19.288	4.981
0.0934899252080598	1.37321890142488	32.517	5.993
0.0943499245200604	1.37771889782488	22.272	7.645
0.0943599245120604	1.37159890272088	105.569	5.999
0.0947399242080606	1.37771889782488	41.268	6.554
0.14008988792809	1.86551850758519	49.758	8.731
0.14040988767209	1.85309851752119	39.22	9.004
0.14055988755209	1.83581853134517	24.387	10.032
0.14122988701609	1.85759851392119	123.904	7.375
0.209249832600134	2.40857807313754	98.524	10.232
0.211499830800135	2.41541806766555	30.929	13.226
0.211579830736135	2.43017805585756	58.888	10.941
0.212439830048136	2.43431805254556	49.246	10.843
0.311379750896199	3.00815759347393	74.35	13.684
0.314069748744201	3.00653759476992	36.541	16.095
0.317349746120203	3.02651757878594	53.086	13.995
0.317669745864203	3.02849757720194	86.792	13.969
0.470199623840301	3.60845711323431	50.198	17.165
0.472899621680303	3.58415713267429	43.249	19.455
0.473479621216303	3.62411710070632	84.189	19.5
0.476369618904305	3.61025711179431	89.957	16.979
0.709559432352454	4.10273671781063	48.896	24
0.711789430568456	4.11371670902663	96.488	23.725
0.713549429160457	4.12649669880264	57.228	22.33
0.715329427736458	4.14017668785865	99.4	20.824
1.06674914660068	4.63247629401897	106.199	26.416
1.06691914646468	4.64813628149097	55.794	29.6
1.06765914587268	4.62473630021096	57.592	27.17
1.06776914578468	4.62509629992296	113.161	27.997
1.59643872284902	5.21837582529934	113.702	34.381
1.59682872253702	5.22107582313934	110.062	32.223
1.59972872021702	5.21063583149134	65.233	33.167
1.60315871747303	5.22899581680335	68.08	34.502
2.39223808620953	6.03557517153986	107.501	38.569
2.39459808432153	6.04835516131587	136.932	40.358
2.40037807969754	6.03269517384386	79.224	43.25
2.40207807833754	6.05267515785987	80.558	38.96
3.5940071247943	7.23275421379663	182.491	52.946
3.5954771236183	7.22627421898062	95.691	51.406
3.5992471206023	7.22033422373262	132.29	48.965
3.5995871203303	7.24481420414864	96.134	51.457
5.39156568674745	9.04409276472579	116.352	69.18
5.39387568489945	9.04265276587779	208.336	70.308
5.39854568116345	9.02789277768578	155.582	66.751
5.39892568085946	9.02429278056577	124.279	72.245
8.08962352830118	11.7167306266155	257.723	94.662
8.09026352778918	11.7142106286315	158.573	96.711
8.09037352770118	11.7286106171115	201.995	93.237
8.09249352600518	11.7390506087595	151.308	91.341
12.1335902931278	15.7661873870501	415.458	138.993
12.1380302895758	15.7868873704901	231.84	131.313
12.1403902876878	15.7732073814341	200.341	136.839
12.1412702869838	15.7751873798501	220.748	140.82
17.9935556051555	20.4919036064771	311.534	196.882
18.2047354362116	21.851442518846	312.365	197.406
18.2061654350677	21.835602531518	502.991	192.013
18.2097254322197	21.85216251827	275.227	200.236
27.3053781556975	30.9371152503078	675.889	293.53
27.3066481546815	30.9772552181958	436.439	289.981
27.3126781498575	30.9372952501638	418.261	294.968
27.3134981492015	30.9578152337478	393.937	286.233
37.3091501526799	40.9409672472262	566.853	389.94
37.3113501509199	40.9285472571622	492.578	377.819
37.3125701499439	40.9560872351302	549.309	367.934
37.3127701497839	40.9580672335462	930.406	397.958
47.3078721537023	50.9421192463046	630.58	465.789
47.3105621515503	50.9440992447206	697.931	478.645
47.3126721498623	50.9680392255686	663.563	473.422
47.3134321492543	50.9422992461606	1135.745	443.252
57.3072341542127	60.937691249847	788.933	564.775
57.3123541501167	60.971171223063	859.082	558.147
57.3127241498207	60.958751232999	727.673	560.261
57.3166041467167	60.951011239191	1329.817	574.959
67.3084461532431	70.9595432323654	990.085	636.763
67.3117561505951	70.9631432294854	910.737	635.488
67.3119561504351	70.9473032421574	1577.277	632.275
67.3132761493791	70.9644032284774	874.009	632.411
77.2712581829934	80.4260956591235	1823.893	739.987
77.3132381494095	80.9574552340358	1018.716	733.744
77.3168981464815	80.9288352569318	1149.167	744.083
77.3183581453135	80.9345952523238	1010.599	718.168
87.0724503420397	89.5272483782013	1059.584	829.221
87.3062701549839	90.9609472312422	1256.767	868.593
87.3081201535039	90.9431272454982	1119.624	825.185
87.3108101513519	90.9425872459302	1995.544	862.818
96.938122449502	99.1682206654235	1216.472	918.851
97.0600223519821	99.4198604641116	1382.663	912.898
97.1396622882702	99.6279402976478	1198.168	928.723
97.2079922336062	99.8423201261439	2173.9	951.006
