0.000919999264000589	0.0165599867520106	5.404	0.47
0.00153999876800099	0.0277199778240177	8.68	0.873
0.00163999868800105	0.0295199763840189	9.458	0.824
0.0040599967520026	0.0730799415360468	22.47	1.179
0.00538999568800345	0.0970199223840621	28.695	1.844
0.00892999285600572	0.160199871840103	119.801	4.112
0.0131999894400084	0.236879810496152	154.544	6.609
0.0181999854400116	0.326519738784209	239.467	9.445
0.0237899809680152	0.424439660448272	317.191	12.247
0.0410999671200263	0.732779413776469	543.016	20.727
0.0535499571600343	0.949679240256608	676.763	28.062
0.0630599495520404	1.11005911195271	709.506	31.427
0.141579886736091	2.45969803224157	1350.565	66.54
0.175129859896112	2.98061761550591	1138.751	85.581
0.217099826320139	3.60359711712231	1022.608	96.72
0.321959742432206	5.13269589384328	1091.78	121.922
0.708959432832454	10.8295113363909	1788.747	243.473
1.01623918700865	14.2421286062971	1567.723	273.043
1.562498750001	19.6856842514526	1296.276	332.861
2.38352809317753	25.8652593077926	1551.202	363.819
3.5868671305063	23.0459215632627	1145.454	330.467
3.5870571303543	32.0349343720525	1762.729	423.808
7.0282143774285	32.810553751557	1650.769	517.421
10.2382718093826	34.7052322358142	1935.196	680.778
17.6677958657633	48.3544413164469	2828.013	1176.794
27.2750081799935	63.1336894930484	3881.725	1795.175
36.9346104523116	68.9070048743961	4745.135	2258.276
47.0515223587821	80.1798558561153	5754.01	3051.993
55.8608253113398	82.4735940211248	6621.912	3473.714
64.2257986193611	87.425390059688	7249.068	3916.585
75.3827296938162	98.5411011671191	7134.248	4532.605
83.8776828978537	99.96130003096	7471.159	5088.036
90.568447545242	100.0	7348.835	5333.989
