28.7560069951944	99.4646804282557	1113.452	743.06
0.0633599493120405	1.13435909251273	1052.809	653.892
0.271189783048174	4.77467618025906	1068.456	662.474
14.3800784959372	90.605627515498	1077.96	679.328
32.5119439904448	99.8299001360799	1149.601	754.765
52.5750979399216	99.997840001728	1169.967	769.757
46.7403126077499	99.9865000108	1117.489	734.14
49.5669103464717	99.99370000504	1174.876	772.361
40.3643077085538	99.9188200649439	1148.091	753.244
58.0610235511812	100.0	1177.647	771.5
0.34366972506422	5.98643521085183	1103.76	704.03
12.2729801816159	88.6589290728567	1136.254	737.661
44.3309445352444	99.98290001368	1132.03	748.111
3.83449693240245	49.3818804944956	1073.665	679.919
0.592869525704379	10.1388518889185	1090.255	693.729
22.1907522473982	98.1202615037908	1149.182	744.09
55.5488555609155	99.999640000288	1162.56	759.842
1.27330898135281	20.5205235835811	1063.254	657.209
0.108109913512069	1.92329846136123	1115.751	700.619
0.196689842648126	3.47309722152222	1093.625	683.849
2.62313790148968	37.4797500162	1096.993	695.177
1.8693885044892	28.6880170495864	1074.509	685.385
35.5313715749027	99.9065800747359	1170.068	765.098
0.792939365648508	13.2807493754005	1102.359	705.678
36.7018306385355	99.7744601804319	1159.348	758.29
60.5064715948227	100.0	1149.542	738.64
8.68627305098156	78.078897536882	1097.547	683.184
25.3209497432402	98.8879608896313	1122.065	737.9
6.24317500546	67.8050457559634	1087.567	689.827
19.4679644256285	97.4103420717263	1121.194	718.847
