44.0631047495162	79.7890761687391	5914.118	3094.187
53.6363870908903	84.7563521949183	5780.295	3467.959
6.29681496254803	39.6987882409694	2356.98	558.062
88.4869792104166	99.997120002304	7428.75	5126.978
1.90249847800122	22.7806017755186	1728.771	345.325
1.29753896196883	17.4686260250992	1827.264	329.67
14.091438726849	50.2024998380001	3214.774	1037.692
0.599219520624384	9.381232495014	2091.568	217.969
33.9460728431417	67.9301456558835	4430.719	2268.676
85.3832716933826	99.994960004032	8195.409	5270.29
4.00565679547456	31.3602949117641	1508.609	422.051
29.0745767403386	65.1518478785217	4515.867	1960.53
55.9969652024278	79.2159566272347	6992.08	3392.031
0.398999680800255	6.54029476776419	2131.135	159.122
48.5385611691511	78.9997768001786	5152.691	3143.5
72.7256918194465	97.9197416642067	7680.843	4389.826
75.3769996984002	96.7040226367819	6579.491	4394.617
80.2235258211793	99.1864006508795	6646.011	4834.524
91.5707667433866	100.0	7739.633	5687.339
0.89021928782457	13.0312695749843	2064.44	256.924
22.6826118539105	49.2692005846395	3633.955	1350.788
0.154729876216099	2.63933788852969	1240.023	70.367
65.5448675641059	88.1428694857044	6106.755	3925.732
2.12245830203336	20.261863790509	1158.933	268.835
19.0994247204602	55.1865158507873	3493.148	1261.982
0.100159919872064	1.75949859240113	1419.051	50.804
62.9151196679043	90.2373478101217	6250.089	3756.729
9.01667278666177	39.6424482860414	2056.931	670.861
39.095058723953	75.2638797888962	5544.47	2646.301
0.299789760168192	5.01497598801921	1876.497	140.811
