84.0999427200458	84.1000727199418	1122.846	733.506
0.400009679992256	0.400319679744256	1022.234	622.424
34.0999827200138	34.1000727199418	1089.305	694.97
0.600009519992384	0.600119519904384	1080.044	672.488
0.100009919992064	0.100079919936064	1027.617	622.509
14.099998720001	14.100288719769	1093.412	691.441
64.099958720033	64.100108719913	1134.192	732.452
0.300009759992192	0.300059759952192	1057.982	663.442
1.90000847999322	1.90025847979322	1070.175	664.221
89.099938720049	89.100108719913	1113.752	724.46
0.900009279992576	0.900179279856576	1081.245	669.988
39.099978720017	39.100108719913	1126.468	721.336
54.0999667200266	54.1000367199706	1100.489	720.022
0.200009839992128	0.200159839872128	1056.751	660.874
19.0999947200042	19.1001447198842	1048.896	653.609
69.0999547200362	69.1001447198842	1129.479	729.943
1.30000895999283	1.30031895974483	1023.067	625.007
94.0999347200522	94.1001447198842	1134.269	714.263
2.80000775999379	2.80007775993779	1076.809	672.011
6.30000495999603	6.30017495986003	1055.366	648.277
4.20000663999469	4.20011663990669	1105.644	680.382
9.40000247999802	9.40013247989402	1049.018	644.164
99.0999307200554	99.1001807198554	1113.192	743.757
74.0999507200394	74.1000007199994	1101.092	713.187
44.0999747200202	44.1001447198842	1068.05	660.649
49.0999707200234	49.1001807198554	1113.951	721.817
79.0999467200426	79.1000367199706	1114.067	705.206
24.0999907200074	24.1001807198554	1079.422	681.81
59.0999627200298	59.1002527197978	1127.659	719.892
29.0999867200106	29.1002167198266	1118.97	700.239
