47.4740420207664	99.99460000432	1506.941	775.589
1.22086902330478	19.7447242042206	799.729	144.708
6.0963051229559	66.7131666294667	1671.141	484.591
47.4712020230384	99.99460000432	1068.674	778.328
31.6054347156522	99.6392802885758	1015.837	731.724
1.08116913506469	17.5834659332273	2228.412	103.928
50.002279998176	99.9955000036	1069.905	781.555
0.101789918568065	1.81385854891316	69.059	8.408
60.5085315931747	100.0	1075.05	816.545
22.4867520105984	98.404661276271	1042.057	726.279
26.1509690792247	99.3775604979516	1327.313	742.422
1.21626902698478	19.6561642750686	762.046	130.846
28.105297515762	99.2128606297115	1995.01	778.464
1.86298850960919	28.5940571247543	3346.458	180.22
0.245669803464157	4.32377654097877	582.874	18.165
35.6500114799908	99.925660059472	1403.979	739.007
4.98029601576319	57.1998142401486	1401.876	407.374
2.5042379966096	35.985571211543	1250.959	256.112
55.5446455642835	100.0	1446.294	821.801
60.5089415928467	100.0	1086.129	798.556
52.9300776559379	99.998920000864	2041.468	815.532
0.0534999572000342	0.957419234064613	36.511	5.206
58.0555835555332	100.0	1484.432	764.852
32.5425639659488	99.8457401234079	1986.981	771.988
3.17642745885803	42.200606239515	1261.833	295.538
40.8344273324581	99.944020044784	1050.641	786.524
2.55175795859363	36.5529307576554	3843.807	255.62
0.258699793040166	4.55309635752291	179.436	22.167
50.2197698241841	99.996040003168	2035.129	800.989
0.366549706760235	6.38081489534808	253.049	30.678
58.0408335673331	100.0	1090.961	843.802
3.53205717435426	46.1031831174535	4099.261	298.795
24.2545705963435	98.1463614829108	2023.786	717.218
60.5095815923347	100.0	1440.499	797.121
0.354169716664227	6.16643506685195	831.015	27.159
14.8872180902255	91.9979264016589	1836.039	670.56
13.8120889503288	88.9467488426009	1165.54	618.991
0.195829843336125	3.45311723750621	131.573	14.678
0.401939678448257	6.98579441136447	277.601	33.417
50.1432798853761	99.99460000432	1472.768	762.541
38.6810490551608	99.961120031104	2014.016	787.575
44.1897746481803	99.98020001584	1051.373	778.098
44.4152844677724	99.984880012096	1492.742	771.815
0.0634899492080406	1.13597909121673	47.107	5.289
25.4979596016323	99.0001007999194	1023.33	730.201
58.0275535779571	99.999640000288	1074.334	785.078
29.3200565439548	99.6626802698558	1394.15	750.895
0.0614299508560393	1.0992591205927	148.689	4.682
10.909431272455	83.2655933875253	1775.369	574.546
0.136649890680087	2.43053805556956	325.623	9.901
18.4948752040998	95.9053632757094	1064.303	707.916
32.0425343659725	99.7348602121118	1049.126	728.917
14.4631084295133	90.8389073288741	1294.823	635.019
4.16534666772267	52.9820576143539	1508.359	352.287
0.150289879768096	2.66453786836971	103.196	12.081
55.4656356274915	99.99910000072	1058.82	778.243
50.2236998210401	99.997480002016	1064.971	768.648
40.4889676088259	99.926380058896	1060.042	785.125
0.122689901848079	2.1839382528494	83.169	12.053
34.4772524181981	99.7602401918079	1055.394	771.758
31.4161148671081	99.5955403235677	1400.379	735.895
6.05456515634788	66.3490269207785	1458.947	465.157
0.570689543448365	9.76229219016625	403.543	43.649
22.9315416547667	98.7902209678232	1039.879	734.195
0.53202957437634	9.10601271518983	355.513	42.406
0.200629839496128	3.54905716075427	140.819	14.575
0.383369693304245	6.67223466221227	277.041	30.19
29.1390966887226	99.6018403185277	1026.133	765.072
12.8669797064162	90.8797672961862	1294.461	675.372
44.5883143293485	99.987580009936	2059.008	774.492
14.9407280474176	92.0965663227469	1273.65	671.761
0.601389518888385	10.2673717861026	1369.125	46.445
3.34102732717814	44.0810647351482	1355.936	309.727
2.86334770932183	40.559727552218	1357.609	276.711
0.0674599460320432	1.20779903376077	45.234	5.601
38.2187294250165	99.924580060336	1431.54	759.45
52.9279976576019	99.998740001008	1064.509	771.168
43.813014949588	99.970840023328	1057.418	779.512
0.875789299368561	14.6132883093694	1903.011	83.276
1.29040896767283	20.8097833521733	829.613	143.159
55.4942756045795	99.999820000144	2042.784	835.028
0.675799459360433	11.3830108935913	449.894	52.634
1.75304859756112	27.0125783899373	1010.208	180.847
22.6132619093905	98.5222011822391	1353.812	704.389
0.267649785880171	4.69781624174701	188.233	20.578
0.87439930048056	14.5999683200253	601.29	83.78
41.0030271975782	99.95140003888	2090.846	773.207
0.161039871168103	2.85515771587383	385.137	12.186
1.83981852814518	28.2527773977781	1086.806	179.928
12.9326796538563	91.1051271158983	1823.763	662.179
60.5079115936707	100.0	2037.557	829.596
0.607979513616389	10.3816716946626	419.751	53.299
58.0432835653731	100.0	2028.094	801.503
19.6423942860846	97.6537018770385	1283.633	692.308
24.5357203714237	98.356061315151	1014.664	730.35
1.36193891044887	21.3832628933897	820.213	142.571
47.4298520561184	99.992620005904	1050.548	769.602
2.84577772337782	40.3183477453218	1362.654	275.426
38.3937092850326	99.932860053712	1024.019	774.436
19.6364242908606	97.6600018719985	1947.986	724.824
35.0171919862464	99.8367401306079	1049.975	745.658
34.7560921951262	99.8056001555199	1972.726	781.96
0.134729892216086	2.39813808148954	95.011	10.484
17.4359260512592	93.9973648021082	1111.89	659.247
20.8399333280533	96.6323826940938	1988.18	689.972
55.3738957008834	99.999640000288	1093.942	771.14
40.2659177872658	99.9109000712799	1403.547	756.912
52.9203876636899	99.998740001008	1419.898	800.336
52.7478978016818	99.997840001728	1087.015	778.651
11.5621807502554	85.964331228535	1209.269	595.609
27.3291981366415	98.8467409226073	1032.765	768.725
37.0642503485997	99.8167601465919	1040.242	755.868
0.766989386408491	12.8541497166802	517.293	83.928
0.181509854792116	3.21173743061006	125.815	16.97
46.5301227759018	99.983080013536	2090.715	765.245
