49.0638807488954	84.6757122594302	5366.677	2070.421
34.0159727872218	69.2772645781883	3072.042	1430.958
29.1131367094906	65.5296675762659	3508.774	1211.178
0.079659936272051	1.39445888443289	41.339	5.69
0.181409854872116	3.11165751067399	82.6	14.291
0.110759911392071	1.89125848699321	59.019	6.307
3.89035688771449	29.9942760045792	1023.614	187.525
14.092668725865	50.2260798191361	2185.655	605.917
0.384559692352246	6.26705498635601	549.513	22.682
9.39129248696601	44.6338442929246	1466.016	413.752
33.9749128200697	68.3184053452757	3777.336	1469.852
0.262259790192168	4.35995651203479	379.171	14.469
0.268299785360172	4.47389642088286	135.31	18.74
38.8277689377849	71.822282542174	4351.3	1601.94
53.9175768659385	87.6818898544881	5532.589	2248.093
2.78907776873778	28.3006573594741	728.18	135.167
38.6175291059767	69.7062042350366	3927.517	1574.093
0.598609521112383	9.376192499046	266.928	37.061
49.0720207423834	84.7599521920382	5262.491	2076.16
44.0947747241802	80.2378158097473	4821.028	1815.703
1.30249895800083	17.5456659634672	453.506	70.984
18.9563448349241	53.3373773300981	3357.378	805.328
1.21361902910478	16.0432071654343	423.274	69.759
7.1918242465406	29.8614361108511	942.593	306.115
0.401039679168257	6.5676547458762	172.042	21.999
0.566239547008362	8.78759296992562	218.578	32.645
0.900509279592576	13.1956094435124	344.725	59.321
63.3206093435125	92.3631461094831	5847.234	2538.607
19.0676747458602	55.0668159465472	2496.906	819.862
13.8732989013609	47.1297222962222	1808.784	625.123
33.5038231969414	63.8724089020729	4305.753	1359.215
0.338339729328217	5.49197560641951	146.003	24.393
63.6263090989527	94.5011843990525	5976.294	2633.252
0.384479692416246	5.94989524008381	524.688	21.66
18.6539550768359	49.97930001656	1964.673	767.398
0.100549919560064	1.76507858793713	46.629	5.784
23.383551293159	53.0032975973619	3133.711	1005.68
29.0389367688506	64.6987882409694	4110.66	1197.184
34.0439627648298	69.3386445290844	3524.004	1459.515
41.1240971007223	64.5321083743133	3221.022	1654.978
14.105658715473	50.2851197719042	1729.937	592.2
9.41876246499003	44.7386042091166	1663.049	429.188
0.284149772680182	4.75559619552304	120.585	16.035
1.89874848100122	22.6304818956145	1749.215	94.689
43.2714953828037	72.2726421818863	4547.745	1764.879
4.12836669730664	33.2220334223733	2144.885	193.769
49.0703507437194	84.7228722217022	4747.786	2056.397
1.28985896811283	17.3419061264751	1458.213	70.58
19.1094447124442	55.3173757460994	2336.298	812.413
0.34447972441622	5.60033551973158	180.684	23.843
1.14193908644873	13.2758893792885	365.628	67.481
28.4484072412742	58.4389332488534	2566.591	1201.125
9.41485246811803	44.7326642138686	2667.421	407.623
53.051247559002	81.0674351460519	5167.84	2253.223
14.087638729889	50.2314798148161	2977.725	603.589
5.39789568168345	30.4611956310435	1798.395	221.197
4.0559567552346	32.0822743341805	869.335	182.962
0.638459489232409	9.16829266536587	801.014	36.227
20.6383434893252	43.3461253230997	2165.885	809.365
44.0905147275882	80.2320558143553	4486.779	1810.205
1.90394847684122	22.7615217907826	720.578	104.598
57.4352540517968	83.4310132551894	5777.968	2437.271
0.299949760040192	5.02487598009922	128.888	21.464
0.197469842024126	3.37553729957016	86.715	12.377
2.46908802472958	23.8201009439192	1604.305	112.868
2.57528793976965	19.9873640101088	571.937	121.929
0.195319843744125	3.34673732261014	291.44	10.943
22.5656119475104	48.8782408974073	2090.576	954.929
1.13417909265673	13.2076694338645	342.971	56.323
63.7806489754808	95.7566833946533	5357.71	2563.862
38.991468806825	73.9846208123033	3494.998	1583.055
6.28151497478802	39.2878485697211	1342.907	298.266
48.470841223327	78.6469770824183	4091.302	1951.869
6.26476498818801	39.020728783417	1195.712	289.13
0.880489295608563	12.8222897421682	335.778	49.316
56.306284954972	80.0102959917632	5384.081	2422.551
22.2923321661343	47.8472017222386	2613.307	922.53
0.0823599341120527	1.44935884051293	48.382	5.19
2.78427777257778	28.173397461282	758.502	141.636
0.0982699213840629	1.73051861558511	151.648	5.707
39.063678749057	75.0844199324641	4825.641	1581.129
57.9854636116291	85.6770514583588	4692.97	2348.097
2.80260775791379	28.4923572061142	900.393	142.005
4.39434648452281	25.063359949312	704.139	177.985
63.3827392938086	92.7989257608594	6288.198	2563.833
52.3885080891935	78.2281174175061	4124.995	2125.04
58.5415331667735	89.074728740217	5697.238	2358.922
1.29357896513683	17.4470260423792	541.233	74.449
28.3958672833062	58.0548135561492	2887.34	1184.483
52.1260382991694	77.3399981280015	4747.318	2132.748
0.76632938693649	10.994391204487	341.036	48.368
0.598219521424383	9.36341250926999	242.806	40.399
0.863519309184553	11.3374709300233	296.828	43.32
0.220369823704141	3.67775705779435	93.831	11.078
0.899629280296576	13.2004694396244	373.972	52.204
0.299569760344192	5.03207597433922	147.128	16.214
49.0529407576474	84.6209923032062	4871.581	2153.755
0.0998199201440639	1.75355859715312	155.33	5.662
4.47770641783487	25.4618796304963	777.278	188.591
0.577089538328369	8.97479282016574	797.06	32.632
49.0529407576474	84.6209923032062	5053.683	2071.618
14.120678703457	50.3070797543362	1649.415	637.797
38.9746688202649	73.405921275263	3409.374	1633.827
29.0104567916346	63.7257090194328	3301.611	1281.781
46.2967329626136	69.9799840160128	3657.472	1989.976
23.370011303991	52.9129376696499	2192.896	968.912
4.19855664115469	34.2932125654299	2209.969	195.988
52.0322683741853	77.0462383630093	4996.676	2226.062
43.766244987004	76.1138391089287	4239.737	1792.772
0.689539448368441	9.88361209311033	249.685	45.377
1.04883916092867	13.6965490427608	1134.837	55.504
2.68502785197772	26.6460986831211	677.993	125.074
43.69377504498	75.4060796751363	4828.219	1782.899
0.163569869144105	2.79521776382579	73.198	12.184
0.0990799207360634	1.74167860665711	44.745	6.091
0.12558989952808	2.14685828251337	186.997	6.734
1.89825848139321	22.6645018683985	1744.631	98.561
9.41784246572603	44.7274442180446	1720.525	422.776
5.10549591560327	28.7162770269784	819.687	216.194
4.16927666457867	33.8036129571096	896.641	196.53
41.6666566666747	65.9211672630662	4079.65	1696.579
0.400219679824256	6.54947476042019	163.115	24.581
61.0354911716071	84.329932536054	4699.481	2500.228
0.544749564200349	8.45369323704541	257.886	32.462
34.0560227551818	69.8822440942047	3045.888	1440.501
61.6602706717835	85.894311284551	6090.686	2498.519
0.92134926292059	12.0506303594957	355.624	52.302
18.8376349298921	51.8203385437292	2507.531	825.614
53.8485169211865	86.8927704857836	5453.202	2235.92
6.31762494590004	39.7324482140414	1407.119	294.854
39.089718728225	75.3184197452642	4400.97	1639.796
42.5015059987952	68.6098251121399	3462.464	1727.606
4.11310670951463	32.9057736753811	909.573	200.526
36.4423308461353	60.3357717313826	3805.145	1479.121
62.2994601604319	87.8260697391442	5709.735	2514.852
58.4339432528454	88.2247694201845	5842.691	2464.624
0.598109521512383	9.37691249847	233.775	35.778
24.0698907440874	60.1923118461505	2695.697	1007.887
2.77124778300177	28.0088775928979	884.996	142.625
0.29743976204819	4.99103600717119	129.357	21.252
2.78384777292178	28.167457466034	1975.664	130.342
29.1136867090506	65.5320075743939	4074.613	1208.435
1.90061847950522	22.7314618148305	597.133	101.559
48.2828513737189	77.3608781112975	4773.92	1981.64
1.89511848390521	22.6441618846705	667.87	100.2
23.8541409166873	57.0009143992685	3399.214	1001.387
0.876479298816561	12.8046497562802	1111.472	48.652
6.28874496900402	39.4977284018173	2442.2	274.721
9.41815246547803	44.7450842039326	1498.257	430.106
0.396579682736254	6.50123479901216	160.758	26.845
53.5184671852262	83.9339328528537	5114.811	2251.949
33.9916428066858	68.5138851888918	3753.88	1517.656
10.8388713289029	33.0972935221652	2253.594	433.872
19.0044947964042	54.1419766864187	2308.766	834.804
13.6103591117127	44.4857044114365	1749.743	564.297
18.3858952912838	47.9960616031507	1802.011	761.773
18.697265042188	50.4712396230083	2968.538	783.672
1.05692915445668	13.8149889480088	366.666	63.21
0.0665299467760426	1.16945906443275	30.052	5.743
33.9136928690457	67.9666856266515	3505.099	1415.593
56.6763846588923	81.0038951968838	5629.838	2335.077
58.3801332958934	87.9101296718963	5592.857	2350.554
0.601769518584385	9.41147247082202	242.15	39.798
0.188669849064121	3.22991741606607	82.531	10.658
0.133089893528085	2.26835818531345	74.776	10.292
2.80160775871379	28.4214372628502	746.666	143.272
0.396989682408254	6.49295480563616	198.9	26.997
4.19703664237069	34.364852508118	1140.798	212.139
29.1127067098346	65.5014075988739	3189.473	1205.932
39.105928715257	75.3763796988962	3986.406	1614.924
24.0912907269674	60.4680716255427	3088.432	1056.987
1.8729385016492	22.2353822116942	589.085	100.602
0.401989678408257	6.60473471621223	584.119	23.201
31.3664649068281	55.1204559036353	3469.348	1230.987
63.8076589538728	96.0043631965094	6176.804	2683.163
0.851729318616545	12.3710301031759	314.161	47.246
53.8246869402504	86.6306906954474	4508.066	2260.798
0.0885899291280567	1.555018755985	53.414	7.152
9.41360246911803	44.7225842219326	2681.36	407.968
13.1268894984884	41.1591270726983	1877.221	541.965
9.40712247430202	44.7071042343166	1341.198	414.258
0.266879786496171	4.45823643341085	393.976	16.641
58.6706030635175	90.0231479814816	4829.045	2356.277
27.2422882061694	52.7185378251697	2400.018	1074.709
58.6511130791095	89.9569080344736	5929.105	2348.201
2.79049776760179	28.3532173174261	1992.274	130.039
6.23555501155599	38.6726090619128	1154.678	293.189
5.24765580187536	29.5412163670269	1822.996	217.306
0.896679282656574	13.1659094672724	330.469	50.136
18.6107651113879	49.7186602250718	2975.246	756.966
38.1225295019764	66.3891668886665	4087.399	1637.288
1.7158886272891	19.9004240796607	533.918	95.227
29.0931767254586	65.4700876239299	3120.892	1222.032
6.27306498154802	39.2131486294811	1340.015	285.702
0.299409760472192	5.02325598139521	125.987	17.273
63.6899090480728	94.8669441064447	5335.607	2579.088
44.0922747261802	80.2241358206913	4405.288	1904.724
0.292949765640187	4.92281606174715	150.664	21.012
3.63845708923433	27.5082979933616	785.793	180.998
48.8175809459352	81.6308346953322	4703.193	2051.931
28.2885073691941	57.4008740793007	3925.578	1146.443
9.32416254066997	43.4478252417398	2591.59	407.272
42.6765858587313	69.3710445031644	3439.085	1772.729
38.9419688464249	72.9310816551347	3386.46	1587.966
0.393749685000252	6.41771486582811	163.961	29.383
1.29485896411283	17.4353260517392	448.197	69.77
52.4677880257696	78.5294371764503	4210.368	2142.568
0.148129881496095	2.52665797867362	226.56	7.956
0.596299522960382	9.33749253000598	817.621	31.969
0.600129519896384	9.38231249415001	241.72	40.895
63.7924189660648	95.8886232891014	6250.28	2643.379
28.9207168634265	63.0255095795923	3310.043	1247.347
48.5953711237031	79.6119563104349	5190.01	1992.599
14.095338723729	49.7784201772639	1641.137	606.531
23.9541108367113	58.0809135352692	2380.375	982.538
0.383469693224245	6.254634996292	164.08	23.035
6.30271495782803	39.6959082432734	1107.837	290.246
0.0989499208400633	1.74041860766511	46.215	5.798
17.5608159513472	43.748965000828	2200.368	774.37
58.8667329066137	91.9545464363628	4827.416	2451.667
0.601219519024385	9.39725248219801	276.663	38.558
24.1082707133834	60.3420717263426	3796.406	1004.299
0.0961299230960615	1.68335865331308	52.715	5.834
0.14095988723209	2.40803807356954	64.85	10.574
58.9503428397257	92.9366256506995	5581.414	2478.924
3.93716685026652	30.6541554766756	1025.255	196.873
2.06112835109732	19.6484242812606	516.531	93.655
60.3570017143986	82.796693762645	5471.966	2459.721
1.89221848622521	22.5710819431344	1758.187	94.941
53.7400270079784	85.7296114163109	5709.082	2251.092
0.300209759832192	5.02523597981122	437.039	18.698
0.400369679704256	6.57161474270821	572.826	25.299
0.400249679800256	6.55217475826019	195.528	27.041
0.867029306376555	12.6001699198641	1094.281	47.435
14.115278707777	50.2545197963842	1846.89	610.167
46.939102448718	71.7124826300139	3811.24	1906.753
29.1141967086426	65.5255275795779	2749.076	1241.477
