3.08204753436197	39.112888709689	2759.376	619.157
0.0286999770400184	0.514259588592329	408.66	13.341
0.00135999891200087	0.0244799804160157	7.637	0.599
0.00251999798400161	0.045359963712029	13.724	0.652
0.00520999583200333	0.09377992497606	27.682	1.432
0.0502099598320321	0.899099280720575	710.624	23.705
40.55998755201	95.0847439322049	4942.565	3220.151
34.8276621378703	98.3162813469749	3893.719	2894.953
0.00382999693600245	0.0689399448480441	20.308	0.871
0.276679778656177	4.82255614195509	2665.484	130.264
0.00172999861600111	0.0311399750880199	9.56	0.515
0.000879999296000563	0.0158399873280101	5.391	0.552
0.00128999896800083	0.0232199814240149	7.156	0.555
72.8434417252466	99.998740001008	6284.112	5242.18
0.0051499958800033	0.0926999258400593	27.508	1.065
1.4099888720089	21.6017827185738	3184.631	478.266
8.88298289361368	60.4801316158947	2823.665	838.285
51.6624886700091	99.7705001835999	4605.237	3902.906
0.457089634328293	7.67447386042091	2397.981	196.402
0.698819440944447	11.2930109655912	2600.632	276.802
41.1278570977143	95.9723232221414	4947.481	3272.197
14.6818082545534	73.5096011923191	3298.905	1079.585
0.0231099815120148	0.414719668224265	330.456	10.631
2.01435838851329	28.5141371886902	3056.282	539.412
66.1957470434024	99.98110001512	5844.678	4532.75
9.81651214679028	66.4644068284745	3025.151	873.645
0.00397999681600255	0.0716399426880459	21.536	1.296
0.0103299917360066	0.185759851392119	113.558	3.57
0.145099883920093	2.55455795635363	1680.433	66.287
0.0360199711840231	0.646019483184413	498.895	16.611
0.176449858840113	3.10895751283399	2044.742	84.829
24.8128101497519	90.9470872423302	3673.636	2489.19
0.00197999841600127	0.0356399714880228	11.291	0.886
0.00525999579200337	0.0946799242560606	27.712	1.395
0.00705999435200452	0.126899898480081	76.31	2.729
1.76602858717713	24.959860032112	2853.401	466.292
0.326889738488209	5.60069551944358	2370.236	149.007
51.8366185307052	99.8486201211039	5025.891	3834.502
0.777809377752498	12.540229967816	2829.186	291.086
0.591759526592379	9.89765208187833	2969.611	247.131
65.4066576746739	99.938080049536	6121.967	4975.901
0.00259999792000166	0.04679996256003	13.837	0.642
0.00629999496000403	0.113219909424072	32.741	1.268
1.23119901504079	18.788744969004	2798.26	431.499
0.138769888984089	2.44601804318557	1622.809	65.368
58.0202335838131	99.6814002548798	5643.335	4325.586
3.19615744307405	40.694727444218	2456.655	676.436
0.0102399918080066	0.184139852688118	131.589	4.616
0.508249593400325	8.48231321414943	2461.551	217.853
5.30016575986739	47.3140421487663	2397.116	621.086
1.52021878382497	21.6154627076298	2120.562	452.847
25.4227396618083	93.8866648906681	3553.066	2515.518
4.11900670479464	44.4945244043805	2413.591	600.089
0.0256099795120164	0.459539632368294	360.53	12.324
0.000809999352000518	0.0145799883360093	4.955	0.413
34.1801226559019	96.5218627825098	4091.804	2845.103
7.26603418717265	64.7452282038174	2694.03	819.397
0.299759760192192	5.14223588621129	2241.812	135.502
0.0028199977440018	0.0507599593920325	15.266	0.699
78.6506670794663	100.0	6341.453	5430.736
0.00727999417600466	0.130499895600084	97.142	2.958
0.0170499863600109	0.305819755344196	208.923	6.957
13.9547488362009	70.1806838554529	3369.572	1035.097
6.61150471079623	58.1257334994132	2713.315	703.686
0.076539938768049	1.36133891092887	1003.899	36.263
0.000899999280000576	0.0161999870400104	5.424	0.538
0.0646799482560414	1.15253907796874	880.149	28.49
0.0165599867520106	0.29735976211219	221.13	7.542
59.401332478934	99.948160041472	5160.548	4120.163
0.0818699345040524	1.45889883288093	1122.124	36.593
0.17199986240011	3.00455759635392	1763.865	78.348
0.00223999820800143	0.0403199677440258	12.489	0.791
4.62084630332296	50.2123998300801	2541.358	702.513
8.23510341191727	56.7238946208843	2762.237	769.114
0.123879900896079	2.20121823902541	1625.628	58.434
11.6428606857115	60.891251286999	3331.492	914.081
32.2365442107646	91.3441669246665	4460.114	3023.739
0.835549331560535	13.4560692351446	2972.94	310.388
72.9078716737027	99.999460000432	6242.628	5342.823
3.25399739680208	35.948851240919	2119.99	530.038
3.98322681341855	43.1564054748756	2310.886	602.485
14.9703280237376	74.976780018576	3422.79	1089.357
2.76075779139377	34.8672321062143	2235.446	568.375
0.0143999884800092	0.259019792784166	187.322	6.45
49.3389405288476	98.2453614037109	5233.6	4036.896
0.00920999263200589	0.165419867664106	99.157	3.041
66.3074369540504	99.9865000108	5693.365	4893.383
0.118569905144076	2.09861832110534	1546.169	55.834
34.40166247867	97.1403422877262	4179.633	3049.607
66.6510666791467	99.995140003888	5913.997	4887.723
0.0951299238960609	1.68623865100908	1237.068	43.532
0.00384999692000246	0.0692999445600443	20.627	0.933
0.00146999882400094	0.0264599788320169	8.113	0.5
0.0176899858480113	0.317879745696203	246.266	8.501
3.22975741619407	41.2399470080424	3411.464	671.621
0.0493399605280316	0.882359294112565	702.123	24.433
57.6090039127969	99.5557603553917	5653.735	4393.784
0.045349963720029	0.811079351136519	643.893	19.549
1.59166872666502	22.5903419277265	2578.197	455.41
78.6309470952423	100.0	6557.228	5610.212
0.00973999220800623	0.174779860176112	112.669	3.579
0.630749495400404	10.5654515476388	3016.143	279.046
0.259609792312166	4.51745638603489	2471.997	124.262
0.397409682072254	6.79391456486835	2867.092	190.601
56.8433745253004	99.2983605613116	5967.477	4723.604
0.25032979973616	4.30775655379476	1961.749	111.19
0.000789999368000506	0.0142199886240091	4.96	0.528
0.0330499735600212	0.59327952537638	463.116	13.939
0.0338499729200217	0.606239515008388	470.686	15.529
73.0004715996227	99.99910000072	6247.064	5028.143
7.69503384397292	53.7810769751384	2761.951	743.211
78.6277270978183	100.0	6399.47	5542.46
0.0013999988800009	0.0251999798400161	8.005	0.637
0.0488299609360313	0.871019303184557	665.983	22.673
0.0189499848400121	0.339839728128217	194.998	6.243
40.5015775987379	94.9927640057888	4832.798	3474.552
0.676519458784433	10.902951277639	2590.115	256.267
0.00738999408800473	0.132839893728085	38.645	1.473
25.03889996888	92.0418463665229	3585.992	2497.222
43.1868954504836	98.9623008301593	4447.436	3453.682
0.00575999539200369	0.103499917200066	30.155	1.241
48.8048609561112	97.8059817552146	5571.485	3807.035
72.5400819679344	99.996940002448	6117.823	5013.095
7.40670407463674	66.4267868585705	2786.339	809.228
1.16899906480075	17.8862256910194	2782.919	388.245
0.170599863520109	2.99969760024192	1969.821	82.017
0.268519785184172	4.67477626017899	2631.638	122.304
19.9015940787247	73.9448408441273	3900.953	1454.569
78.6499970800023	100.0	6614.279	5781.006
1.17219906224075	17.9339256528595	2779.98	418.209
0.0775399379680496	1.38401889278489	1060.695	37.273
0.00248999800800159	0.0448199641440287	13.923	0.935
