19.0999947200042	19.1001447198842	909.502	582.476
99.0999307200554	99.1001807198554	4373.81	3110.319
84.0999427200458	84.1000727199418	3907.131	2536.767
0.300009759992192	0.300239759808192	28.077	9.777
0.200009839992128	0.200159839872128	12.493	6.963
9.40000247999802	9.40031247975002	486.515	305.861
0.400009679992256	0.400139679888256	24.862	13.833
6.30000495999603	6.30017495986003	288.374	184.898
14.099998720001	14.100108719913	661.905	455.5
29.0999867200106	29.1002167198266	2295.013	882.313
84.0999427200458	84.1000727199418	6619.066	2657.765
79.0999467200426	79.1000367199706	4497.652	2516.017
1.30000895999283	1.30013895988883	100.494	39.455
79.0999467200426	79.1002167198266	5757.845	2523.81
64.099958720033	64.100108719913	4649.221	2075.891
6.30000495999603	6.30017495986003	360.521	193.299
94.0999347200522	94.1001447198842	5406.558	2896.121
1.90000847999322	1.90025847979322	146.865	59.432
99.0999307200554	99.1001807198554	7192.482	3027.778
0.600009519992384	0.600119519904384	34.995	21.501
0.200009839992128	0.200159839872128	13.541	6.906
89.099938720049	89.100108719913	4320.728	2793.177
49.0999707200234	49.1001807198554	2799.022	1587.93
39.099978720017	39.100288719769	1898.911	1274.219
89.099938720049	89.100108719913	4853.026	2844.484
24.0999907200074	24.1000007199994	1134.742	776.321
29.0999867200106	29.1000367199706	1365.696	930.371
29.0999867200106	29.1000367199706	2686.706	862.744
24.0999907200074	24.1001807198554	1903.174	758.69
19.0999947200042	19.1001447198842	1105.199	605.033
0.400009679992256	0.400139679888256	43.016	13.212
74.0999507200394	74.1000007199994	3540.637	2272.334
0.600009519992384	0.600299519760384	34.822	21.592
84.0999427200458	84.1000727199418	6628.95	2578.971
44.0999747200202	44.1001447198842	3510.95	1384.688
0.300009759992192	0.300239759808192	18.98	10.627
0.100009919992064	0.100259919792064	8.189	3.723
44.0999747200202	44.1001447198842	2076.723	1370.795
2.80000775999379	2.80007775993779	149.148	91.693
39.099978720017	39.100108719913	2253.741	1247.341
89.099938720049	89.100108719913	4168.176	2703.807
84.0999427200458	84.1002527197978	3967.739	2606.89
39.099978720017	39.100108719913	2810.488	1261.945
0.400009679992256	0.400139679888256	42.26	12.278
0.100009919992064	0.100079919936064	11.372	3.647
0.900009279992576	0.900179279856576	99.186	29.51
94.0999347200522	94.0999647200282	4250.49	2987.52
34.0999827200138	34.1000727199418	1599.541	1072.652
74.0999507200394	74.1000007199994	6026.916	2547.416
2.80000775999379	2.80007775993779	145.578	94.649
34.0999827200138	34.1002527197978	1654.815	1049.588
34.0999827200138	34.1000727199418	3189.215	1000.763
74.0999507200394	74.1001807198554	4097.306	2350.126
64.099958720033	64.100288719769	3043.34	2106.221
0.900009279992576	0.900179279856576	51.397	30.549
4.20000663999469	4.20011663990669	264.262	126.732
14.099998720001	14.100288719769	1027.829	434.271
49.0999707200234	49.1001807198554	2194.441	1562.826
49.0999707200234	49.1000007199994	4565.765	1573.509
69.0999547200362	69.1001447198842	4157.491	2271.983
54.0999667200266	54.1000367199706	2542.966	1639.228
94.0999347200522	94.1001447198842	4369.553	3022.872
64.099958720033	64.100108719913	2931.175	2097.572
0.200009839992128	0.200159839872128	22.982	6.758
54.0999667200266	54.1000367199706	4228.27	1677.773
39.099978720017	39.100108719913	1844.23	1213.919
19.0999947200042	19.1001447198842	1535.183	604.502
44.0999747200202	44.1001447198842	2101.663	1349.724
2.80000775999379	2.80007775993779	230.712	85.014
29.0999867200106	29.1002167198266	1358.437	873.783
59.0999627200298	59.1002527197978	2659.35	1874.149
49.0999707200234	49.1001807198554	2474.253	1577.269
24.0999907200074	24.1001807198554	1921.069	774.428
54.0999667200266	54.1002167198266	5531.38	1700.775
0.400009679992256	0.400139679888256	23.403	13.163
1.30000895999283	1.30013895988883	83.344	40.72
69.0999547200362	69.1001447198842	4131.377	2174.841
59.0999627200298	59.1000727199418	3360.683	1788.31
59.0999627200298	59.1002527197978	2836.5	1929.424
44.0999747200202	44.1001447198842	3448.242	1396.686
1.90000847999322	1.90025847979322	106.937	64.027
89.099938720049	89.100108719913	6483.691	2936.339
79.0999467200426	79.1002167198266	3658.419	2485.397
64.099958720033	64.100108719913	3627.724	1997.85
0.900009279992576	0.900179279856576	58.94	29.054
6.30000495999603	6.30017495986003	514.773	197.139
0.100009919992064	0.100079919936064	12.898	3.701
99.0999307200554	99.1000007199994	4535.962	3182.743
59.0999627200298	59.1000727199418	3791.358	1817.375
4.20000663999469	4.20011663990669	212.094	136.371
69.0999547200362	69.0999647200282	3237.36	2068.314
0.100009919992064	0.100079919936064	8.073	3.69
24.0999907200074	24.1001807198554	1145.369	779.618
34.0999827200138	34.1002527197978	2484.65	1052.297
1.90000847999322	1.90007847993722	94.178	57.97
19.0999947200042	19.1001447198842	894.408	570.39
14.099998720001	14.100288719769	1053.867	448.286
94.0999347200522	94.0999647200282	6028.754	2860.4
9.40000247999802	9.40013247989402	444.117	293.45
79.0999467200426	79.1002167198266	3891.234	2485.771
0.900009279992576	0.900179279856576	48.718	28.158
0.600009519992384	0.600119519904384	54.6	20.374
99.0999207200634	99.1000007199994	8594.178	3123.004
0.300009759992192	0.300059759952192	27.864	9.631
14.099998720001	14.100108719913	660.806	451.903
1.90000847999322	1.90025847979322	149.621	60.852
2.80000775999379	2.80025775979379	204.758	87.13
4.20000663999469	4.20011663990669	214.857	138.876
69.0999547200362	69.1001447198842	3309.664	2136.699
9.40000247999802	9.40013247989402	751.057	298.488
9.40000247999802	9.40013247989402	696.608	296.33
54.0999667200266	54.1002167198266	2535.946	1779.589
0.600009519992384	0.600299519760384	67.168	20.472
0.200009839992128	0.200159839872128	19.738	6.925
1.30000895999283	1.30013895988883	67.099	39.441
0.300009759992192	0.300239759808192	18.635	10.389
74.0999507200394	74.1001807198554	3254.964	2274.253
6.30000495999603	6.30017495986003	313.768	203.463
4.20000663999469	4.20029663976269	303.187	128.97
1.30000895999283	1.30013895988883	65.206	40.656
