0.00496999602400318	0.0894599284320573	28.944	1.759
0.280459775632179	4.88375609299513	2976.511	125.912
3.07117754305797	38.9197488642009	2636.288	637.569
0.0144299884560092	0.258839792928166	210.438	7.604
0.0494999604000317	0.882899293680565	787.891	22.464
0.0318699745040204	0.571679542656366	514.758	16.058
0.0237099810320152	0.425699659440272	374.609	10.506
1.00922919261665	15.4706276234979	2916.498	354.81
0.00354999716000227	0.0638999488800409	22.561	1.371
39.9046180763055	94.0499247600602	5339.835	2426.243
23.0800115359908	83.9450928439257	4187.135	1498.484
56.4329648536281	99.1460806831355	6173.833	3388.98
9.35270251783799	63.3646293082965	3675.411	858.168
78.6266570986743	100.0	6972.019	4587.516
0.00178999856800115	0.0320399743680205	10.341	0.853
0.00507999593600325	0.0914399268480585	28.42	1.696
0.407869673704261	6.98705441035647	3162.522	187.047
0.00980999215200628	0.176219859024113	147.125	5.537
0.122119902304078	2.16719826624139	1683.279	57.115
72.4593520325184	99.997120002304	6746.536	4303.738
4.93027605577916	54.1819366544507	3240.604	708.724
51.4012388790089	99.6394602884318	4458.089	3045.794
33.8548929160857	95.6175435059652	4328.013	2180.711
0.395799683360253	6.64865468107626	2418.95	176.131
66.1934870452104	99.980920015264	6198.253	3801.156
1.94744844204125	27.5349379720496	3425.039	535.038
14.3842484926012	72.1011023191181	3493.562	1062.312
0.916789266568587	14.8040881567295	3887.909	349.508
0.131609894712084	2.31839814528148	1702.752	61.286
6.36600490719607	55.9146152683078	3247.594	708.093
0.00183999852800118	0.0331199735040212	11.244	0.658
0.000399999680000256	0.00719999424000461	3.005	0.555
0.0299099760720191	0.534599572320342	469.384	12.459
