0.00228999816800147	0.0412199670240264	12.599	0.593
26.9968784024973	59.5777923377661	11396.934	1345.233
5.35202571837943	37.0193103845517	7375.839	266.551
8.09073352741318	42.8459057232754	8345.423	404.287
0.00753999396800483	0.135179891856087	38.107	0.982
0.132879893696085	2.30885815291348	634.932	7.89
83.7339130128696	99.94060004752	19876.98	3998.792
0.0815499347600522	1.43063885548892	391.118	5.335
0.294489764408188	4.89959608032314	1349.832	20.022
90.591217527026	100.0	20282.443	4311.136
0.00165999867200106	0.0298799760960191	9.165	0.546
0.0261099791120167	0.466199627040298	129.572	2.117
12.0200803839357	46.2084830332136	8866.799	580.996
16.7369366104507	43.1069055144756	8173.219	760.367
0.00486999610400312	0.0872999301600559	25.344	0.819
56.9871644102685	89.4379684496252	17889.867	2739.929
75.7042694365845	99.1334806932154	19840.131	3537.543
1.04407916473667	14.7193082245534	4000.213	65.231
3.5872971301623	31.9503344397324	6751.114	185.556
0.0620299503760397	1.0985391211687	299.238	4.205
66.6786266570987	96.2156830274536	18959.14	3267.734
0.205079835936131	3.50495719603424	966.423	15.488
36.6373806900954	66.5796067363146	12862.738	1796.369
0.0376999698400241	0.669779464176429	185.725	2.834
0.586829530536376	8.81171295062964	2394.182	35.683
0.000799999360000512	0.0143999884800092	4.794	0.473
1.31061895150484	16.0158471873223	3937.924	73.063
0.385329691736247	6.13961508830793	1690.426	25.564
0.00386999690400248	0.0696599442720446	20.099	0.647
0.0127199898240081	0.226979818416145	62.989	1.296
1.58802872957702	16.5275867779306	3626.154	85.202
0.00525999579200337	0.0944999244000605	26.374	0.812
47.2680621855502	83.1653334677332	16729.305	2291.885
