8.09480352415718	42.8408657273074	941.878	319.832
83.9859128112698	99.977680017856	2053.647	1663.338
0.895059283952573	11.1475710819431	283.914	52.093
0.0279299776560179	0.499139600688319	17.422	2.016
0.341839726528219	5.42789565768347	177.849	24.926
65.596097523122	91.2773869780904	1916.098	1509.107
0.000769999384000493	0.0138599889120089	1.486	0.44
57.1779442576446	91.6125467099626	1918.582	1496.811
3.45088723929021	22.3788420969263	513.211	154.046
0.092209926232059	1.61999870400104	54.876	6.355
18.0968055225556	52.8425577259538	1113.908	397.914
0.20326983738413	3.37337730129816	110.993	13.228
1.03236917410466	14.4793684165053	418.792	85.597
0.0128399897280082	0.230219815824147	8.469	0.856
47.0680323455741	80.4059356752515	1722.971	691.991
0.00387999689600248	0.0696599442720446	3.305	0.566
0.0215599827520138	0.383759692992246	14.366	1.504
74.928490057208	97.6697218642225	2068.679	1552.638
11.1320610943511	38.7231890214488	854.205	285.95
1.96539842768126	20.300383759693	487.954	136.011
0.00313999748800201	0.0565199547840362	2.759	0.517
0.0595299523760381	1.05641915486468	36.426	4.176
0.113379909296073	1.93355845315324	68.48	7.886
26.542668765865	55.8906752874598	1222.889	443.431
0.134759892192086	2.3426981258415	77.98	8.805
0.0184299852560118	0.330479735616212	11.564	1.271
0.009369992504006	0.168299865360108	6.796	0.774
34.1715226627819	57.3245541403567	1233.368	475.953
0.00594999524000381	0.107099914320069	4.659	0.721
90.60978751217	100.0	2151.432	1619.404
0.696849442520446	10.6154915076068	322.477	49.661
0.00194999844000125	0.0350999719200225	2.095	0.461
3.56926714458628	31.6788946568843	747.295	211.395
