0.900739279408576	4.41539646768283	1124.046	28.698
44.1051947158442	47.7627817897746	9864.064	1105.649
0.397239682208254	3.35321731742615	945.283	15.152
6.29922496062003	9.92843205725435	2161.2	176.331
1.90377847697722	5.55029555976355	1335.018	60.462
0.100769919384064	1.44215884627292	560.707	5.581
79.0913567269146	82.7270338183729	16898.76	1987.772
2.80230775815379	6.43877484898012	1468.859	82.475
1.29797896161683	4.91129607096314	1197.315	41.236
74.0990207207834	77.7271778182577	15805.495	1961.939
59.0982227214218	62.7312098150321	12940.53	1507.867
9.39946248043002	13.0375695699443	2930.003	248.751
69.0908647273082	72.7393818084946	14761.458	1800.626
4.17109666312267	7.44659404272477	1726.195	118.21
89.097948721641	92.7506857994514	18833.256	2326.163
19.0936147251082	22.7440618047506	4841.662	510.885
49.0271607782714	52.0006983994413	10689.048	1252.423
24.1026707178634	27.7424778060178	5887.923	649.396
34.0973427221258	37.7488498009202	7913.685	874.259
39.099288720569	42.7438458049234	8756.826	1039.177
54.0997167202266	57.740533807573	11831.91	1425.464
0.601679518656385	3.9139168688665	1053.917	23.919
84.0989527208378	87.7333698133042	18027.787	2140.07
64.099808720153	67.7479858016114	14020.117	1635.599
98.6235911011271	99.998920000864	20400.851	2488.439
29.1027267178186	32.755653795477	6821.854	779.919
14.101588718729	17.7337658129874	3828.506	385.482
0.199459840432128	2.3444981244015	774.766	9.19
0.299579760336192	2.93975764819388	878.531	12.769
93.694855044116	95.9208432633254	19651.783	2375.657
