0.0960299231760615	1.71035863171309	650.45	5.032
0.814569348344521	13.6254490996407	5174.127	48.577
60.5095815923347	100.0	25550.564	4201.71
19.2375146099883	97.0897623281901	22331.468	1319.693
22.6272518981985	98.5261611790711	22620.884	1600.378
0.405139675888259	7.0361943710445	2688.745	24.965
0.0659399472480422	1.17971905622476	450.436	4.606
1.90574847540122	29.2215366227707	11106.709	106.719
9.15009267992586	80.7364154108677	21570.122	481.035
58.0275535779571	99.999640000288	25310.646	4071.932
15.7436874050501	94.1217447026042	22299.361	1083.965
49.970640023488	99.995860003312	24599.818	3551.33
0.174109860712111	3.07853753716997	1170.753	9.31
0.273469781224175	4.80707615433908	1831.149	16.96
3.96253682997054	50.7691393846885	18037.338	217.753
25.017989985608	98.7032810373752	23090.571	1657.554
30.1449858840113	99.2040406367675	23148.83	2059.967
41.4106768714585	99.968680025056	24177.3	2941.545
37.2084202332638	99.8300801359359	23934.633	2519.132
0.477799617760306	8.21483342813326	3106.609	29.246
47.0749623400301	99.98920000864	24474.638	3242.678
2.82937773649781	40.1813678549057	15137.659	152.034
52.7694677844258	99.998920000864	24700.775	3764.955
6.31299494960404	68.4519652384278	21146.081	330.753
12.9519896384083	91.1513870788903	21951.726	693.171
35.5226815818547	99.9053200757439	23798.821	2458.781
55.3459257232594	99.999460000432	25291.009	3847.525
1.28458897232882	20.7005234395813	7832.182	75.108
43.3724653020278	99.957880033696	24218.982	2895.511
27.6444378844497	99.0020807983354	23122.33	1821.535
