89.094588724329	92.7211658230673	2224.025	1542.533
6.30076495938803	9.92519205984635	377.784	75.839
0.903659277072578	4.42601645918683	234.998	25.646
19.1020847183322	22.7480218015826	710.495	196.041
1.89536848370521	5.52617557905954	264.983	34.825
2.80083775932979	6.43049485560412	283.798	42.721
9.39993248005402	13.0388295689363	461.919	111.366
0.400139679888256	3.35375731699415	276.359	15.416
4.20182663853869	7.84439372448502	313.484	57.22
54.1026267178986	57.7365738107409	1464.31	502.105
94.0767447386042	97.4447220442224	2247.014	1614.286
69.1060047151962	72.7447818041746	1787.269	645.854
44.0994847204122	47.7327218138226	1182.11	443.788
83.9036528770777	86.4294508564393	1975.663	776.847
0.197759841792127	2.33171813462549	348.063	9.119
74.0996407202874	77.7343778124978	1925.236	707.726
24.1078407137274	27.7516577986738	776.465	252.496
0.600799519360385	3.9088768728985	300.875	17.507
98.6691110647111	100.0	2206.433	1662.33
38.7937089650328	41.1252870997703	1017.376	374.731
49.0989807208154	52.7431978054418	1315.385	484.71
1.30125895899283	4.91093607125114	260.524	28.977
0.101019919184065	1.44827884137693	383.309	5.892
34.0940527247578	37.7092498326001	1001.044	330.761
64.104738716209	67.7420458063634	1619.432	636.201
29.0969667224266	32.7335138131889	913.492	298.876
59.0934327252538	62.7430898055282	1563.771	599.297
14.099098720721	17.7321458142833	561.982	160.371
0.29700976239219	2.92679765856187	250.352	12.033
79.0937567249946	82.7300938159249	1952.127	771.448
