63.8009189592648	95.8621633102694	7810.884	3938.516
77.5915579267537	99.8167601465919	7694.646	4621.089
4.19558664353069	34.2424526060379	2470.695	473.131
30.6473154821476	53.3787772969782	5759.263	1918.234
88.6157591073927	99.999640000288	8910.285	5350.76
0.689279448576441	9.89819208144633	1992.002	189.209
0.098369921304063	1.72655861875311	1576.842	45.391
48.8792408966073	82.1704742636206	7346.217	3071.342
91.5705067435946	100.0	8666.594	5772.526
1.29621896302483	17.4371260502992	1673.052	332.122
57.5007139994288	83.5615131507895	6103.343	3410.357
5.96523522781182	35.0805319355744	2079.466	483.81
70.8837332930134	93.5480851615319	6653.845	4374.033
0.40637967489626	6.63461469230825	2753.518	156.384
81.6541446766843	99.961660030672	8248.778	4769.79
42.243406205275	67.6794058564753	6832.12	2724.205
39.104988716009	75.4130996695203	5959.704	2676.878
19.0863447309242	55.4156556674755	3922.688	1300.577
54.0269367784506	89.1506886794491	7351.492	3358.223
0.299869760104192	5.01839598528321	2164.896	128.543
0.601959518432385	9.41363246909402	2839.464	225.414
29.0951567238746	65.4531676374659	5519.756	1881.949
0.196369842904126	3.36923730461016	2118.255	87.955
1.90105847915322	22.7735817811346	2098.207	358.439
65.5066375946899	88.0363095709523	9052.02	4048.42
22.2785921771263	47.7856417714866	2546.356	1380.036
84.7189122248702	99.929440056448	7221.881	5094.928
14.107238714209	50.2854797716162	4132.062	991.605
1.76151859078513	17.161366270907	1203.453	237.448
9.39568248345401	44.7126842298526	3386.179	694.94
