58.0968835224932	100.0	17346.871	3452.332
16.0496771602583	94.8080841535327	14754.112	1044.421
55.5760355391716	100.0	17154.477	3307.598
4.11542670765863	52.4344980524016	12175.379	210.947
2.55648795480964	36.6337506929994	8872.99	142.724
0.349469720424224	6.0938951248839	1497.671	22.514
0.0969699224240621	1.72997861601711	424.053	5.337
7.62274390180488	71.6264426988458	13492.583	376.09
22.4364820508144	98.3436413250869	15265.736	1346.476
50.2381598094722	99.998560001152	16850.535	3103.144
0.0676999458400433	1.20851903318477	300.599	5.086
27.4554080356736	98.8886808890553	15768.179	1560.21
0.20290983767213	3.5882971293623	883.643	11.455
0.994499204400636	16.2665869867304	3938.244	57.535
44.6567442746046	99.991180007056	16632.955	2718.673
25.8722393022086	99.2229406216475	15491.219	1536.089
38.1120595103524	99.9141400686879	16235.163	2306.451
32.5750739399409	99.8459201232639	15881.078	2014.042
52.7917077666338	99.998740001008	17051.818	3312.402
60.5466915626467	100.0	17620.308	3625.164
41.1070171143863	99.95770003384	16612.433	2452.721
0.268489785208172	4.71869622504302	1166.839	17.16
34.8249221400623	99.8048801560959	16040.929	2139.199
12.50739999408	89.5616283506973	14738.939	575.452
19.6572142742286	97.6402018878385	15102.732	1171.053
47.4405620475504	99.9955000036	16727.193	2868.061
0.581329534936372	9.93365205307836	2416.218	36.736
0.881619294704564	14.7045482363614	3563.256	52.94
1.50396879682496	23.419961264031	5681.904	84.332
5.34168572665142	60.2961717630626	12495.196	264.344
28.6154971076023	99.3903404877276	15621.795	1679.072
16.8557465154028	92.8811856950514	14831.63	768.932
0.611129511096391	10.4374716500227	2531.631	38.401
7.91231367014906	73.479361216511	13777.503	382.026
60.5480115615907	100.0	17339.675	3726.359
22.9435316451747	98.7947209642232	15299.297	1425.763
2.86214771028183	40.5368675705059	9813.348	156.615
55.4942456046035	99.999460000432	17230.228	3372.009
0.0497899601680319	0.891539286768571	221.527	2.931
1.26899898480081	20.5010835991331	4992.059	74.435
52.8932676853859	99.998920000864	17059.267	3330.353
50.2722197822242	99.99820000144	17034.135	2992.474
0.37497970001624	6.52175478259617	1600.562	24.522
26.2232090214328	99.4047404762076	15578.453	1651.621
0.20324983740013	3.5965771227383	882.841	13.547
0.132959893632085	2.36843810524952	585.09	7.496
43.6694350644519	99.965980027216	16757.872	2522.804
10.7062414350069	82.4818740145008	14377.208	519.947
38.0158795872963	99.9080200735839	16416.597	2218.803
15.9558472353222	94.5906443274845	14909.722	1025.404
0.774539380368496	12.9799696160243	3186.61	46.836
41.5113067909546	99.972820021744	16629.479	2471.737
3.81368694905044	49.1214207028634	11383.851	206.345
1.50778879376896	23.488721209023	5745.784	83.84
47.5011019991184	99.996580002736	16683.592	2963.15
0.212329830136136	3.74237700609839	925.794	11.837
5.19435584451532	58.9504928396057	12329.635	266.341
35.2278918176865	99.8659001072799	15996.921	2083.936
32.6122239102209	99.8471801222559	15942.762	2013.417
58.1043135165492	100.0	17392.998	3482.849
0.163549869160105	2.90141767886586	711.914	9.372
25.3121997502402	98.8591609126713	15463.568	1559.53
52.8071577542738	99.999460000432	17021.768	3375.175
0.811369350904519	13.5577691537847	3290.055	50.86
50.2344698124242	99.998560001152	17134.316	2955.758
47.4773820180944	99.9955000036	16801.498	2872.115
11.3053309557352	84.8575121139903	14412.278	537.583
0.0525999579200337	0.942659245872603	234.632	4.21
2.40845807323354	34.7408722073022	8457.101	127.836
16.2046070363144	95.1625038699969	15085.78	991.695
1.27381898094482	20.5403235677411	5013.672	75.889
7.6501838798529	71.79546256363	13495.81	378.955
60.5480315615748	100.0	17391.003	3728.223
1.74502860397712	26.8831584934732	6596.855	95.257
5.50266559786752	61.6279906976074	12705.834	273.661
30.2333858132913	99.2197006242395	15648.805	1807.616
55.4563056349555	99.999820000144	17385.438	3365.014
0.302329758136194	5.27183578253137	1291.732	18.968
