44.0999747200202	44.1001447198842	3491.8	1410.842
74.0999507200394	74.1001807198554	3477.227	2379.646
39.099978720017	39.100108719913	1712.72	1172.354
14.099998720001	14.100108719913	673.056	469.585
59.0999627200298	59.1000727199418	4647.501	1861.858
99.0999307200554	99.1000007199994	7795.225	3238.545
54.0999667200266	54.1000367199706	2495.479	1614.568
89.099938720049	89.100108719913	8887.019	2818.439
4.20000663999469	4.20011663990669	307.332	127.364
69.0999547200362	69.1001447198842	3466.484	2335.523
74.0999507200394	74.1000007199994	4875.494	2362.884
6.30000495999603	6.30017495986003	471.071	196.055
99.0999307200554	99.1000007199994	4530.472	3162.027
0.600009519992384	0.600119519904384	52.754	19.055
1.30000895999283	1.30031895974483	70.603	42.201
79.0999467200426	79.1002167198266	5077.439	2265.036
0.400009679992256	0.400139679888256	36.855	14.127
0.600009519992384	0.600119519904384	33.953	19.793
74.0999507200394	74.1001807198554	4160.256	2423.196
6.30000495999603	6.30017495986003	307.148	197.439
2.80000775999379	2.80025775979379	212.965	87.799
0.100009919992064	0.100259919792064	7.501	3.66
84.0999427200458	84.1002527197978	4890.828	2643.003
39.099978720017	39.100108719913	2830.029	1218.539
1.90000847999322	1.90025847979322	97.091	58.308
34.0999827200138	34.1000727199418	1646.942	1057.687
34.0999827200138	34.1000727199418	1649.876	1039.671
39.099978720017	39.100108719913	1764.646	1240.838
69.0999547200362	69.1001447198842	3099.096	2205.288
79.0999467200426	79.1000367199706	3470.338	2417.757
29.0999867200106	29.1002167198266	1593.064	923.174
34.0999827200138	34.1000727199418	3210.192	1084.583
0.300009759992192	0.300059759952192	17.426	9.712
69.0999547200362	69.1001447198842	5089.691	2328.696
94.0999347200522	94.1001447198842	4315.607	2968.59
0.400009679992256	0.400139679888256	29.003	13.585
59.0999627200298	59.1000727199418	2811.869	1771.438
4.20000663999469	4.20011663990669	192.814	125.689
1.30000895999283	1.30013895988883	115.066	44.057
59.0999627200298	59.1002527197978	2751.339	1778.204
0.900009279992576	0.900179279856576	78.143	28.476
0.200009839992128	0.200159839872128	13.919	6.878
64.099958720033	64.100108719913	3628.607	2062.908
0.900009279992576	0.900179279856576	58.506	28.746
44.0999747200202	44.1001447198842	2134.235	1403.65
0.100009919992064	0.100079919936064	9.305	3.613
19.0999947200042	19.1001447198842	1375.667	595.278
6.30000495999603	6.30017495986003	515.08	192.165
79.0999467200426	79.1000367199706	3700.125	2392.418
1.30000895999283	1.30013895988883	79.498	40.03
84.0999427200458	84.1000727199418	3952.143	2553.504
14.099998720001	14.100288719769	671.361	431.879
94.0999347200522	94.1001447198842	6823.641	3012.501
0.100009919992064	0.100079919936064	8.161	3.781
19.0999947200042	19.1001447198842	893.85	580.548
2.80000775999379	2.80007775993779	143.637	87.95
64.099958720033	64.100108719913	2916.388	2014.686
24.0999907200074	24.1001807198554	1160.295	736.104
0.400009679992256	0.400139679888256	22.822	12.764
0.400009679992256	0.400139679888256	23.985	13.26
6.30000495999603	6.30017495986003	309.784	190.7
14.099998720001	14.100108719913	1098.556	412.846
0.300009759992192	0.300059759952192	27.369	9.664
1.30000895999283	1.30013895988883	68.915	42.139
49.0999707200234	49.1001807198554	2773.513	1521.617
84.0999427200458	84.1000727199418	3832.466	2684.252
34.0999827200138	34.1000727199418	2664.764	1039.03
24.0999907200074	24.1001807198554	1180.607	735.971
9.40000247999802	9.40031247975002	712.289	307.652
94.0999347200522	94.1001447198842	9382.148	2932.936
29.0999867200106	29.1002167198266	1387.159	888.584
9.40000247999802	9.40013247989402	552.489	310.014
44.0999747200202	44.1001447198842	1972.289	1377.31
4.20000663999469	4.20029663976269	205.844	134.405
0.300009759992192	0.300239759808192	18.185	10.404
0.900009279992576	0.900179279856576	45.92	28.097
29.0999867200106	29.1000367199706	2313.278	874.032
9.40000247999802	9.40031247975002	442.085	300.984
29.0999867200106	29.1000367199706	1399.973	896.665
89.099938720049	89.100108719913	4067.65	2879.489
99.0999307200554	99.1000007199994	4561.455	2922.242
49.0999707200234	49.1000007199994	2320.767	1590.32
0.900009279992576	0.900179279856576	49.291	28.721
0.200009839992128	0.200159839872128	21.805	6.596
54.0999667200266	54.1002167198266	2529.751	1725.17
2.80000775999379	2.80025775979379	139.106	89.538
0.300009759992192	0.300239759808192	26.552	9.78
19.0999947200042	19.1001447198842	1512.014	601.642
0.600009519992384	0.600119519904384	31.925	18.227
74.0999507200394	74.1001807198554	3382.042	2388.566
1.90000847999322	1.90025847979322	147.476	64.088
14.099998720001	14.100288719769	784.546	445.76
79.0999467200426	79.1002167198266	5640.743	2517.154
69.0999547200362	69.1001447198842	4785.412	2218.131
0.200009839992128	0.200159839872128	15.335	6.952
19.0999947200042	19.1003247197402	957.499	599.551
64.099958720033	64.100108719913	2979.4	2102.139
2.80000775999379	2.80025775979379	208.971	82.355
94.0999347200522	94.1001447198842	4380.402	2887.283
44.0999747200202	44.1001447198842	3464.168	1339.681
9.40000247999802	9.40013247989402	461.488	298.635
1.90000847999322	1.90007847993722	102.486	62.974
0.200009839992128	0.200159839872128	13.211	6.708
89.099938720049	89.100108719913	5027.5	2627.203
1.90000847999322	1.90025847979322	197.309	63.003
0.600009519992384	0.600119519904384	48.314	19.212
24.0999907200074	24.1001807198554	1894.419	755.076
49.0999707200234	49.1001807198554	2277.607	1579.526
24.0999907200074	24.1001807198554	1391.174	786.288
39.099978720017	39.100108719913	3132.391	1202.276
99.0999307200554	99.1001807198554	6584.562	3161.847
59.0999627200298	59.1002527197978	4400.385	1874.492
4.20000663999469	4.20011663990669	405.724	135.375
54.0999667200266	54.1002167198266	3960.994	1739.344
84.0999427200458	84.1000727199418	6629.7	2604.675
89.099938720049	89.100108719913	4033.427	2754.831
49.0999707200234	49.1000007199994	4586.116	1437.276
54.0999667200266	54.1000367199706	4261.675	1761.642
0.100009919992064	0.100259919792064	10.502	3.361
64.099958720033	64.100108719913	4944.212	1923.057
