0.000799999360000512	0.0143999884800092	1.507	0.485
0.00163999868800105	0.0295199763840189	4.426	0.622
0.00203999836800131	0.0367199706240235	2.188	0.653
0.00315999747200202	0.0568799544960364	2.862	1.056
0.00570999543200365	0.102779917776066	5.856	0.954
0.0090599927520058	0.162719869824104	6.465	1.224
0.0131099895120084	0.235439811648151	8.639	2.076
0.0181399854880116	0.324719740224208	11.09	2.413
0.028089977528018	0.503279597376322	16.518	2.812
0.0403199677440258	0.71945942443246	23.246	4.464
0.0504999596000323	0.888659289072569	31.036	5.062
0.0565399547680362	1.00079919936064	32.268	5.933
0.126809898552081	2.19653824276941	73.073	11.179
0.213579829136137	3.65561707550634	119.741	18.434
0.311439750848199	5.20073583941133	169.534	27.258
0.472919621664303	7.62623389901288	234.86	37.493
0.529669576264339	7.91621366702907	221.492	36.954
0.95329923736061	13.2026294378964	395.875	87.738
1.59334872532102	20.2208238233409	476.875	135.023
2.39329808536153	26.0634391492487	528.809	181.127
3.02472758021794	25.037619969904	433.816	173.226
5.37748569801144	37.522589981928	620.371	267.979
7.41032407174074	35.3249717400226	553.983	251.852
11.7989705608236	43.5488051609559	668.527	335.776
17.6467058826353	48.2005414395668	761.991	390.838
27.2913881668895	63.4846892122486	1033.126	483.298
37.0468003625597	70.1077839137729	1096.338	561.66
47.1413222869422	81.312954949636	1258.835	647.283
57.1721842622526	91.5538667569066	1444.295	741.034
66.4690768247385	95.0048239961408	1450.835	807.285
75.5426395658884	98.8357609313912	1433.027	828.14
84.0681627454698	99.98830000936	1475.941	785.075
90.546307562954	100.0	1493.599	872.712
