74.0956807234554	77.7107978313617	1828.322	549.542
79.0990467207626	82.7178538257169	1824.676	580.332
0.20303983756813	2.36411810870551	1774.386	497.059
1.30283895772883	4.91597606721915	1696.856	499.744
44.0994347204522	47.7269618184305	1790.175	558.088
39.100068719945	42.7481658014674	1871.145	548.659
9.40359247712602	13.0361295710963	1758.101	536.169
54.0981667214666	57.752593797925	1754.781	569.917
24.1013607189114	27.7206978234417	1720.296	535.965
6.29596496322803	9.93635205091836	1740.569	536.037
19.1035947171242	22.7363218109426	1844.536	536.265
14.098468721225	17.7181058255153	1728.518	536.909
84.1000027199978	87.7349898120082	1780.968	577.113
89.096428722857	92.7296258162993	1767.688	557.393
1.89892848085722	5.54219556624355	1719.991	517.949
59.0978627217098	62.7520897983282	1751.852	549.914
64.098138721489	67.7307058154353	1745.124	575.273
94.0844747324202	97.5428219657424	1920.496	579.868
0.814109348712521	3.54203716637027	1704.752	499.762
34.0998627201098	37.7295898163281	1836.991	537.923
2.79168776664979	6.42581485934811	1709.199	530.187
29.1000667199466	32.7299138160689	1750.922	537.753
98.6235911011271	99.998920000864	1874.294	580.198
0.29716976226419	2.94875764099389	1765.923	544.432
69.1008547193162	72.7366818106545	1779.386	568.262
4.19891664086669	7.84799372160502	1716.008	525.244
0.0997199202240638	1.42901885678491	1735.676	508.929
49.1005007195994	52.7595777923378	1815.221	534.681
0.598289521368383	3.89789688168249	1739.932	513.076
0.401079679136257	3.36671730662615	1729.939	526.573
