14.098418721265	14.4655084275933	353.265	137.068
59.0990127207898	59.4609724312221	1325.439	556.48
94.0991947206442	94.4693244245405	2040.582	894.729
54.0995767203386	54.4630964295229	1236.472	499.594
0.398829680936255	0.763019389584488	31.626	5.569
24.0990807207354	24.4582004334397	565.031	236.186
9.39898248081401	9.76193219045425	259.217	91.501
0.100439919648064	0.458279633376293	24.33	3.007
1.89932848053722	2.25791819366545	70.375	18.428
0.300609759512192	0.664019468784425	30.242	4.959
39.099128720697	39.4660484271613	877.833	379.907
0.199729840216128	0.559979552016358	32.051	4.118
79.1006167195066	79.4634564292349	1720.339	743.938
6.29879496096403	6.66845466523627	175.106	60.358
34.0994527204378	34.4705124235901	773.324	329.085
49.0991107207114	49.4614404308477	1102.175	451.272
0.901629278696577	1.26143899084881	45.966	10.735
4.19871664102669	4.56695634643492	121.382	38.252
2.79948776040979	3.16277746977802	93.422	26.471
29.0999567200346	29.4690364247709	698.329	267.932
89.098798720961	89.4599284320573	1986.33	792.4
64.098968720825	64.4624484300412	1460.998	618.941
44.1021947182442	44.4633844292925	1018.505	415.575
0.601109519112385	0.966419226864619	40.608	8.109
19.0997947201642	19.4587044330365	478.929	175.1
84.1005227195818	84.4622324302141	1816.844	778.277
74.1023607181114	74.4630604295517	1647.612	658.729
69.0996347202922	69.4671644262685	1565.151	665.441
99.0609107512714	99.2855805715355	2191.604	907.697
1.30126895898483	1.66967866425707	56.769	13.395
