0.000759999392000486	0.0136799890560088	844.445	445.454
0.0018799984960012	0.0338399729280217	827.633	453.201
0.00288999768800185	0.0518399585280332	837.55	472.278
0.00295999763200189	0.0532799573760341	865.282	474.277
0.00587999529600376	0.105659915472068	863.947	469.095
0.00632999493600405	0.113579909136073	869.59	456.397
0.0126399898880081	0.227159818272145	873.356	474.541
0.0183099853520117	0.329039736768211	867.848	465.531
0.0271899782480174	0.486359610912311	879.128	475.332
0.0370799703360237	0.660779471376423	888.525	476.862
0.0565199547840362	1.00097919921664	869.203	461.89
0.0920599263520589	1.61999870400104	880.248	471.872
0.138729889016089	2.41271806982554	882.962	480.231
0.208959832832134	3.57191714246629	848.226	446.123
0.268449785240172	4.46309642952286	882.34	468.7
0.377879697696242	5.73839540928367	847.976	448.609
0.454829636136291	7.29503416397267	845.263	456.37
1.06210915031268	15.0596879522496	848.478	467.333
1.55066875946499	19.4264844588124	856.934	448.575
2.24593820324944	23.7769009784792	850.565	444.134
3.6004271196583	31.9767944185645	886.585	490.962
4.81672614661908	30.7373154101477	858.705	450.443
7.87808369753304	39.7875281699775	857.12	464.186
11.7317706145835	43.0660455471636	892.869	498.636
17.9003156797475	50.4429796456163	869.615	482.79
27.2944981644015	63.6783690573048	897.621	507.863
34.8078621537103	58.9540928367257	925.054	511.331
47.2830521735583	83.2367934105653	918.189	506.711
56.6627646697883	86.6409506872395	908.599	504.536
63.9341288526969	86.7532705973835	865.354	483.807
73.7651709878632	95.5961235231012	878.722	504.071
84.0646627482698	99.985060011952	908.058	504.789
90.599447520442	100.0	937.704	539.359
