0.000879999296000563	0.0158399873280101	802.843	516.746
0.00192999845600124	0.0345599723520221	841.134	510.938
0.00197999841600127	0.0356399714880228	819.54	518.091
0.00429999656000275	0.0773999380800495	847.855	510.249
0.00646999482400414	0.116279906976074	825.116	515.603
0.00759999392000486	0.136439890848087	843.329	522.12
0.00988999208800633	0.177479858016114	830.229	510.864
0.0125999899200081	0.225719819424144	814.608	504.086
0.026519978784017	0.473759620992303	819.758	490.968
0.0430299655760275	0.766799386560491	824.721	504.873
0.0611299510960391	1.08233913412869	827.205	522.136
0.0730199415840467	1.28051897558482	827.86	509.247
0.138909888872089	2.42333806132955	824.25	519.795
0.209749832200134	3.5899171280663	801.13	509.53
0.284679772256182	4.72355622115502	819.076	512.262
0.467029626376299	7.52201398238881	829.626	518.965
0.707889433688453	10.8044913564069	819.873	523.564
0.768479385216492	10.5892115286308	821.722	506.293
1.33918892864886	16.3749469000425	816.345	533.142
2.38949808840153	26.0398591681127	813.435	511.708
3.5873371301303	32.0151343878925	799.41	524.931
5.05378595697123	33.1619134704692	822.414	508.332
6.22808501753199	28.9230968615225	819.611	510.039
8.77347298122162	30.2495158003874	833.128	514.89
15.4629976296019	39.015688787449	818.563	518.568
27.2802781757775	63.1871494502804	840.298	529.902
37.2838001729599	73.362361310111	847.856	541.049
47.1528422777262	81.4650548279561	854.802	543.978
57.0768843384925	90.4241876606499	887.749	572.89
66.2348770120984	93.775964979228	855.863	568.194
74.3748305001356	96.7166226267019	858.605	561.792
84.1026827178538	99.990460007632	847.528	581.718
90.575107539914	100.0	832.743	584.05
