0.150499879600096	2.64671788262569	78.705	8.581
0.0242499806000155	0.435419651664279	17.351	2.124
0.0174199860640111	0.3126597498722	10.789	1.453
0.00302999757600194	0.0545399563680349	2.894	0.674
0.0105699915440068	0.189899848080122	6.774	1.124
16.1468270825383	81.6097747121802	5598.89	756.386
2.10677831457735	29.8770960983231	928.739	114.414
0.943429245256604	15.2371678102658	460.382	54.165
72.9861916110467	99.99910000072	12751.525	3303.913
78.6294870964103	100.0	14415.288	3507.234
34.7081322334942	98.0074015940787	7755.116	1647.68
0.00168999864800108	0.0302399758080194	2.317	0.615
8.46904322476542	58.0481535614772	3071.763	398.55
4.45501643598685	48.2491414006869	1489.002	228.097
7.42936405650875	66.6750066599947	2344.173	372.892
49.3224705420236	98.2336614130709	12097.276	2272.877
0.00740999407200474	0.132839893728085	5.459	0.977
0.383209693432245	6.57359474112421	195.89	24.414
21.3085729531416	78.06863754509	6588.712	977.915
0.0738699409040473	1.31651894678484	40.619	4.354
40.578907536874	95.1193039045569	10775.753	1879.628
0.571469542824366	9.56357234914212	290.919	34.22
0.000569999544000365	0.0102599917920066	1.26	0.448
0.00383999692800246	0.0691199447040442	3.159	0.645
0.0552199558240353	0.987119210304632	30.586	4.354
59.411482470814	99.950860039312	10252.768	2783.557
2.45047803961757	31.0910151271879	954.653	129.195
1.4114288708569	21.6196027043178	658.297	79.072
0.0243999804800156	0.43775964979228	14.453	1.74
65.9091372726902	99.9685000252	10954.511	3059.869
0.222719821824143	3.88475689219449	116.56	12.859
0.00260999791200167	0.0469799624160301	2.404	0.643
0.0969599224320621	1.7215186227851	52.065	5.469
