8.52865317707746	35.927971257623	8853.979	401.887
57.6530638775489	84.1551526758779	21785.748	2746.494
72.5479819616144	97.4584020332784	24827.687	3553.412
0.314659748272201	5.09237592609926	1937.124	21.231
68.5585851531319	98.0115415907667	24688.96	3360.102
0.576389538888369	8.98469281224575	3445.174	33.288
25.6793994564804	48.490701207439	12439.37	1199.203
91.5707667433866	100.0	25733.474	4336.267
18.8912348870121	52.4166780666575	13109.272	946.458
1.89660848271321	22.5601019519184	7534.234	106.907
84.9981220015024	99.964540028368	25510.98	4073.615
63.4919192064646	93.3473853220917	24130.998	3033.189
34.0890527287578	70.1889638488289	18351.044	1721.51
1.29340896527283	17.4088660729071	6275.188	77.405
23.9606108315113	58.2286934170453	14798.593	1214.929
0.197649841880126	3.39155728675417	1291.42	11.828
43.9854648116281	78.5665171467863	20427.268	2103.098
88.6390790887367	99.999640000288	25573.792	4251.881
14.086948730441	50.1954798436161	13134.174	683.845
6.30154495876403	39.7445082043934	10628.556	325.816
79.9241660606671	98.9448408441273	25346.567	3828.401
1.97525841979326	18.9235648611481	5462.098	103.296
77.4059880752095	99.5897803281757	25226.844	3765.708
0.292849765720187	4.89221608622713	1875.356	20.209
0.815339347728522	11.7880105695915	4493.508	46.799
38.9704888236089	73.380721295423	18827.476	1942.615
0.0840899327280538	1.47743881804895	574.104	5.753
4.19688664249069	34.2561325950939	9640.754	220.127
47.7916817666546	74.8003801596959	19278.522	2244.315
53.9456568434745	88.0309095752723	22913.308	2579.219
