0.726959418432465	12.2054302356558	1104.557	704.355
55.5229355816515	100.0	1169.453	759.31
35.6562314750148	99.918460065232	1115.291	706.321
1.90533847572922	29.1752766597787	1101.254	697.779
36.7383806092955	99.7795001763999	1152.256	727.54
0.601859518512385	10.2772717781826	1055.738	659.133
52.9346976522419	99.998920000864	1152.42	751.537
26.0381891694487	99.3223005421596	1139.324	745.508
1.0963991228807	17.7796657762674	1098.538	698.407
58.0477235618212	100.0	1177.955	762.477
29.2770065783947	99.6488202809438	1101.625	694.788
5.3088157529474	60.0209519832384	1109.227	708.85
17.7627857897714	94.6900042479966	1073.751	700.298
0.200459839632128	3.54383716493027	1060.217	662.758
41.4934368052506	99.970120023904	1173.088	761.205
47.4040620767503	99.992260006192	1155.422	757.612
32.5497539601968	99.8468201225439	1127.274	712.918
12.7342198126242	90.3872876901698	1090.67	688.475
2.69490784407372	38.3903692877046	1079.391	662.79
0.131649894680084	2.3410781271375	1061.198	660.57
4.29491656406675	54.3003765596988	1073.648	690.007
0.289039768768185	5.05061595950723	1030.375	622.681
43.9387648489881	99.973360021312	1122.206	723.545
9.26470258823793	81.246535002772	1128.365	724.94
50.2442898045682	99.997120002304	1158.092	773.675
22.2748121801503	98.2059414352469	1155.43	738.669
13.5225391819687	88.1284694972244	1109.563	703.619
60.5065815947347	100.0	1120.24	732.086
0.0541699566640347	0.969839224128621	1044.312	641.575
0.243189805448156	4.28075657539474	1080.79	686.648
0.238889808888153	4.20857663313869	1079.206	644.154
12.8856896914482	90.8999272800582	1110.355	704.233
0.0597699521840383	1.07099914320069	1069.613	656.278
2.71313782948974	38.6148291081367	1073.173	695.078
0.199479840416128	3.53393717285026	1049.769	648.95
44.5999843200125	99.988660009072	1154.882	768.229
22.1578222737422	98.0884015292788	1149.121	747.556
1.2560189951848	20.267623785901	1105.193	706.063
30.8072953541637	99.4187804649756	1112.751	727.904
58.0642635485892	100.0	1134.094	723.115
0.115779907376074	2.06135835091332	1052.896	647.77
37.3594201124639	99.8515001187999	1157.838	753.847
34.1657026674379	99.7129002296798	1115.529	707.482
52.8780076975938	99.998020001584	1159.356	763.319
24.1927106458315	98.0927215258228	1083.3	686.85
19.5491043607165	97.4915220067824	1136.775	732.519
0.40665967467226	7.06805434555652	1059.307	661.435
41.4034768772185	99.968680025056	1178.798	760.064
9.58659233072614	83.0713735429012	1079.521	693.365
4.07156674274661	51.9034984772012	1134.844	686.162
0.704739436208451	11.8421905262476	1053.743	666.408
47.4393020485584	99.992440006048	1113.606	756.135
55.4246956602435	99.999820000144	1172.982	760.839
60.5079115936707	100.0	1153.353	760.216
29.2467266026187	99.6342402926078	1158.337	748.189
15.9062272750182	94.5055043955965	1135.759	728.62
50.1989298408561	99.997840001728	1167.619	733.452
4.86983610413112	56.220435023652	1101.916	692.673
0.600639519488384	10.2599917920066	1102.984	696.171
1.82231854214517	28.0148175881459	1054.689	670.076
20.2054738356209	95.8222033422373	1149.855	745.766
58.0232135814291	100.0	1155.561	761.502
9.56728234617412	83.0269135784691	1089.125	698.092
52.5489279608576	99.997660001872	1112.396	726.814
0.0625999499200401	1.11743910604872	1071.792	676.951
36.7070306343755	99.7798601761119	1092.593	693.689
1.88361849310521	28.8764768988185	1116.908	711.655
27.9030976775219	99.1320406943674	1152.392	743.285
50.2197698241841	99.997480002016	1165.425	754.309
2.84616772306582	40.3547077162338	1076.515	683.698
35.0171919862464	99.8367401306079	1157.915	749.769
44.5181743854605	99.9865000108	1154.782	761.928
1.27864897708082	20.6027835177732	1077.215	667.618
6.26786498570801	68.0334655732275	1111.156	705.637
55.5258555793155	100.0	1183.833	774.204
46.7686225851019	99.984520012384	1141.52	772.968
60.5095815923347	100.0	1173.01	775.959
0.186269850984119	3.29399736480211	1115.388	702.855
41.1505370795703	99.957160034272	1120.165	706.192
23.1396514882788	97.1443022845582	1103.425	695.118
4.2229066216747	53.5391571686743	1067.153	681.864
0.34357972513622	5.99003520797183	1088.006	695.846
32.4564540348368	99.8191001447199	1118.805	706.394
0.877149298280561	14.6154483076414	1083.884	656.151
12.7162898269681	90.3212277430178	1152.159	730.707
0.589689528248377	10.0794519364385	1124.234	695.411
18.1902154478276	95.4146836682531	1123.292	730.489
16.0939471248423	94.9564040348768	1088.113	731.09
0.20349983720013	3.58019713584229	1105.705	684.321
0.106149915080068	1.89107848713721	1124.383	702.78
8.60732311414151	77.5975779219377	1063.667	668.468
0.136279890976087	2.42459806032155	1109.198	673.435
29.2949565640347	99.6596202723038	1130.41	722.258
2.8191277446978	39.9720280223776	1104.008	702.421
60.5079115936707	100.0	1161.123	763.264
6.26180499055601	67.9447256442195	1095.676	702.314
24.4615104307917	98.3094413524469	1120.783	700.536
49.8478901216879	99.994780004176	1158.318	754.054
0.0682499454000437	1.22093902324878	1073.969	684.346
38.0248795800963	99.9098200721439	1157.299	755.61
35.4323016541587	99.8896600882719	1132.307	716.022
0.209119832704134	3.68495705203436	1064.768	662.533
0.6250494999604	10.5537515569988	1084.961	674.34
0.3122297502162	5.44607564313949	1082.027	663.753
31.1092851125719	99.5055403955677	1121.554	734.259
1.58385873291301	24.5951803238557	1109.864	690.113
44.4971044023165	99.986860010512	1135.028	735.561
0.448499641200287	7.71641382686894	1098.212	681.023
22.7007218394225	98.6134611092311	1134.238	738.671
1.20213903828877	19.4378244497404	1095.431	689.687
58.0691435446852	100.0	1173.184	758.423
40.584157532674	99.932320054144	1128.104	739.801
