0.000549999560000352	0.00989999208000634	3.707	0.481
0.00185999851200119	0.0334799732160214	11.429	0.606
0.00238999808800153	0.0430199655840275	13.85	0.869
0.00314999748000202	0.0565199547840362	18.888	0.769
0.00368999704800236	0.0664199468640425	21.945	0.877
0.00633999492800406	0.113939908848073	82.331	2.782
0.010959991232007	0.196739842608126	119.661	3.009
0.0111199911040071	0.200159839872128	68.209	2.491
0.0243899804880156	0.43721965022428	398.333	9.791
0.026559978752017	0.475199619840304	398.93	11.558
0.0495799603360317	0.885239291808567	794.596	21.741
0.0707699433840453	1.26359898912081	1014.134	31.454
0.106269914984068	1.8818984944812	1445.258	49.821
0.110399911680071	1.94777844177725	1419.008	51.27
0.270169783864173	4.70159623872301	2818.667	118.447
0.368899704880236	6.31079495136404	2861.49	166.616
0.383609693112246	6.45731483414813	2363.713	162.059
0.691359446912442	11.1805110555912	3042.959	275.194
1.44735884211293	22.2119822304142	4883.068	472.677
1.73739861008111	24.5951803238557	4249.553	470.343
3.02210758231393	38.2794893764085	3609.645	643.482
3.26923738461009	36.0581111535111	2356.42	514.106
6.90615447507642	60.972431222055	3387.315	750.371
8.56802314558148	58.6318930944855	3529.106	798.985
15.1053379157297	75.6519594784324	3478.16	1136.744
25.6270094983924	95.0105839915328	4285.19	2971.358
29.9939060048752	85.967211226231	5059.226	3774.228
43.4896652082678	99.3536205171036	4497.795	3765.405
51.3900988879209	99.6346002923198	6053.537	3747.962
57.6028539177169	99.5658403473277	5071.874	3752.96
66.6746166603067	99.995320003744	6175.737	4660.188
72.7692617845906	99.99820000144	6341.15	5804.132
78.6540670767463	100.0	7229.612	5580.352
