29.1036367170906	32.738373809301	457.485	294.271
83.9987628009898	86.8168105465516	1183.867	787.543
9.39795248163801	13.0431495654803	190.273	107.024
23.8985108811913	26.4203788636969	377.685	254.874
49.0882607293914	52.5473579621136	744.773	469.902
68.9945848043322	71.82516253987	1021.965	650.405
1.30029895976083	4.90805607355514	59.007	30.055
0.602199518240385	3.9079768736185	43.422	19.798
54.1012867189706	57.739093808725	789.858	534.963
1.90109847912122	5.54255556595555	68.631	35.932
2.80389775688179	6.44669484264413	81.576	43.707
0.0988299209360633	1.41587886729691	19.791	5.773
64.100858719313	67.7290858167313	933.538	635.03
79.0946767242586	82.6966138427089	1166.891	749.752
4.19821664142669	7.84205372635702	106.179	56.649
34.0973527221178	37.7288698169041	527.217	350.658
94.0966047227162	97.6983418413265	1344.892	1244.818
89.094708724233	92.7296258162993	1266.385	1194.905
0.200629839496128	2.3502581197935	28.42	10.592
0.400579679536256	3.37247730201816	38.06	17.105
59.0953827236938	62.7274298180561	871.371	570.476
14.096788722569	17.7609457912434	248.433	159.099
44.1027747177802	47.7476618018706	670.346	457.074
39.100578719537	42.7454658036274	586.009	387.239
19.0997147202282	22.7415418067666	325.457	199.96
6.30391495686803	9.94733204213437	129.908	77.214
74.0955707235434	77.7181778254577	1094.751	723.231
0.302179758256193	2.94695764243389	32.434	14.976
98.6692310646151	99.999820000144	1390.986	1287.801
0.901919278464577	4.42817645745883	51.987	24.489
