0.000979999216000627	0.0176399858880113	5.841	0.422
0.00196999842400126	0.0354599716320227	10.943	0.439
0.00219999824000141	0.0395999683200253	11.814	0.43
0.0035899971280023	0.0646199483040414	18.33	0.45
0.00380999695200244	0.0685799451360439	19.67	0.5
0.00727999417600466	0.130499895600084	36.592	0.619
0.0111499910800071	0.200159839872128	56.062	0.743
0.0118899904880076	0.213659829072137	60.344	0.729
0.0231699814640148	0.415079667936266	116.122	1.357
0.0244199804640156	0.43757964993628	121.759	1.428
0.0506999594400325	0.90665927467258	253.236	2.759
0.0842499326000539	1.49939880048096	417.889	4.7
0.104609916312067	1.85381851694519	514.256	5.86
0.167529865976107	2.95199763840189	816.264	9.183
0.223819820944143	3.9013168789465	1072.387	11.873
0.279999776000179	4.81571614742708	1337.897	18.188
0.567579545936363	9.48401241279007	2634.111	33.926
0.764329388536489	12.3380901295279	3403.265	41.357
1.27826897738482	19.5276443778845	5410.394	73.108
1.58167873465701	22.4600220319824	6113.3	88.549
2.88545769163385	36.4343108525513	9262.807	157.569
4.31008655193076	46.5299627760298	10619.769	216.808
6.64684468252425	58.4610732311414	12007.628	332.213
11.2143810284952	78.0261575790739	14917.554	591.872
15.4073176741459	77.2192182246254	14546.619	786.915
19.0950247239802	71.7211226231019	13708.324	944.231
34.6179923056062	97.7476618018706	17766.982	2039.767
43.5233351813319	99.4020404783676	18469.164	2672.051
49.3344205324636	98.2424814060149	18675.964	2883.597
59.0174527860378	99.8855200915839	19057.439	3788.052
65.0215879827296	99.9105400715679	19629.315	4062.458
73.0442715645827	99.999820000144	20019.936	4955.19
78.6450070839943	100.0	20248.987	5372.806
