0.711009431192455	0.711179431056455	22.499	7.729
0.0280099775920179	0.028079977536018	2.285	0.657
2.39799808160153	2.39813808148954	64.525	25.04
77.3099481520415	77.3101181519055	1951.415	749.706
47.3099721520223	47.3102621517903	1236.238	492.392
0.00400999679200257	0.00413999668800265	1.122	0.422
97.3099321520543	97.3100821519343	2378.634	983.67
87.3099401520479	87.3101901518479	2218.181	849.617
0.0130099895920083	0.0131399894880084	1.536	0.556
0.316009747192202	0.316259746992202	11.139	3.641
0.00299999760000192	0.00323999740800207	1.113	0.471
67.3099561520351	67.3100461519631	1747.643	667.121
3.5970071223943	3.5971171223063	108.626	39.28
0.0190099847920122	0.0192599845920123	1.811	0.59
0.0630099495920403	0.0631799494560404	3.507	1.082
0.0420099663920269	0.0422999661600271	3.038	0.807
27.3099881520095	27.3102981517615	687.434	282.799
5.39500568399545	5.39513568389145	150.057	56.056
0.0940099247920602	0.0941399246880602	4.949	1.512
1.06600914719268	1.06613914708868	35.874	11.724
0.00100999919200065	0.00107999913600069	0.901	0.404
12.1380002895998	12.1381102895118	309.789	126.948
57.3099641520287	57.3101541518767	1474.856	575.886
0.474009620792303	0.474119620704303	16.524	5.303
0.00600999519200385	0.00611999510400392	1.318	0.507
0.00900999279200577	0.00917999265600588	1.319	0.544
1.59900872079302	1.59911872070502	47.656	16.327
18.2069854344117	18.2071654342677	461.964	188.839
0.14100988719209	0.14111988710409	6.046	1.915
37.3099701520239	37.3100101519919	937.233	386.613
8.09200352639718	8.09225352619718	220.759	83.826
0.211009831192135	0.211139831088135	8.689	2.55
0.00200999839200129	0.00215999827200138	1.009	0.414
