0.000549999560000352	0.00989999208000634	3.561	0.574
0.00166999866400107	0.0300599759520192	9.859	0.839
0.00189999848000122	0.0341999726400219	11.304	0.965
0.00322999741600207	0.0581399534880372	20.1	1.274
0.00445999643200285	0.0802799357760514	25.44	1.582
0.00647999481600415	0.116279906976074	37.306	2.135
0.00868999304800556	0.1562398750081	113.795	4.503
0.0164499868400105	0.295919763264189	223.267	6.853
0.0165599867520106	0.29681976254419	249.622	8.755
0.0338699729040217	0.606959514432388	535.689	16.032
0.0504499596400323	0.902159278272577	757.588	24.812
0.0847499322000542	1.51019879184097	1310.915	38.065
0.0858099313520549	1.52639877888098	1182.187	41.621
0.188309849352121	3.31541734766612	2573.833	90.359
0.266779786576171	4.58099633520293	2460.345	119.094
0.272629781896174	4.75379619696304	2886.658	125.466
0.634489492408406	10.6250314999748	4110.652	282.576
0.736789410568472	11.8916904866476	3083.952	288.894
1.38679889056089	21.2592429926056	4634.657	480.473
1.86076851138519	26.2470390023688	3293.381	505.772
2.62527789977768	33.2510133991893	2720.826	565.856
4.27057658353873	46.1147031082375	2416.737	663.131
4.680366255707	42.7497858001714	2979.023	550.175
9.01588278729377	61.2604309916552	3031.49	804.689
13.4861592110726	68.1400254879796	3512.853	995.564
19.3065545547564	72.2908221673423	4357.852	1281.156
28.2268674185061	82.0707543433965	5010.456	1889.397
43.5648451481239	99.4636004291197	4228.981	2543.833
51.7562585949931	99.8176601458719	4778.895	3256.875
57.9550536359571	99.6576402738878	5053.178	3427.018
65.1795278563777	99.924040060768	6480.444	4040.891
72.4923120061504	99.99730000216	6679.534	4674.179
78.6307070954343	100.0	6455.281	4575.948
