0.000979999216000627	0.0176399858880113	5.522	0.406
0.00198999840800127	0.0354599716320227	10.309	0.712
0.00303999756800195	0.0545399563680349	15.927	0.466
0.00416999666400267	0.0745199403840477	20.992	0.476
0.0056199955040036	0.100259919792064	28.625	0.643
0.00870999303200557	0.153899876880098	43.441	0.669
0.0134399892480086	0.232559813952149	65.606	0.911
0.0192899845680123	0.332279734176213	91.799	0.961
0.0285499771600183	0.482039614368309	133.213	1.402
0.0410599671520263	0.667079466336427	186.061	1.978
0.0650199479840416	1.00637919489664	273.994	3.046
0.0932299254160597	1.35719891424087	375.616	4.126
0.139749888200089	1.86569850744119	474.667	6.254
0.211499830800135	2.41685806651355	553.1	8.064
0.314599748320201	3.01877758497793	644.478	14.008
0.476849618520305	3.61943710445032	732.993	15.054
0.713549429160457	4.10183671853062	763.136	20.949
1.06682914653668	4.63301629358696	871.142	29.288
1.60522871581703	5.24771580182736	968.199	45.59
2.40065807947354	6.03953516837187	1088.198	68.606
3.5993471205223	7.25183419853264	1278.612	94.443
5.39518568385145	9.04985276011779	1539.022	141.761
8.09330352535718	11.7304106156715	1953.552	210.586
12.1360302911758	15.7872473702021	2590.871	301.59
18.2099554320357	21.851442518846	3502.613	461.439
27.3075481539615	30.9565552347558	5006.469	668.32
37.3112201510239	40.9722872221702	6562.981	911.463
47.3138921488863	50.9554392356486	8121.528	1180.327
57.3124241500607	60.979631216295	9639.191	1430.777
67.3061261550991	70.9514432388454	11239.731	1644.836
77.3123781500975	80.9560152351878	12729.104	1904.33
87.3077101538319	90.9510472391622	14302.81	2228.903
97.2304522156382	99.9110800711359	15618.748	3776.648
