0.000879999296000563	0.0158399873280101	889.194	480.803
0.00160999871200103	0.0289799768160185	836.624	434.6
0.00258999792800166	0.0466199627040298	881.501	472.993
0.00432999653600277	0.0779399376480499	853.746	464.121
0.00574999540000368	0.103499917200066	844.208	440.745
0.00922999261600591	0.165779867376106	860.645	473.272
0.0131499894800084	0.236519810784151	859.682	464.813
0.0174399860480112	0.3117597505922	877.592	475.037
0.0273299781360175	0.487799609760312	867.328	475.37
0.0331699734640212	0.590399527680378	881.103	474.124
0.0423299661360271	0.749159400672479	853.134	457.756
0.0941699246640603	1.65761867390506	880.503	471.66
0.131159895072084	2.27609817912146	872.373	481.109
0.205789835368132	3.51089719128225	885.952	481.556
0.29746976202419	4.94945604043517	865.483	472.692
0.432139654288277	6.52985477611618	895.149	486.96
0.459899632080294	7.39853408117273	847.832	459.328
0.940559247552602	13.0051695958643	846.299	434.493
1.32708893832885	16.2674869860104	883.478	477.886
2.39380808495353	26.0808991352807	888.235	479.129
2.79966776026579	23.1355614915508	874.227	453.055
4.54873636101091	28.6995370403704	895.898	489.406
8.07981353614917	42.6810258551793	870.662	472.714
12.0684803452157	46.873582501134	897.471	489.612
16.0603271517383	40.700307439754	862.873	479.229
27.2862381710095	63.6396690882647	888.55	498.804
35.8146813482549	62.2390902087278	883.93	497.166
47.2494522004382	82.812893749685	901.517	507.263
56.3412149270281	84.6667122666302	916.435	518.151
66.5314267748586	95.284543772365	933.528	523.766
74.9064500748399	97.6672018662385	953.88	541.01
83.6909830472136	99.931240055008	878.924	480.362
90.589557528354	100.0	884.605	485.559
