11.0198811840951	83.6716730626616	2876.913	1017.826
21.5382927693658	97.4317620545904	3107.12	1415.072
13.7303990156808	88.7498290001368	3057.209	1091.962
19.4871444102845	97.4353620517104	3219.993	1310.362
2.78188777448978	39.4876484098813	4480.828	708.871
47.4629020296784	99.994960004032	4437.6	2753.229
4.29296656562675	54.2767965785627	4232.31	817.019
41.7095566323547	99.979840016128	4140.486	2240.382
0.111609910712071	1.98809840952127	1883.261	55.02
0.0681099455120436	1.21913902468878	1214.731	31.814
9.18134265492588	80.7796153763077	2871.179	941.379
60.5095815923347	100.0	5416.923	3536.619
1.76476858818513	27.1923982460814	4246.867	616.051
52.8105877515298	99.998920000864	4806.091	2890.6
0.398529681176255	6.93215445427644	4485.548	181.697
0.262579789936168	4.61285630971495	3704.015	124.357
55.4004956796035	99.998740001008	5159.978	2875.429
6.06827514537988	66.4721468222825	2728.428	876.965
35.3212617429906	99.8785000971999	3641.214	1959.854
44.3627545097964	99.983440013248	4325.964	2324.859
1.0898191281447	17.6876858498513	4614.479	431.028
58.0397235682211	99.999640000288	5089.555	3061.194
0.613259509392392	10.4709516232387	4709.728	274.2
37.0838403329277	99.8180201455839	3834.317	2182.677
0.205409835672131	3.63113709509032	3136.915	100.062
27.8933876852899	99.1273606981114	3351.616	1537.828
50.2040098367921	99.997480002016	4663.915	2658.784
31.9099844720124	99.7060602351518	3603.346	1852.952
0.888039289568568	14.8067881545695	4291.612	388.828
24.0453007637594	97.9886816090547	3177.682	1501.146
