0.000949999240000608	0.0170999863200109	2.533	0.444
0.00200999839200129	0.0361799710560232	4.54	0.714
0.00303999756800195	0.054719956224035	6.434	0.495
0.00324999740000208	0.0584999532000374	6.773	0.551
0.00548999560800351	0.0988199209440632	10.724	0.595
0.00924999260000592	0.166139867088106	17.5	0.774
0.00953999236800611	0.17135986291211	17.85	0.759
0.0189599848320121	0.339479728416217	34.086	1.216
0.0263599789120169	0.471059623152301	47.028	1.638
0.0305199755840195	0.541979566416347	53.797	1.671
0.0556099555120356	0.986039211168631	97.393	3.245
0.0857799313760549	1.51109879112097	150.261	5.496
0.10880991295207	1.88351849318521	184.112	6.492
0.168919864864108	2.8103377517298	265.828	10.095
0.204919836064131	3.50297719761824	342.498	14.492
0.450439639648288	7.23617421106063	650.6	30.073
0.701689438648449	10.7134114292709	904.056	44.881
1.06548914760868	15.0614879508096	1148.033	86.897
1.50539879568096	18.709905032076	1052.063	119.606
2.3378281297375	25.1526398778881	886.33	162.862
3.58419713264229	31.8795944963244	929.064	214.681
5.12314590148328	33.8727329018137	658.026	233.057
6.95124443900445	32.3677541057967	522.197	230.369
10.5459115632707	35.878111297511	609.226	275.148
17.9911056071155	51.4495388403689	817.758	372.091
25.5996695202644	51.4417988465609	788.946	391.072
37.0916803266557	70.6245635003492	1061.904	552.502
47.2307922153662	82.6505338795729	1325.389	645.663
55.4341756526595	80.8471153223077	1106.966	655.196
66.6337066930346	95.9316432546854	1192.467	950.84
76.0090191927846	99.6785202571838	1109.65	982.217
83.5148831880934	99.8959600832319	1115.417	1082.894
90.586667530666	100.0	1066.226	1079.058
