13.3973492821206	87.7234698212241	1759.028	574.678
44.5377243698205	99.98830000936	1879.004	573.459
1.27235898211281	20.5230435815651	1809.966	533.984
0.212669829864136	3.7495770003384	1785.493	553.633
0.136089891128087	2.42063806348955	1736.144	553.789
1.45412883669693	22.7158018273585	1742.848	550.708
58.0482635613891	100.0	1813.499	610.189
0.607239514208389	10.3636717090626	1767.253	578.075
6.22472502021998	67.6270258983793	1762.559	542.432
37.2084202332638	99.8300801359359	1794.153	582.424
0.165059867952106	2.92697765841787	1814.422	514.11
50.1577398738081	99.995320003744	1839.021	615.569
8.96901282478974	79.601696318643	1799.151	553.093
27.7858077713538	99.0812807349754	1806.36	604.75
12.8975196819843	90.9305272555782	1839.627	554.103
52.8629377096498	99.998020001584	1811.025	606.859
41.1714670628264	99.957340034128	1814.798	610.799
4.27067658345873	54.1300966959226	1820.491	533.65
22.6318918944865	98.5367811705751	1835.54	607.475
47.4622720301824	99.99190000648	1916.858	578.126
34.6246923002462	99.7854401716479	1869.739	584.894
55.4995156003875	99.999280000576	1802.544	599.069
0.837249330200536	13.9827488138009	1773.654	548.153
0.0482099614320309	0.862919309664552	1773.98	541.583
0.399919680064256	6.96401442878846	1802.47	519.575
17.8047557561954	94.7022442382046	1783.101	582.506
25.3321297342962	98.8917408866073	1859.929	553.3
31.0661451470839	99.4949204040637	1849.443	611.059
60.5079115936707	100.0	1814.993	605.281
2.68099785520172	38.2685093851925	1788.456	569.783
