4.2113366309307	34.380872495302	1173.102	517.366
53.9604268316585	88.2672493862005	1156.087	556.851
0.402769677784258	6.60221471822823	1133.03	516.511
34.1017527185978	70.4094636724291	1168.441	527.449
42.8298957360834	69.8737841009727	1181.855	552.2
68.5752051398359	98.0824615340308	1230.499	588.554
91.5641267486986	100.0	1245.962	607.912
28.9112668709865	62.519889984088	1128.54	540.965
88.5771791382567	99.998380001296	1212.048	574.004
57.5269639784288	83.6608730713015	1201.599	557.192
9.35503251597399	43.9032248774201	1122.542	527.241
1.85100851919318	21.880782495374	1158.477	508.377
85.0466719626624	99.970480023616	1197.784	593.631
48.9878408097274	83.5996731202615	1160.888	562.595
76.7083086333531	98.6446010843191	1218.054	563.799
62.4174800660159	88.2350294119765	1158.666	582.231
0.883429293256565	12.9286696570643	1113.346	509.688
6.23541501166799	38.6679290656568	1099.458	501.229
0.188359849312121	3.21947742441806	1117.076	536.868
2.80384775692179	28.4608572313142	1156.851	518.286
0.557749553800357	8.67689305848555	1107.398	509.059
18.8315949347241	51.7792985765611	1148.2	549.276
1.08154913476069	14.1445686843451	1101.902	515.24
14.099278720577	50.2856597714722	1135.133	529.646
0.266959786432171	4.45553643557085	1140.785	511.291
23.411241271007	53.144417484466	1133.509	520.943
80.8045553563557	99.5712403430077	1231.893	580.115
0.100019919984064	1.76255858995313	1094.881	524.806
39.060318751745	74.7116402306878	1168.948	547.667
72.7259018192785	97.9532216374227	1232.977	563.688
