58.9435128451897	92.8631857094514	23865.181	2783.337
0.158859872912102	2.6612978709617	1026.975	8.451
0.497819601744319	7.22591421926862	2702.95	28.213
81.6529646776283	99.955180035856	25396.532	4855.823
9.40857247314202	44.6993642405086	11691.578	414.534
29.0240467807626	64.1577086738331	16504.891	1278.606
14.090898727281	50.2060998351201	13139.37	617.047
19.1086047131162	55.3859556912354	14335.948	845.144
0.604619516304387	9.46655242675806	3595.917	32.917
91.5705067435946	100.0	25576.212	5626.642
42.0781863374509	67.110246311803	17109.896	1837.988
0.34370972503222	5.57189554248357	2137.992	20.993
71.6539026768779	95.2231638214689	24388.165	3452.693
0.724839420128464	9.65807227354218	3534.727	37.113
6.29323496541203	39.6626082699134	10654.648	285.269
48.6942710445832	80.2466358026914	20352.976	2148.664
0.175329859736112	3.01247759001793	1154.77	9.797
53.6363870908903	84.7563521949183	21425.23	2456.101
2.62325790139368	20.239903808077	5484.686	118.762
34.0393027685578	69.5640043487965	17921.852	1553.009
88.5771791382567	99.998380001296	25887.659	5367.82
2.79409776472179	28.2950773639381	8583.25	136.888
75.5523595581124	96.9679024256781	24981.395	3711.791
60.872701301839	83.9350128519897	21458.641	2671.206
0.0998999200800639	1.75193859844912	683.912	5.491
24.1128107097514	60.4983116013507	15806.654	1076.253
39.100808719353	75.2836797730562	19516.209	1786.672
1.90240847807322	22.6704418636465	7581.586	94.975
66.6527266778187	90.7436874050501	23534.916	2968.6
84.9495920403264	99.958780032976	25640.728	4959.938
