0.00184999852000118	0.0332999733600213	1.973	0.461
66.5641667486666	99.992620005904	2085.829	1562.068
0.0444999644000285	0.793619365104508	26.568	3.091
0.85980931215255	13.8535089171929	385.19	85.014
0.503639597088322	8.4340732527414	243.044	36.769
5.76729538616369	50.9253792596966	1178.335	350.922
78.6320570943543	100.0	2046.093	1650.377
14.018268785385	70.4551836358531	1481.293	519.367
0.17197986241611	3.00005759995392	92.587	12.231
0.0336699730640216	0.603359517312386	20.74	2.339
0.00970999223200622	0.174599860320112	6.608	0.759
51.548498761201	99.7112802309758	1987.641	1617.541
0.159619872304102	2.80205775835379	90.888	11.622
25.2961397630882	93.2827653737877	1899.18	1488.139
0.00526999578400337	0.0948599241120607	4.218	0.668
8.77408298073362	59.8332121334303	1340.216	432.572
0.00355999715200228	0.0638999488800409	3.238	0.585
4.67721625822699	50.8990992807206	1210.836	348.952
34.8309121352703	98.3348213321429	2016.261	1503.703
0.00049999960000032	0.00899999280000576	1.341	0.398
0.0696999442400446	1.24091900726479	40.439	4.882
0.0221399822880142	0.397619681904254	14.534	1.597
0.0148499881200095	0.26621978702417	9.462	1.069
3.09966752026598	39.3281685374652	997.572	267.221
1.22972901621679	18.749865000108	525.738	122.281
0.392059686352251	6.7121946302443	200.448	29.372
0.00258999792800166	0.0466199627040298	2.491	0.609
72.5691219447024	99.997480002016	2091.326	1560.729
56.5982147214282	99.2206006235195	2086.52	1556.761
2.0369083704733	28.8429969256025	747.623	193.972
0.112759909792072	1.99781840174528	61.518	7.341
0.00628999496800403	0.113219909424072	4.585	0.662
42.7492158006274	98.371721302623	1970.856	1593.189
