0.000719999424000461	0.0129599896320083	4.617	0.646
0.000739999408000474	0.0133199893440085	4.801	0.606
0.000939999248000602	0.0169199864640108	5.555	0.637
0.000949999240000608	0.0170999863200109	5.94	0.639
0.00154999876000099	0.0278999776800179	8.89	0.817
0.00162999869600104	0.0293399765280188	9.451	0.837
0.00176999858400113	0.0318599745120204	9.675	0.655
0.00178999856800115	0.0322199742240206	10.143	0.624
0.00179999856000115	0.0323999740800207	10.385	0.693
0.00207999833600133	0.037439970048024	11.935	0.991
0.0023499981200015	0.0422999661600271	13.14	0.765
0.00235999811200151	0.0424799660160272	13.674	1.049
0.00257999793600165	0.0464399628480297	14.553	1.144
0.00263999788800169	0.0475199619840304	14.773	1.114
0.00285999771200183	0.0514799588160329	16.091	1.141
0.00290999767200186	0.0523799580960335	16.518	1.013
0.003129997496002	0.0563399549280361	18.02	1.284
0.00438999648800281	0.0790199367840506	24.294	1.656
0.00488999608800313	0.0880199295840563	26.385	1.365
0.00534999572000342	0.0962999229600616	28.961	1.889
0.00553999556800355	0.0995399203680637	72.062	3.471
0.0073399941280047	0.131759894592084	75.552	3.773
0.00735999411200471	0.132479894016085	39.741	2.464
0.0082799933760053	0.149039880768095	44.641	2.64
0.0085999931200055	0.154619876304099	45.285	2.917
0.0110799911360071	0.199259840592128	91.877	4.517
0.0114299908560073	0.205199835840131	157.024	5.389
0.0115599907520074	0.207539833968133	127.548	5.578
0.0130099895920083	0.23417981265615	68.533	3.031
0.0147599881920094	0.26531978774417	169.477	7.181
0.0155299875760099	0.278279777376178	218.851	8.568
0.0164199868640105	0.295379763696189	220.404	8.384
0.0186299850960119	0.334079732736214	258.303	10.133
0.0196099843120126	0.351359718912225	277.649	10.411
0.0206999834400132	0.372059702352238	255.527	9.767
0.0248199801440159	0.444059644752284	358.411	12.3
0.0253599797120162	0.455039635968291	366.95	14.092
0.034349972520022	0.615059507952394	487.442	17.117
0.0346299722960222	0.620459503632397	477.595	16.561
0.0355299715760227	0.637739489808408	493.929	17.135
0.04693996244803	0.838619329104537	659.859	22.922
0.0508599593120325	0.910439271648583	704.314	25.184
0.0520999583200333	0.930419255664595	737.605	25.77
0.0533299573360341	0.95291923766461	749.975	26.978
0.0545799563360349	0.972539221968622	756.082	27.941
0.0729999416000467	1.29437896449683	940.994	34.699
0.0767299386160491	1.36763890588888	1070.739	38.889
0.0782999373600501	1.39661888270489	1061.44	39.894
0.0803899356880514	1.43297885361692	1113.407	38.612
0.0841199327040538	1.49219880624096	1091.107	42.595
0.108179913456069	1.90961847230522	1328.55	51.634
0.10896991282407	1.93085845531324	1416.338	53.087
0.115139907888074	2.04209836632131	1479.684	58.773
0.132409894072085	2.32955813635349	1554.788	65.737
0.179789856168115	3.16097747121802	2073.588	85.705
0.18760984991212	3.30659735472212	2192.396	91.698
0.197229842216126	3.4401572478742	1941.243	95.03
0.197739841808127	3.44627724297821	1953.405	94.417
0.251189799048161	4.3702165038268	2421.371	117.008
0.274989780008176	4.79393616485107	2683.328	131.639
0.302569757944194	5.18957584833932	2181.878	145.922
0.318809744952204	5.45939563248349	2280.886	148.098
0.369309704552236	6.20621503502797	2055.405	162.423
0.379859696112243	6.37901489678808	2039.447	173.98
0.392709685832251	6.72749461800431	2807.63	176.979
0.413519669184265	7.09451432438854	2939.676	185.816
0.444209644632284	7.44695404243677	2269.622	199.119
0.553069557544354	9.23471261222991	2603.613	241.58
0.569099544720364	9.25379259696592	2271.313	231.256
0.853669317064546	13.2062294350165	2296.481	301.44
0.863799308960553	13.9186688650649	3016.062	342.406
0.864079308736553	13.9231688614649	3060.548	332.595
0.883389293288565	13.6240091007927	2291.628	312.956
0.909839272128582	14.6453282837374	3179.89	354.129
1.0997191202247	16.8218865424908	2596.548	391.379
1.20673903460877	18.4278452577238	2770.168	417.824
1.560248751801	22.1803022557582	2455.311	431.279
2.01452838837729	28.5119771904182	2965.816	545.123
2.08279833376133	29.5527363578109	3172.894	558.83
2.12842829725736	30.2383558093154	3175.998	582.064
2.31947814441748	29.5514763588189	2037.968	508.132
2.44951804038557	31.0730151415879	2103.449	502.498
2.54699796240163	32.2633541893167	2096.036	550.137
3.17344746124203	35.1721518622785	2172.113	497.689
3.2743673805061	41.8204465436428	2864.629	680.542
4.8462161230271	53.059817552146	2610.504	763.552
4.85114611908311	53.162957469634	2568.499	763.627
4.91097607121914	53.9220168623865	2692.736	742.196
6.4070648743481	56.251394998884	2666.381	712.061
6.62743469805224	58.3118533505173	2688.734	728.407
6.65520467583626	58.5607931513655	2607.747	765.568
7.44074404740476	52.4026380778895	2624.837	732.442
7.46040403167677	67.0440063647949	2712.451	806.143
9.2201826238539	62.478310017352	2768.569	871.953
11.1386610890711	77.2816781746575	2967.47	996.978
11.1766210587032	77.6373578901137	2890.559	980.264
11.9020004783996	61.8504705196236	3147.12	958.707
12.7396498082802	65.1066679146657	3193.24	968.273
13.1851194519044	66.8915464867628	3260.08	1034.028
16.4595868323305	83.7519529984376	3278.912	1176.018
21.6429126856699	79.1309966952026	4067.533	1515.264
22.7835417731666	82.866893706485	3853.74	1540.026
25.1404298876561	92.5235259811792	3739.397	1640.901
25.5429195656643	94.5436643650685	3525.586	1764.449
32.1146743082606	91.0507671593863	4402.158	2097.374
33.6660630671495	95.0708839432928	4165.027	2075.24
34.6989722408222	97.9741016207187	3967.364	2144.118
34.7363522109182	98.0925415259668	4043.336	2110.868
40.1390678887457	94.4147844681724	4911.713	2502.354
40.2195178243857	94.5487043610365	5052.131	2405.836
43.5261151791079	99.4063604749116	4411.227	2632.325
43.5394951684039	99.4220204623836	4154.968	2610.52
51.0637691489847	99.4465004427996	5020.985	3013.622
51.3877088898329	99.6338802928958	4690.134	2880.92
51.530828775337	99.7015602387518	4784.79	3121.299
51.8461985230412	99.8527601177919	4739.126	2960.472
58.6198231041415	99.8119001504799	4962.96	3534.876
59.1623726701019	99.9092800725759	5559.264	3511.749
59.5028623977101	99.960760031392	5232.85	3616.482
59.5759823392141	99.971740022608	5357.383	3547.721
64.9338780528976	99.9028000777599	5827.882	3836.26
65.614597508322	99.953560037152	6304.314	3913.34
65.7739873808101	99.962380030096	6170.435	4062.746
66.6581866734507	99.995140003888	6091.327	4156.693
72.5787219370225	99.99730000216	6203.183	4308.597
72.9019416784467	99.999460000432	6239.844	4410.362
72.9262416590067	99.999640000288	6486.401	4513.491
72.9600516319587	99.998920000864	5994.413	4346.197
78.6290270967783	100.0	6633.069	4526.514
78.6349570920343	100.0	6669.986	4755.124
78.6353370917303	100.0	6857.798	4621.664
78.6538370769303	100.0	6922.501	4946.929
