79.0975267219786	82.735133811893	3709.811	2012.497
0.200029839976128	2.3417981265615	51.5	9.043
2.79773776180979	6.44543484365212	187.617	78.944
39.101508718793	42.7263858188913	1882.439	1008.365
4.20116663906669	7.83971372822902	268.548	111.786
74.1009907192074	77.7433778052978	3437.262	1886.722
84.0962227230218	87.7445298043762	3797.421	2189.2
0.397849681720255	3.35069731944214	69.726	13.872
9.40206247835002	13.0255095795923	522.798	239.588
89.097008722393	92.7278258177393	4298.443	2189.935
94.0815847347322	97.4668620265104	4386.732	2320.148
64.105328715737	67.7296258162993	2975.092	1635.298
98.6330010935991	99.997660001872	4730.462	2464.672
19.1048447161242	22.7199418240465	926.842	493.292
14.104088716729	17.7404258076594	702.131	367.47
29.0998267201386	32.7363938108849	1415.367	717.249
44.0983447213242	47.7438818048946	2116.85	1130.162
59.0985327211738	62.7420098063922	2737.809	1442.372
49.1022207182234	52.7552577957938	2424.854	1208.93
0.0998799200960639	1.41929886456091	33.663	4.737
1.90199847840122	5.54921556062755	147.703	56.565
24.0969607224314	27.7266378186897	1167.878	633.204
1.30021895982483	4.89815608147514	117.193	35.708
0.298509761192191	2.92571765942587	60.507	13.137
54.0538367569306	57.1740742607406	2636.884	1337.01
69.0918847264922	72.7374018100786	3207.481	1769.668
0.900639279488576	4.44545644363485	101.645	26.617
0.601209519032385	3.9104968716025	84.052	22.989
6.30403495677203	9.95435203651837	370.012	164.439
34.0959727232218	37.7488498009202	1672.353	845.128
84.0977627217898	87.7270698183441	3797.783	2155.505
94.0642147486282	97.2586021931183	4443.935	2348.29
54.0986867210506	57.746473802821	2612.142	1341.145
89.095088723929	92.7411458070834	4299.794	2183.973
0.401549678760257	3.38561729150617	72.22	15.779
44.1052447158042	47.7336218131026	2165.112	1094.705
59.1040327167738	62.7654097876722	2809.118	1457.834
49.0060907951274	51.8251985398412	2369.676	1209.183
1.30305895755283	4.90679607456314	117.955	37.212
0.897379282096574	4.39919648064282	99.35	27.068
24.1014907188074	27.7556177955058	1139.611	628.644
0.601709518632385	3.9099568720345	81.644	22.906
1.89768848184921	5.52437558049954	152.689	55.302
0.198239841408127	2.32145814283349	49.459	8.143
34.0929527256378	37.7094298324561	1642.417	850.103
2.80010775991379	6.43247485402012	186.986	80.964
4.20473663621069	7.85087371930102	261.956	113.927
6.29074496740403	9.82079214336629	362.867	163.646
79.0993767204986	82.7410738071409	3867.405	1937.407
98.6038311169351	99.996040003168	4711.979	2482.875
14.102698717841	17.7562657949874	731.794	356.047
29.0950367239706	32.7241538206769	1419.447	751.033
39.094958724033	42.7424058060754	1937.782	971.552
64.090868727305	67.7451058039154	3057.551	1580.327
19.0936547250762	22.7314618148305	968.364	480.183
69.1034247172602	72.7296618162705	3287.826	1699.669
9.32106254314997	12.2072302342158	473.273	244.726
74.0668407465274	77.3378381297295	3496.14	1916.167
0.100619919504064	1.43081885534492	34.179	4.568
0.298509761192191	2.92571765942587	61.904	10.598
29.1020167183866	32.741073807141	1388.229	750.031
89.095328723737	92.7220658223473	4349.266	2214.589
0.897799281760575	4.40243647805082	101.104	30.226
93.9559848352121	96.6106027115178	4381.358	2385.433
0.597649521880382	3.89267688585849	83.59	21.47
49.0957907233674	52.7473378021298	2230.832	1262.543
4.20063663949069	7.83503373197301	251.403	116.458
69.0975347219722	72.7401018079185	3226.021	1778.863
14.103788716969	17.7553657957074	721.291	374.769
0.201019839184129	2.33585813131349	51.204	8.204
9.39978248017402	13.0334295732563	482.728	249.48
0.298119761504191	2.93903764876988	61.551	11.866
54.0930767255386	57.7182138254289	2631.671	1346.173
2.79804776156179	6.43391485286812	203.715	79.549
0.400039679968256	3.34961732030614	69.962	11.93
0.101139919088065	1.45619883504093	34.762	4.662
