14.102208718233	14.4642484286013	960.278	286.293
54.1004367196506	54.4638164289469	3433.844	1085.758
19.1003147197482	19.4704044236765	1206.889	393.506
0.897949281640575	1.25963899228881	161.07	14.514
39.100108719913	39.4595684323453	2402.161	775.152
1.90070847943322	2.26223819020945	212.407	37.196
2.79804776156179	3.16043747165002	269.795	59.985
69.1006047195162	69.4648244281405	4305.15	1430.053
34.0979327216538	34.4661924270461	2224.262	679.881
89.101138719089	89.4626284298973	5465.603	1836.976
29.1000767199386	29.4609364312509	1894.387	578.137
1.30038895968883	1.65797867361706	191.587	25.318
0.600249519800384	0.965159227872618	126.945	9.971
99.0988907208874	99.4582004334397	5967.846	2021.62
0.299319760544192	0.662039470368424	107.926	5.421
24.0990007207994	24.4632404294077	1513.786	496.202
0.400169679864256	0.761759390592488	123.507	6.942
94.0997047202362	94.4651844278525	5769.448	1933.095
44.0990747207402	44.4669844264125	2846.411	891.773
4.20226663818669	4.56785634571492	358.244	90.77
59.0988727209018	59.4616924306461	3713.765	1211.93
49.1009507192394	49.4668404265277	3141.85	978.534
0.100699919440064	0.45359963712029	102.531	2.644
9.40039247968602	9.76247219002225	651.742	191.333
74.0987907209674	74.4592804325757	4565.417	1534.749
84.0988427209258	84.4654724276221	5200.72	1673.419
0.201059839152129	0.563759548992361	111.374	4.138
64.101248719001	64.4691084247133	3958.298	1310.831
6.30032495974003	6.66935466451627	474.534	128.743
79.0995667203466	79.4656164275069	5007.6	1568.008
