44.5466043627165	99.988840008928	16385.529	2137.026
44.3143845484924	99.98290001368	16381.363	2058.261
60.5466915626467	100.0	16998.494	2922.916
32.2015642387486	99.7705001835999	15798.811	1522.177
47.4844820124144	99.995860003312	16605.965	2275.037
40.9660872271302	99.949240040608	16099.288	2024.4
16.0175471859623	94.7229442216446	14740.376	801.417
58.0697235442212	100.0	16936.646	2805.409
23.3479413216469	97.3828020937583	15527.442	1136.615
34.2609925912059	99.7350402119678	15899.281	1685.409
55.4054356756515	99.99910000072	16837.41	2657.056
40.4493476405219	99.921340062928	16333.32	1954.26
43.713415029268	99.967420026064	16213.389	2106.722
28.3209273432581	99.2846805722555	15751.61	1379.18
52.7917077666338	99.998740001008	16735.222	2580.013
18.9321548542761	96.5945827243338	14994.654	957.907
26.8225285419772	98.5600011519991	15621.96	1331.221
46.867222506222	99.986680010656	16517.5	2271.683
21.920552463558	97.7986017611186	15387.458	1127.157
58.1022835181732	100.0	16992.708	2914.348
22.9678816256947	98.8244209404632	15371.267	1111.922
60.5480115615907	100.0	17216.408	2924.516
50.2155698275441	99.997840001728	16796.184	2356.29
49.8108001513599	99.995680003456	16682.435	2412.722
58.1008435193252	100.0	17180.287	2711.238
12.8882696893842	90.8273873380901	14664.008	689.304
19.3878944896844	97.2731821814543	15082.358	944.054
41.0276771778583	99.950680039456	16387.487	1948.755
18.4720352223718	95.8763832988934	14980.349	890.892
37.9015796787363	99.8970400823679	16163.167	1782.287
9.16703266637387	80.7729553816357	14216.023	481.69
58.1043135165492	100.0	16939.959	2865.09
35.5682015454388	99.9134200692639	15949.849	1741.233
9.59157232674214	83.0641735486612	14398.828	506.124
35.6240215007828	99.9128800696959	15718.651	1817.463
37.9805196155843	99.9056800754559	16177.287	1824.493
60.5504615596308	100.0	17238.357	2937.501
16.0845271323783	94.8701841038527	14828.123	813.764
60.5505415595668	100.0	17123.961	2926.913
12.9265896587283	91.0241271806983	14909.114	667.858
43.5128551897159	99.960040031968	16446.354	2052.138
31.1054151156679	99.4983404013277	15610.782	1591.938
50.2155698275441	99.997840001728	16585.962	2426.204
55.4458756432995	99.999820000144	17085.656	2612.424
7.76213379029297	72.5170819863344	13457.056	424.149
28.3334073332741	99.2909805672155	15690.536	1419.707
12.8917496866003	90.8572673141861	14739.703	659.625
52.7478478017218	99.998380001296	16933.004	2450.181
15.650517479586	93.8186249451	14879.661	801.659
47.1763022589582	99.992620005904	16354.063	2285.819
35.7212514229989	99.9253000597599	15966.474	1817.088
55.5422655661875	100.0	17024.694	2692.225
19.1673046661563	96.9583624333101	15086.643	958.536
12.7218398225281	90.2368078105538	14582.679	675.444
13.5808391353287	88.2424094060725	14750.154	682.141
25.5032695973843	98.9873208101433	15416.714	1305.447
31.6090147127882	99.6448602841118	15804.224	1605.946
9.28365257307794	81.3412149270281	14374.609	490.277
50.2464498028402	99.998560001152	16754.941	2438.18
38.7047890361688	99.955360035712	16101.353	1909.116
22.9386216491027	98.7878809696952	15305.179	1136.192
27.3169681464255	98.8152409478072	15826.926	1298.467
26.2367390106088	99.4052804757756	15597.58	1301.542
31.194555044356	99.5323603741117	15840.2	1490.58
26.2369790104168	99.4070804743356	15555.362	1259.235
52.9586276330979	99.999640000288	16849.087	2467.773
20.0894439284449	95.6636234691012	15289.764	972.655
47.4989920008064	99.995680003456	16498.014	2392.217
52.6091779126577	99.998920000864	16907.012	2466.516
55.4692656245875	99.999460000432	17089.312	2590.118
38.1911994470404	99.9202600637919	16067.354	1934.359
41.7369066104747	99.984160012672	16321.194	1988.669
44.6184043052766	99.990820007344	16370.733	2234.964
12.5139999888	89.5909683272253	14650.162	618.802
38.1192195046244	99.9130600695519	16071.327	1862.026
47.1783122573502	99.992620005904	16470.856	2365.726
7.73561381150895	72.3415821267343	13672.554	404.809
27.0453983636813	98.6860010511992	15606.964	1277.161
43.3998852800918	99.954640036288	16529.062	2098.326
60.5506515594788	100.0	17354.43	2884.204
38.3610993111206	99.934480052416	16127.725	1877.837
27.8796276962978	99.1032407174074	15499.999	1374.481
58.1005935195252	100.0	17212.875	2729.07
27.0088283929373	98.6665610667511	15638.941	1327.114
22.5590419527664	98.464961228031	15249.912	1109.068
50.1690598647521	99.997480002016	16850.903	2405.545
58.0850135319892	100.0	17001.196	2851.843
30.1365558907553	99.1891006487195	15653.238	1534.776
6.39219488624409	69.0396647682682	13932.397	351.115
26.1832790533768	99.3779204976636	15634.368	1246.934
35.6231515014788	99.9154000676799	16072.272	1677.168
22.5732619413904	98.474141220687	15431.636	1124.342
35.6608614713108	99.9177400658079	15987.516	1733.84
55.5751255398996	100.0	16915.957	2705.594
22.6277618977905	98.521301182959	15414.15	1139.301
52.9576376338899	99.999640000288	17057.564	2495.351
55.3696257042994	99.99910000072	16808.821	2677.446
38.5023391981286	99.945280043776	16215.287	1814.683
23.1373514901188	97.1815622547502	15266.868	1189.533
20.0144839884128	95.5831635334692	15267.079	957.505
10.7943913644869	82.834133732693	14451.052	571.194
60.5466915626467	100.0	17229.304	2853.77
15.2744477804418	92.9740656207475	14934.134	777.022
16.3025869579304	95.361403710877	14992.881	795.168
18.4850352119718	95.8961832830534	15157.601	933.657
35.1057919153665	99.8493401205279	15931.683	1718.753
7.71865382507694	72.2002822397742	13479.094	402.869
52.9468776424979	99.999460000432	17007.381	2507.457
7.71737382610094	72.2226022219182	13570.085	415.399
52.9578276337379	99.999640000288	16620.721	2670.282
31.6447546841963	99.6533202773438	15839.743	1511.782
12.8102797517762	90.5393875684899	14786.311	626.791
41.3960468831625	99.965980027216	16328.577	1960.606
58.1005935195252	100.0	17051.003	2791.038
28.2150274279781	99.2501205999035	15793.939	1358.139
7.99945360043712	73.9743608205114	13764.715	415.286
25.9374292500566	99.2407606073915	15448.82	1287.435
41.3862568909945	99.966160027072	16235.96	2013.745
55.5593355525316	99.999820000144	17024.538	2613.247
58.0844235324612	100.0	17092.882	2721.183
44.2381846094523	99.98110001512	16280.723	2139.016
55.5220555823555	100.0	17082.176	2666.968
29.9422460462032	99.1214207028634	15704.12	1519.695
13.9089688728249	89.1924486460411	14782.454	682.41
37.9033096773523	99.9017200786239	16096.504	1822.109
47.2197722241822	99.993520005184	16743.493	2208.825
47.4641520286784	99.995860003312	16407.643	2299.861
18.9656048275161	96.6032227174218	15309.436	913.595
17.9336856530515	94.9141040687167	14963.777	921.784
11.7232606213915	86.6065707147434	14538.943	617.01
40.5302675757859	99.925660059472	16421.601	1932.006
6.243265005388	67.8129657496274	13788.307	327.96
6.30946495242804	68.3279453376437	13805.135	341.169
31.3593349125321	99.5780803375357	15987.867	1504.392
40.1008279193377	99.9002800797759	16268.306	1902.758
26.1029691176247	99.3273405381276	15535.053	1253.444
44.6235843011326	99.990820007344	16553.589	2100.865
60.5505415595668	100.0	17281.692	2934.098
47.3792520965983	99.995140003888	16442.729	2297.113
50.2509797992162	99.998380001296	16707.334	2531.176
50.2001798398561	99.998020001584	16837.745	2383.867
50.2604997916002	99.99820000144	16872.144	2352.364
19.5675743459405	97.5269819784144	15156.131	971.78
14.2683785852971	90.3199677440258	14646.898	713.341
60.5480115615907	100.0	17001.743	2958.037
52.8157877473698	99.998920000864	16720.534	2579.627
35.7180014255989	99.9251200599039	16139.586	1775.11
10.5039415968467	81.5789947368042	14480.741	530.064
16.3255469395624	95.4089236728611	14867.934	839.428
25.8990092807926	99.2452606037915	15387.139	1274.475
21.0472331622135	96.884922492062	15129.077	1042.029
26.503298797361	98.378741297007	15377.877	1292.397
40.561347550922	99.92620005904	16346.236	1912.202
60.5498215601428	100.0	17092.005	2985.972
60.5480315615748	100.0	17069.607	2913.255
49.8610001111999	99.996040003168	16863.55	2347.633
46.6411726870619	99.983620013104	16615.536	2207.98
20.0703339437328	95.6402234878212	15158.26	989.675
44.5599443520445	99.989560008352	16495.718	2228.372
60.5480315615748	100.0	17374.017	2867.209
14.4637084290333	90.8311673350661	15094.645	713.345
14.6687782649774	91.3709869032105	14964.726	715.834
52.8342177326258	99.999280000576	16783.517	2563.025
41.6955566435547	99.98110001512	16100.266	1981.318
32.0400443679645	99.7377402098078	15752.325	1588.379
55.4692656245875	99.999460000432	17150.487	2596.122
12.9461896430483	91.1279870976103	14651.452	662.081
55.4653256277395	99.999460000432	17064.851	2666.454
8.30578335537332	75.7552793957765	13877.429	435.443
52.8456277234978	99.998920000864	16896.858	2602.187
50.2621197903042	99.998380001296	16591.443	2466.092
32.2481342014926	99.7784201772639	15912.789	1587.681
52.6629478696417	99.99820000144	16704.559	2637.412
6.29809496152403	68.2537853969717	13886.667	342.876
52.9360376511699	99.999280000576	17056.842	2515.714
44.5264243788605	99.988480009216	16607.035	2183.509
38.3160293471765	99.931240055008	16299.703	1821.161
21.7973325621339	97.6911418470865	15217.135	1077.133
28.4127172698262	99.3332805333756	15623.414	1393.402
58.0994435204452	100.0	17006.337	2801.078
38.6303290957367	99.953380037296	15997.876	1898.881
19.2164246268603	96.9731224215021	15306.484	963.776
9.43771244983004	82.1566142747086	14425.252	490.418
38.4471292422966	99.941860046512	16229.064	1838.763
26.1989790408168	99.3741405006876	15368.606	1342.445
18.4693252245398	95.8382233294213	15052.172	976.362
32.5070639943488	99.8295401363679	15842.318	1570.422
25.6823394541284	99.0897407282074	15434.803	1278.098
11.0728011417591	83.9512128390297	14529.786	564.463
19.1894546484363	96.9949024040781	15054.401	948.628
34.8517121186303	99.8212601429919	15940.032	1704.282
40.8094973524021	99.939160048672	16079.281	2061.978
