59.0970627223498	62.7240098207921	8878.229	1435.651
0.100889919288065	1.44179884656092	355.244	4.588
1.90157847873722	5.54309556552355	874.985	50.001
98.6038311169351	99.996040003168	13898.429	3920.69
69.0796047363162	72.3921620862703	9995.576	1724.06
84.0762727389818	87.4115300707759	12286.879	2017.552
14.097488722009	17.7215258227793	2570.844	357.987
44.0992547205962	47.7303818156945	6784.036	1057.405
19.0991747206602	22.7417218066226	3281.9	460.085
1.30129895896083	4.90139607888314	820.141	40.409
29.0868867304906	32.5558539553168	4704.201	704.949
94.0962347230122	97.7206618234705	13825.791	3712.56
2.79884776092179	6.44903484077213	1008.356	73.987
48.7552409958072	51.0294191764647	7097.934	1199.044
9.40142247886202	13.0552095558324	1902.877	243.041
88.9343788524969	91.5011267990986	12752.324	2319.652
0.201069839144129	2.3491781206575	505.484	8.056
0.400119679904256	3.37463730029016	602.637	16.588
0.299569760344192	2.94317764545788	566.164	10.825
0.898379281296575	4.41485646811483	741.223	29.541
63.8688289049369	66.3105069515944	9211.469	1584.875
6.29920496063603	9.93491205207036	1558.464	156.696
79.0952167238266	82.741793806565	11653.55	1921.518
54.0970567223546	57.7275738179409	8173.161	1300.324
0.599059520752383	3.88745689003449	663.305	22.48
39.096708722633	42.7434858052114	5993.529	962.803
4.19780664175469	7.82513373989301	1243.884	108.645
73.9358008513593	76.519378784497	10802.413	1780.444
34.0977227218218	37.7267098186321	5292.441	851.048
24.0964307228554	27.7403178077458	4013.734	585.178
54.0957067234346	57.7331538134769	8228.514	1293.803
24.0972107222314	27.7451778038578	3945.361	585.15
1.29665896267283	4.89725608219513	798.344	35.464
0.602839517728386	3.92075686339451	690.469	23
84.1012627189898	87.7169898264081	12162.223	2113.864
98.6684010652791	99.999460000432	13877.957	3843.701
39.098648721081	42.7352058118353	6124.774	936.332
44.1032947173642	47.7615217907826	6695.716	1089.416
0.299489760408192	2.94569764344189	573.477	10.249
49.0965607227514	52.7340178127858	7386.598	1212.729
94.0891647286682	97.5912419270065	13825.726	3641.603
19.1049947160042	22.7397418082066	3318.864	471.725
1.89847848121722	5.53103557517154	908.036	55.679
79.1022967181626	82.737113810309	11680.224	1900.072
4.20304663756269	7.84331372534902	1209.589	112.615
0.902359278112578	4.41953646437083	723.497	24.607
0.099999920000064	1.43873884900892	345.419	4.353
29.1082367134106	32.736933810453	4663.362	708.496
2.80003775996979	6.43769484984412	1024.07	77.215
69.1042447166042	72.7314618148306	10264.684	1675.134
74.0942707245834	77.7313178149458	10963.038	1783.185
64.094618724305	67.7442058046354	9614.417	1555.217
89.068218745425	92.3314661348271	12771.216	2271.068
0.400759679392256	3.37013730389016	603.529	13.043
14.099238720609	17.7190058247953	2568.312	356.84
0.200449839640128	2.3403581277135	504.539	7.792
34.1050227159818	37.7434498052402	5339.044	840.717
59.1025827179338	62.7616297906962	8771.029	1483.223
6.30293495765203	9.93131205495036	1495.349	165.364
9.39565248347801	13.0350495719603	1903.695	228.018
84.0998827200938	87.7141098287121	12256.064	2090.935
1.89378848496921	5.53679557056354	887.617	48.876
64.092278726177	67.7364658108274	9545.237	1562.935
0.903129277496578	4.40747647401882	744.805	29.588
29.0723767420986	32.3875540899567	4580.09	721.226
24.0960207231834	27.7444578044338	3991.574	576.623
98.6746010603191	99.999640000288	14028.635	3791.978
14.100108719913	17.7447458042034	2571.559	342.647
79.0999467200426	82.751873798501	11479.152	1960.613
4.19642664285869	7.83161373470901	1229.939	112.895
0.0993199205440636	1.42469886024091	344.359	4.323
2.80128775896979	6.43913484869212	1045.191	74.227
6.30103495917203	9.93545205163836	1469.994	159.946
0.600169519864384	3.9065368747705	679.739	22.445
1.30157895873683	4.90517607585914	814.513	40.513
34.0967027226378	37.7457898033682	5384.6	819.941
0.399689680248256	3.35897731281815	622.19	13.476
