29.0999867200106	29.1000367199706	1726.766	517.527
24.0999907200074	24.1001807198554	1778.035	520.405
14.099998720001	14.100108719913	1814.688	528.164
74.0999507200394	74.1001807198554	1775.948	591.409
34.0999827200138	34.1000727199418	1728.042	559.119
99.0999307200554	99.1000007199994	1845.717	581.669
49.0999707200234	49.1001807198554	1744.507	540.72
4.20000663999469	4.20011663990669	1786.734	492.671
0.200009839992128	0.200159839872128	1774.596	504.874
79.0999467200426	79.1000367199706	1763.124	558.654
89.099938720049	89.100108719913	1797.188	583.633
54.0999667200266	54.1000367199706	1821.343	529.698
2.80000775999379	2.80025775979379	1706.555	481.323
94.0999347200522	94.1001447198842	1858.362	567.08
0.100009919992064	0.100259919792064	1706.598	507.86
84.0999427200458	84.1000727199418	1760.414	567.614
6.30000495999603	6.30017495986003	1814.781	496.957
1.90000847999322	1.90007847993722	1783.814	569.855
44.0999747200202	44.1001447198842	1805.011	520.375
59.0999627200298	59.1002527197978	1830.593	531.827
39.099978720017	39.100108719913	1735.717	542.83
19.0999947200042	19.1001447198842	1825.05	537.98
9.40000247999802	9.40013247989402	1717.121	519.286
64.099958720033	64.100288719769	1833.615	573.26
0.300009759992192	0.300239759808192	1767.189	521.876
1.30000895999283	1.30013895988883	1792.275	501.121
69.0999547200362	69.1001447198842	1826.894	554.846
0.900009279992576	0.900179279856576	1688.27	510.006
0.400009679992256	0.400139679888256	1808.29	509.571
0.600009519992384	0.600119519904384	1770.946	488.378
