44.0978247217402	44.4619444304445	2796.669	850.999
99.0988107209514	99.4544204364636	6223.482	3051.831
1.30084895932083	1.66049867160106	189.865	20.512
0.400419679664256	0.772559381952494	112.072	5.428
0.0986199211040631	0.457919633664293	97.083	1.996
39.099408720473	39.4642484286013	2465.942	790.672
59.1013327189338	59.4683524253181	3719.279	1190.128
0.200159839872128	0.559799552160358	111.031	3.11
6.29851496118803	6.66593466725227	467.895	125.27
0.900879279296577	1.26197899041681	148.613	13.8
34.0996827202538	34.4681724254621	2141.08	690.334
14.100508719593	14.4644284284573	1019.775	274.222
29.1014467188426	29.4620164303869	1932.704	564.799
24.1007507193994	24.4636004291197	1619.93	474.54
19.1001147199082	19.4621244303005	1210.216	370.96
2.80062775949779	3.16637746689803	267.872	58.284
79.0999967200026	79.4576964338429	4833.315	1581.279
0.300219759824192	0.666359466912426	114.895	4.495
64.097688721849	64.4640684287453	4086.482	1272.348
1.90084847932122	2.26799818560145	220.637	33.267
69.0988447209242	69.4668044265565	4244.216	1405.274
49.1002307198154	49.4690004247997	3232.375	964.226
0.599919520064384	0.965699227440618	123.8	8.491
84.0998127201498	84.4634924292061	5105.338	1717.068
94.1008647193082	94.4646444282845	5736.584	3073.23
89.098348721321	89.4622684301853	5498.25	1856.862
4.20079663936269	4.56407634873892	342.868	83.295
74.0991207207034	74.4628804296957	4536.871	1507.983
54.1003767196986	54.4672364262109	3352.988	1088.66
9.39887248090202	9.76247219002225	654.193	183.052
