0.0410399671680263	0.668519465184428	187.702	2.905
0.138699889040089	1.83329853336117	486.62	6.664
77.3081081535135	80.9542152366278	12687.249	2029.782
57.1979542416366	59.9835120131904	9376.386	1513.639
0.000989999208000634	0.0178199857440114	5.694	0.469
0.00893999284800572	0.157319874144101	45.179	1.009
0.711609430712455	4.12397670081864	790.709	27.232
8.06461354830916	11.3734709012233	1851.175	216.751
0.213229829416136	2.43683805052956	573.997	9.334
0.0129599896320083	0.224639820288144	62.904	1.142
0.00270999783200173	0.048419961264031	14.333	0.614
1.06487914809668	4.63589629128297	865.56	37.629
87.3155001475999	90.9569872344102	14237.993	2293.915
67.3134861492111	70.9581032335174	11141.164	1679.645
0.0632499494000405	0.98441921246463	276.086	3.879
18.2105054315957	21.847842521726	3594.464	470.627
5.39682568253945	9.04841276126979	1563.965	146.798
27.3125081499935	30.9572752341798	5076.449	705.212
2.39872808101754	6.04151516678787	1036.911	72.147
1.59509872392102	5.23331581334735	908.34	50.95
0.00170999863200109	0.0304199756640195	9.31	0.545
97.2117922305662	99.8515001187999	15661.367	2454.977
0.028199977440018	0.475739619408304	131.525	1.915
0.00391999686400251	0.0700199439840448	20.49	0.733
0.313469749224201	3.00059759952192	657.497	12.257
0.0935599251520599	1.36007891193687	349.7	5.016
0.471729622616302	3.5866771306583	720.406	21.009
37.3116001507199	40.9348472521222	6456.97	988.911
47.3128421497263	50.9521992382406	8099.905	1191.494
3.26547738761809	5.54399556480355	925.791	88.061
0.0060999951200039	0.107819913744069	31.2	0.844
0.0192499846000123	0.330299735760211	92.653	1.545
12.1427602857918	15.7894073684741	2580.598	332.285
