0.000959999232000614	0.0172799861760111	1784.36	501.734
0.000979999216000627	0.0176399858880113	827.089	507.661
0.00100999919200065	0.0181799854560116	971.248	509.631
0.00119999904000077	0.0215999827200138	833.018	536.664
0.00164999868000106	0.029699976240019	862.732	506.925
0.00181999854400116	0.032759973792021	978.55	543.162
0.00194999844000125	0.0350999719200225	1789.754	518.45
0.00222999821600143	0.0401399678880257	829.508	494.154
0.00276999778400177	0.0496799602560318	842.995	521.408
0.00287999769600184	0.0518399585280332	1820.301	519.141
0.00301999758400193	0.0543599565120348	989.187	541.552
0.00307999753600197	0.0554399556480355	823.49	511.349
0.00391999686400251	0.0705599435520452	1038.459	520.415
0.00398999680800255	0.071819942544046	821.671	519.059
0.00404999676000259	0.0727199418240465	1810.961	516.966
0.00414999668000266	0.0746999402400478	854.93	542.644
0.00564999548000362	0.101699918640065	1000.164	528.046
0.00580999535200372	0.104579916336067	837.514	516.378
0.00591999526400379	0.106559914752068	1805.557	519.057
0.00626999498400401	0.112859909712072	826.805	523.524
0.00857999313600549	0.154439876448099	811.68	515.061
0.00883999292800566	0.158579873136102	854.181	521.769
0.00899999280000576	0.161639870688103	1739.176	538.309
0.00954999236000611	0.17171986262411	1010.194	524.853
0.0127499898000082	0.229139816688147	999.379	530.102
0.0129499896400083	0.233099813520149	810.479	547.495
0.0131599894720084	0.236879810496152	791.374	488.826
0.0133599893120086	0.240299807760154	1717.939	535.076
0.0183199853440117	0.329219736624211	1743.459	524.899
0.0191199847040122	0.34379972496022	825.483	541.598
0.0195599843520125	0.351359718912225	819.817	521.409
0.0200399839680128	0.36017971185623	1011.494	547.768
0.0271199783040174	0.487259610192312	788.459	536.354
0.0272699781840175	0.489779608176313	997.289	527.804
0.0274299780560176	0.491759606592315	1849.789	533.48
0.0285899771280183	0.513359589312329	840.766	499.015
0.040669967464026	0.729179416656467	821.9	551.186
0.0416999666400267	0.747179402256478	1800.056	528.569
0.0417999665600268	0.74933940052848	1011.335	519.523
0.0419299664560268	0.752219398224481	807.429	534.528
0.0621599502720398	1.11077911137671	835.716	512.24
0.0623299501360399	1.11509910792071	1711.085	513.244
0.06251994998404	1.11743910604872	823.851	489.308
0.0636599490720407	1.13939908848073	1023.937	542.596
0.0931099255120596	1.66103867116906	990.052	537.412
0.0931299254960596	1.66499866800107	1809.378	508.595
0.0931599254720596	1.66463866828907	829.228	503.046
0.095339923728061	1.70063863948909	846.532	516.077
0.14112988709609	2.51171799062561	1013.331	556.725
0.141879886496091	2.52287798169761	829.618	528.613
0.142939885648091	2.54105796715363	1759.505	524.193
0.142979885616092	2.54159796672163	838.808	529.914
0.208879832896134	3.69575704339437	834.667	519.906
0.209489832408134	3.70061703950637	1753.69	535.25
0.210289831768135	3.72383702093038	820.707	533.569
0.212189830248136	3.7540769967384	1015.264	523.489
0.313749749000201	5.50133559893152	1012.744	532.225
0.315009747992202	5.52887557689954	853.465	524.628
0.315189747848202	5.52365558107554	826.811	533.898
0.317219746224203	5.56469554824356	1814.11	526.401
0.470169623864301	8.13239349408521	1042.39	534.534
0.473509621192303	8.19557344354125	836.929	533.041
0.474179620656303	8.20115343907725	1753.338	579.754
0.475329619736304	8.23175341459727	845.588	511.156
0.706599434720452	11.9770104183917	996.468	524.329
0.707679433856453	12.0047303962157	812.209	518.73
0.713409429272457	12.1118303105358	1828.715	532.818
0.716229427016458	12.1337902929678	827.169	549.313
1.06050915159268	17.4851860118512	1799.524	500.865
1.06075915139268	17.4763660189072	803.238	492.319
1.06857914513668	17.5661859470512	856.754	531.319
1.07310914151269	17.6612258710193	1002.655	534.494
1.59053872756902	25.1002599197921	832.973	525.782
1.59709872232102	25.1591198727041	1036	563.553
1.59742872205702	25.1884598492321	1789.946	559.865
1.59901872078502	25.1909798472161	818.71	535.008
2.39260808591353	35.3228117417506	1021.761	508.024
2.39429808456153	35.3352317318146	818.929	516.343
2.39766808186553	35.3739317008546	844.005	533.198
2.39787808169753	35.3908516873187	1839.207	550.1
3.5932271254183	48.2741613806709	811.389	525.125
3.5994171204663	48.2725413819669	1048.816	559.843
3.6014871188103	48.375501299599	822.512	533.635
3.60216711826631	48.2952213638229	1818.384	542.691
5.38752568997945	63.0969695224244	1830.557	512.926
5.38812568949945	63.1045295163764	976.416	535.653
5.40012567989946	63.1381894894484	830.645	524.158
5.40238567809146	63.3028893576885	841.892	518.204
8.08014353588517	78.045777563378	823.945	527.056
8.08130353495717	78.069717544226	829.86	519.71
8.08496353202917	78.128397497282	1013.681	550.299
8.08913352869318	78.110577511538	1852.55	535.059
