0.00088999928800057	0.0160199871840103	1.522	0.476
0.00101999918400065	0.0183599853120118	1.583	0.502
0.00103999916800067	0.018719985024012	3.021	0.494
0.00104999916000067	0.0188999848800121	1.792	0.816
0.00172999861600111	0.0311399750880199	4.264	0.539
0.00194999844000125	0.0350999719200225	2.756	0.567
0.00195999843200125	0.0352799717760226	2.383	1.54
0.00208999832800134	0.0376199699040241	5.112	0.59
0.00282999773600181	0.0509399592480326	2.528	0.61
0.00283999772800182	0.0511199591040327	2.763	0.66
0.0029699976240019	0.0534599572320342	2.292	0.697
0.00318999744800204	0.0574199540640368	11.985	0.687
0.709069432744454	12.0326303738957	204.296	78.744
0.711969430424456	12.0821303342957	1187.12	76.569
1.05937915249668	17.4157060674351	514.534	101.543
1.06439914848068	17.5134459892432	467.279	100.241
1.06699914640068	17.5573659541072	283.744	109.676
1.07183914252869	17.6275658979473	1659.935	98.874
1.59091872726502	25.1022399182081	642.292	167.905
1.59581872334502	25.1373398901281	697.728	168.803
1.59784872172102	25.1513798788961	2237.27	161.576
1.60076871938502	25.2089798328161	401.16	176.541
2.39299808560153	35.3483717213026	2869.18	226.888
2.39478808416953	35.3753716997026	963.703	233.622
2.39865808107354	35.4002116798307	849.663	230.453
2.40073807940954	35.4426916458467	540.682	246.261
12.1206203035038	90.2117878305697	1867.016	630.811
12.1400702879438	90.2942277646178	932.003	632.573
12.1452602837918	90.2499478000418	1021.249	640.284
12.1459702832238	90.2099878320097	913.279	666.255
18.1893454485236	97.2708421833263	1925.726	699.969
18.1907754473796	97.2868621705103	939.243	690.871
18.2065154347877	97.3104421516463	928.505	696.244
18.2214054228757	97.2910021671983	1078.787	730.147
27.3011981590415	99.6743802604958	986.183	735.642
27.3197481442015	99.6668202665438	1147.522	729.617
27.3285881371295	99.6605202715838	1958.614	735.774
27.3291081367135	99.6826602538718	986.412	726.077
37.2959001632799	99.976060019152	1019.805	763.892
37.3072001542399	99.975520019584	2064.615	749.278
37.3288101369519	99.975520019584	1184.555	771.764
37.3309001352799	99.975160019872	1060.542	761.014
47.3172721461823	99.999280000576	1023.855	788.032
47.3242221406223	99.998740001008	2009.876	817.111
47.3297521361983	99.998920000864	1035.768	791.423
47.3318721345023	99.998380001296	1225.658	786.827
57.3093641525087	100.0	2098.822	782.56
57.3106941514447	100.0	1232.215	780.778
57.3186141451087	100.0	1034.746	802.324
57.3248841400927	100.0	1066.741	779.343
67.3089261528591	100.0	1253.268	840.916
67.3127061498351	100.0	1090.526	789.087
67.3173161461471	100.0	1092.423	795.21
67.3280761375391	100.0	2041.397	853.039
77.2953581637135	100.0	1057.965	822.941
77.2997281602175	100.0	1102.62	827.24
77.3008381593295	100.0	1272.395	807.415
77.3013881588895	100.0	2017.918	848.506
87.2871401702879	100.0	1105.921	798.49
87.2894101684719	100.0	1263.758	845.297
87.2991801606559	100.0	1121.296	836.975
87.3183201453439	100.0	2134.286	814.104
97.3012921589663	100.0	1157.797	808.864
97.3056621554703	100.0	2034.959	840.471
97.3109421512463	100.0	1104.488	841.149
97.3143121485503	100.0	1288.26	820.172
