77.3247081402335	100.0	646.456	488.985
27.2908781672975	99.6792402566078	656.727	464.801
0.0130299895760083	0.23453981236815	658.867	419.732
8.08275353379717	78.0164375868499	659.283	436.036
47.3282521373983	99.998380001296	654.964	537.068
0.00587999529600376	0.105839915328068	656.017	416.965
2.39482808413753	35.3784316972546	642.906	422.239
67.3179261456591	100.0	620.734	459.934
0.0186199851040119	0.335159731872214	636.586	470.159
0.321479742816206	5.63435549251561	631.772	389.245
5.39579568336345	63.0881495294804	655.117	438.156
0.0638699489040409	1.14335908531273	642.554	418.646
57.3239041408767	100.0	672.99	542.764
0.00915999267200586	0.164699868240105	644.718	471.164
0.472019622384302	8.15705347435722	691.437	392.319
1.60140871887302	25.2258998192801	636.715	415.146
0.00112999909600072	0.020339983728013	637.879	410.001
87.2945401643679	100.0	657.052	518.918
0.00375999699200241	0.0676799458560433	654.162	468.183
37.3333101333519	99.97390002088	652.52	466.08
0.00307999753600197	0.0552599557920354	671.489	421.283
0.00205999835200132	0.0370799703360237	667.486	447.507
1.06201915038468	17.5174059860752	649.521	475.289
0.710199431840455	12.0470303623757	661.568	453.701
0.14079988736009	2.5028979976816	658.736	417.161
97.3024721580223	100.0	634.264	451.977
0.0929099256720595	1.65977867217706	668.123	403.868
3.5942671245863	48.2626413898869	633.561	445.981
12.1531902774478	90.2857677713858	640.829	422.977
0.210479831616135	3.72005702395438	660.021	473.82
18.1824054540756	97.2890221687823	668.54	415.956
0.0403199677440258	0.723599421120463	651.363	452.158
0.0288999768800185	0.518579585136332	653.997	451.496
