84.0872527301978	100.0	1777.509	579.417
9.39371248503001	83.0089135928691	1738.846	551.689
69.0982347214122	100.0	1877.969	590.355
29.0872967301626	99.8002001598399	1767.313	575.595
0.0992699205840635	1.77191858246513	1821.685	532.924
1.29924896060083	20.9629632296294	1728.743	532.14
0.601209519032385	10.2837517729986	1775.698	518.298
59.0878927296858	100.0	1794.514	608.277
4.2112166310267	53.8735969011225	1762.314	559.702
34.1016827186538	99.94690004248	1853.859	599.695
49.1021407182874	99.998740001008	1816.756	618.217
44.0937247250202	99.998380001296	1879.049	615.557
1.90168847864922	29.1970566423547	1790.585	526.135
6.29648496281203	68.9644248284601	1823.596	581.721
24.0916007267194	99.3025005579996	1851.388	580.898
19.0926247259002	97.7888817688946	1838.243	558.868
0.401229679016257	6.98219441424447	1830.618	525.006
14.096638722689	93.5594251524599	1753.375	535.326
0.198349841320127	3.50945719243425	1809.362	524.941
94.0982947213642	100.0	1804.943	600.273
64.092248726201	100.0	1872.657	590.223
99.1002707197834	100.0	1883.98	581.847
89.091708726633	100.0	1860.652	574.418
2.8073077541538	40.0996479202817	1733.958	529.501
0.299559760352192	5.25725579419536	1763.085	570.774
0.900249279800576	15.0073079941536	1746.828	559.273
74.0926307258954	100.0	1799.53	619.883
79.0943767244986	100.0	1806.91	603.553
39.094518724385	99.987940009648	1902.43	619.07
54.0986567210746	100.0	1895.684	583.428
