39.097018722385	99.984340012528	15944.799	1935.44
0.604869516104387	10.3494517204386	2553.42	41.285
0.401189679048257	6.98183441453247	1691.25	27.645
69.1151947078442	100.0	17467.481	3411.955
49.0814907348074	99.998920000864	16742.581	2340.526
19.1119447104442	97.7966217627026	15032.747	987.285
0.29633976292819	5.21261582990734	1296.035	21.812
9.40881247295002	83.0755135395892	14463.73	487.218
74.0964807228154	100.0	17914.166	3498.489
64.083018733585	100.0	17455.841	3064.246
4.20596663522669	53.8347169322265	12587.105	249.824
94.1096047123162	100.0	18636.054	4608.087
0.200059839952128	3.53753716997026	870.746	14.552
14.106298714961	93.5027251978198	14765.52	737.306
29.0902867277706	99.7944401644479	15539.853	1443.111
79.1209567032346	100.0	18329.495	3735.647
0.904109276712579	15.0811079351137	3722.061	59.798
2.79789776168179	39.9486280410976	9687.887	173.922
54.1115367107706	99.999820000144	16772.696	2670.221
1.30775895379284	21.0884231292615	5148.666	78.49
24.1019107184714	99.2953005637596	15343.667	1191.465
99.1020107183914	100.0	18819.628	4776.227
34.0963127229498	99.9460000432	15698.307	1687.093
59.1019627184298	100.0	17269.936	2773.153
0.0996399202880638	1.77875857699314	437.676	6.604
6.29377496498003	68.9719848224121	13906.784	353.606
44.1073547141162	99.996940002448	16380.733	2160.448
84.1059827152138	100.0	18124.111	4115.241
89.102038718369	100.0	18250.349	4296.055
1.90339847728122	29.2411566070747	7161.939	120.203
89.105568715545	100.0	18777.892	4150.176
99.1002907197674	100.0	19125.737	4711.495
69.0837547329962	100.0	17421.899	3408.216
1.89943848044922	29.2438566049147	7111.672	120.775
59.0983127213498	100.0	17128.982	2796.707
64.085408731673	100.0	17110.898	3090.56
44.1080647135482	99.998020001584	16211.406	2213.661
1.30686895450484	21.0805031355975	5175.899	87.178
9.40214247828602	83.1037735169812	14437.704	515.288
4.20282663773869	53.7992569605944	12471.218	251.981
74.1100907119274	100.0	17694.797	3578.112
34.0983327213338	99.94870004104	15841.396	1698.745
29.1048967160826	99.7935401651679	15795.029	1462.59
0.100659919472064	1.79873856100915	444.848	6.627
84.1150127079898	100.0	18434.365	3901.979
39.094648724281	99.989740008208	16226.798	1898.935
0.599879520096384	10.2581917934466	2505.075	42.594
24.0953207237434	99.2841405726875	15265.952	1233.026
0.399679680256256	6.94205444635644	1700.048	26.853
6.29607496314003	68.9653248277401	13957.937	346.832
49.1046707162634	99.998920000864	16703.393	2336.891
2.80424775660179	40.0767879385697	9757.419	165.514
0.200129839896128	3.53753716997026	869.868	12.833
14.101848718521	93.4953452037238	14621.964	755.552
54.1005467195626	99.999640000288	16929.769	2610.181
0.901929278456577	15.0571679542656	3665.255	57.203
19.1017247186202	97.7591817926546	15035.618	964.64
79.1256766994586	100.0	18203.925	3757.509
94.1094447124442	100.0	18907.869	4432.575
0.300709759432192	5.28245577403538	1301.221	22.648
79.0994267204586	100.0	17799.189	3823.975
89.102478718017	100.0	18291.941	4147.967
94.0974347220522	100.0	18499.294	4556.088
0.401689678648257	6.99245440603648	1722.238	28.97
54.1053267157386	100.0	16999.35	2557.921
84.1150127079898	100.0	18472.866	4122.777
4.20095663923469	53.8123969500824	12605.859	234.393
0.101869918504065	1.82033854372917	453.957	6.641
39.104558716353	99.986140011088	16218.804	1866.021
1.89670848263321	29.1743766604987	7231.332	118.714
0.202319838144129	3.58307713353829	879.109	15.299
49.0981207215034	99.999280000576	16628.982	2332.117
69.1107347114122	100.0	17672.722	3237.075
1.30167895865683	20.9879832096134	5160.84	81.434
29.0915467267626	99.7964201628639	15822.506	1432.065
