0.000979999216000627	0.0176399858880113	1190.167	738.199
0.00188999848800121	0.0340199727840218	1196.981	750.679
0.00330999735200212	0.0595799523360381	1181.528	740.608
0.00387999689600248	0.0698399441280447	1180.292	723.804
0.00594999524000381	0.107099914320069	1172.04	719.796
0.0089099928720057	0.160019871984102	1128.552	686.379
0.0134399892480086	0.241559806752155	1167.019	719.816
0.0184699852240118	0.332279734176213	1151.009	706.58
0.0283099773520181	0.508319593344325	1147.403	710.566
0.042129966296027	0.755639395488484	1187.757	742.775
0.0621199503040398	1.11131911094471	1173.43	726.421
0.09368992504806	1.67453866036907	1164.941	729.363
0.14054988756009	2.4991180007056	1130.638	701.788
0.213769828984137	3.77351698118642	1154.431	713.833
0.317689745848203	5.56937554449956	1229.889	762.892
0.475329619736304	8.21681342654926	1123.817	709.721
0.713009429592456	12.0787103370317	1156.344	723.629
1.06336914930468	17.5192059846352	1177.15	728.854
1.59966872026502	25.2541597966722	1189.796	738.87
2.39536808370553	35.3679917056066	1166.279	714.412
3.5961771230583	48.2730813815349	1197.792	747.197
5.38486569210745	63.1192895045684	1149.998	697.234
8.10035351971718	78.147657481874	1156.373	722.715
12.1477802817758	90.1889278488577	1213.593	776.843
18.1870854503316	97.2883021693583	1214.209	784.58
27.2843981724815	99.6760002591998	1201.274	750.873
37.3197201442239	99.976960018432	1222.826	784.474
47.3295621363503	99.99820000144	1228.72	809.36
57.3096041523167	100.0	1201.99	762.242
67.3151761478591	100.0	1241.397	793.729
77.2902681677855	100.0	1263.194	779.254
87.2979501616399	100.0	1263.707	815.19
97.3020721583423	100.0	1242.721	799.799
