57.3241341406927	100.0	9502.411	2809.365
0.314629748296201	5.51249559000353	556.186	19.793
0.0636999490400408	1.13867908905673	115.912	3.55
87.3052601557919	100.0	6996.195	4099.678
97.3025121579903	100.0	6587.34	4580.699
0.14087988729609	2.5066779946576	252.938	7.837
8.09637352290118	78.080697535442	2365.136	410.766
37.3029001576799	99.97570001944	3650.822	1768.036
97.3082821533743	100.0	10429.872	4756.787
0.00602999517600386	0.108359913312069	12.074	0.834
0.0287299770160184	0.516419586864331	16.874	2.068
0.0040599967520026	0.0730799415360468	4.218	0.8
18.2069954344037	97.3135021491983	2685.261	916.012
0.210459831632135	3.71861702510638	72.323	14.736
57.3205141435887	99.999820000144	8502.379	2783.068
0.0185999851200119	0.334079732736214	12.677	1.586
0.018699985040012	0.335699731440215	35.01	1.608
8.08159353472517	78.105897515282	1837.072	435.635
0.00875999299200561	0.157679873856101	7.093	1.017
0.0954399236480611	1.70405863675309	35.232	7.736
0.0040599967520026	0.0730799415360468	2.883	0.748
27.3004281596575	99.6756402594878	3118.337	1332.403
87.3041701566639	100.0	10711.968	4198.453
0.0622399502080398	1.11491910806471	39.231	4.189
77.3010981591215	100.0	5606.356	3733.316
0.0133699893040086	0.240659807472154	25.63	1.282
0.0414899668080266	0.742859405712475	23.744	2.482
0.471529622776302	8.16191347046922	248.586	29.407
87.2947301642159	100.0	6001.354	4221.293
0.0040599967520026	0.0728999416800467	3.551	1.171
5.39841568126745	63.1596094723124	1474.66	300.204
47.3187421450063	99.99910000072	5624.215	2325.537
0.00582999533600373	0.104939916048067	3.872	0.836
0.00932999253600597	0.167759865792107	5.719	1.078
87.2931501654799	100.0	9851.679	4219
3.5980371215703	48.2729013816789	1606.561	197.219
27.2847881721695	99.6812202550238	7217.701	1288.077
77.3169681464255	100.0	9406.662	3737.051
0.012509989992008	0.224999820000144	9.352	1.299
0.0960399231680615	1.7135986291211	176.35	5.551
37.2978001617599	99.976420018864	8848.844	1754.018
47.3021821582543	99.999280000576	4142.714	2269.74
5.38741569006745	63.1281094975124	5766.561	292.383
47.3334521332383	99.998560001152	8208.276	2224.443
0.00399999680000256	0.0719999424000461	8.397	0.682
0.212209830232136	3.7492170006264	115.012	12.325
0.0279699776240179	0.502559597952322	12.412	2.898
0.317619745904203	5.57279554176357	106.379	23.142
0.0934799252160598	1.66751866598507	51.455	5.248
18.1849654520276	97.2980221615823	3525.622	872.087
57.3056441554847	99.999820000144	5521.554	2704.472
0.0638799488960409	1.14209908632073	35.487	3.457
47.3282221374223	99.998020001584	9318.729	2235.779
18.2224854220117	97.2881221695023	7771.367	899.418
57.3261641390687	100.0	4566.131	2830.463
0.00854999316000547	0.153719877024098	16.898	1.008
0.317139746288203	5.56703554637156	172.656	22.008
0.0933499253200597	1.66877866497707	57.65	5.732
5.38520569183545	63.0937295250164	2177.085	293.219
97.3034821572143	100.0	11627.664	4673.112
0.0190999847200122	0.342899725680219	12.134	1.445
3.5916971266423	48.2205214235829	1045.618	210.076
0.00892999285600572	0.160559871552103	5.872	1.063
0.212269830184136	3.7522769981784	377.078	12.378
97.3148521481183	100.0	7747.173	4527.541
0.477449618040306	8.25677339458128	829.569	30.531
0.316809746552203	5.54993556005155	170.156	20.936
18.1995754403396	97.2944221644623	6709.48	890.979
37.3312001350399	99.97660001872	7548.475	1819.557
0.142149886280091	2.53061797550562	78.627	8.264
0.0129399896480083	0.232559813952149	8.462	1.472
8.08320353343717	78.09023752781	6166.814	402.668
67.3095361523711	100.0	10191.16	3236.709
0.474859620112304	8.19539344368524	258.875	30.041
77.3018981584815	100.0	10768.182	3630.78
12.1382902893678	90.2920677663458	2270.576	630.679
67.3110461511631	100.0	4980.808	3241.694
0.0279199776640179	0.501659598672321	18.808	2.17
12.1457702833838	90.2695677843458	6975.91	611.913
5.38652569077945	63.1003895196884	1993.418	289.767
0.142279886176091	2.53295797363362	49.195	10.723
77.2994281604575	100.0	6985.659	3581.066
3.5872471302023	48.2149414280469	4811.325	201.1
27.3277681377855	99.6859002512798	8361.067	1293.487
0.00588999528800377	0.106019915184068	4.41	1.273
0.474519620384304	8.21069343144526	157.757	34.48
0.0419799664160269	0.752579397936482	76.69	2.366
0.708629433096454	12.0317303746157	1206.287	40.563
37.3285201371839	99.976060019152	5098.925	1757.494
67.3166061467151	100.0	6489.074	3247.767
3.5997771201783	48.2797413762069	1519.915	192.266
8.08589353128517	78.04703756237	3313.244	432.919
0.0416099667120266	0.745019403984477	17.736	3.702
0.0628799496960402	1.12535909971272	24.167	4.616
0.141909886472091	2.52269798184161	76.554	8.053
0.00563999548800361	0.101519918784065	4.944	0.942
0.0412199670240264	0.739619408304473	24.903	2.869
27.2993681605055	99.6729402616478	4593.919	1337.106
12.1234803012158	90.2076478338817	2926.939	623.982
0.018809984952012	0.337859729712216	9.014	1.626
0.028099977520018	0.504539596368323	52.071	1.982
12.1324502940398	90.2474278020578	5690.546	594.535
0.208409833272133	3.68027705577836	115	12.191
67.3099761520191	100.0	9188.799	3149.023
0.0128399897280082	0.230759815392148	6.508	1.331
