0.100869919304065	1.79891856086515	445.106	5.58
74.1040507167594	100.0	18308.82	4824.906
0.899689280248576	14.9968680025056	3664.933	52.589
84.1146627082698	100.0	18943.848	5498.618
79.1249067000746	100.0	18665.607	5179.699
4.19201664638668	53.7243770204984	12602.758	211.817
14.113618709105	93.5426851658519	14668.697	652.004
34.0928327257338	99.951580038736	16025.1	2188.592
94.1093447125242	100.0	19887.597	6136.134
0.299369760504192	5.25959579232337	1285.986	19.942
64.112288710169	100.0	18096.591	4175.516
19.0982647213882	97.8178617457106	15213.569	1152.071
24.1216207027034	99.3084405532476	15354.804	1514.169
1.29703896236883	20.9368632505094	5086.341	74.641
6.28056497554802	68.8776648978681	13830.789	316.609
54.0962367230106	99.999640000288	17178.73	3392.103
0.400689679448256	6.97283442173246	1686.829	25.579
89.106438714849	100.0	19538.246	5803.465
39.116638706689	99.985420011664	16384.245	2409.481
0.198579841136127	3.51089719128225	866.438	11.432
99.1002907197674	100.0	20032.395	6392.816
49.1010607191514	99.99910000072	17006.354	3050.171
9.39913248069402	83.0906335274932	14351.785	451.893
1.89844848124122	29.1849966520027	7171.271	105.628
59.1044927164058	100.0	17409.933	3798.167
44.1071847142522	99.996760002592	16627.572	2793.935
29.0996467202826	99.7996601602719	15784.688	1781.631
2.79001776798579	39.9084880732095	9672.93	150.18
0.600149519880384	10.2702517837986	2515.586	38.319
69.1004147196682	100.0	17865.837	4654.575
54.0982167214266	99.999820000144	17400.01	3501.416
0.299359760512192	5.25653579477136	1277.045	19.69
0.200849839320129	3.55139715888227	871.07	13.462
19.0904347276522	97.7741217807026	15296.734	1177.271
79.1007467194026	100.0	18639.281	5132.235
1.89857848113722	29.1959766432187	7136.394	105.294
34.1009027192778	99.948340041328	16150.666	2092.003
24.1005307195754	99.2845005723995	15527.965	1483.03
74.1095307123754	100.0	18589.199	4776.395
0.401599678720257	6.98363441309247	1721.801	25.562
64.113168709465	100.0	17777.925	4139.699
9.40396247683002	83.1120535103572	14394.245	464.053
6.30517495586004	69.0445247643802	13910.973	319.591
99.1020107183914	100.0	20209.911	6473.14
89.105628715497	100.0	19550.248	5685.587
14.100638719489	93.5167651865878	14781.002	670.672
44.0970447223642	99.995680003456	16796.503	2707.52
39.100168719865	99.986140011088	16441.859	2497.517
84.1105327115738	100.0	19299.424	5466.427
4.19216664626668	53.7245570203544	12571.231	215.308
0.595519523584381	10.1851118519105	2476.721	35.946
0.0988299209360633	1.76399858880113	438.232	5.539
1.30708895432884	21.0551231559015	5170.112	75.674
2.80323775740979	40.1100879119297	9696.039	155.528
94.0944347244522	100.0	19584.194	6365.682
69.1137047090362	100.0	18242.555	4349.456
49.1161207071034	99.999280000576	16896.011	3218.449
0.900669279464576	15.0166679866656	3709.969	54.158
29.0900267279786	99.7881401694879	15698.238	1857.839
59.1085027131978	100.0	17503.56	3707.769
9.40302247758202	83.0996335202932	14476.523	468.502
74.1185907051274	100.0	18592.686	4753.408
0.896009283192573	14.9426880458496	3644.916	53.274
0.396149683080254	6.89291448566841	1685.421	23.792
89.106488714809	100.0	19129.871	5866.064
39.095858723313	99.98560001152	16390.897	2532.718
64.092238726209	100.0	17843.324	4191.194
0.599259520592384	10.2668317865346	2501.911	36.148
34.1146827082538	99.941680046656	15806.571	2167.107
19.1010347191722	97.8162417470066	14993.998	1193.92
2.80210775831379	40.0006479994816	9788.883	158.006
99.1002907197674	100.0	19986.288	6622.266
1.89506848394521	29.1302766957786	7108.545	101.849
14.108288713369	93.5304451756439	14747.295	689.22
0.100869919304065	1.79891856086515	444.014	5.539
0.299669760264192	5.25995579203537	1286.095	18.696
24.0971307222954	99.2994405604476	15597.439	1452.946
