5.39967568025946	63.2782293774165	15652.511	306.273
27.3335981331215	99.6698802640958	17742.953	1567.731
0.0418999664800268	0.751499398800481	212.153	3.049
97.3034721572223	100.0	21857.104	5646.976
2.40550807559354	35.4749116200707	9879.79	144.36
18.1892354486116	97.2690421847662	16760.03	1064.63
0.212019830384136	3.74147700681839	1037.27	15.134
0.475559619552304	8.20997343202125	2289.494	34.451
0.711409430872455	12.0583703533037	3338.819	47.622
0.314579748336201	5.51699558640353	1551.44	23.207
0.00865999307200554	0.1556998754401	44.595	1.057
47.3285421371663	99.998380001296	18614.044	2808.54
1.59416872466502	25.0865799307361	6947.551	99.001
67.3066561546751	100.0	20175.305	3854.118
0.00175999859200113	0.0316799746560203	9.922	0.516
12.1231903014478	90.1729078616737	16524.399	710.436
77.2981781614575	100.0	20685.655	4484.293
0.018809984952012	0.338039729568216	97.608	1.847
0.0643999484800412	1.15199907840074	323.067	4.376
1.07084914332069	17.6218059025553	4906.915	65.246
0.139299888560089	2.48255801395359	690.138	8.674
0.0130799895360084	0.235259811792151	67.073	1.268
0.00384999692000246	0.0692999445600443	20.841	0.722
8.09537352370118	78.11903750477	16064.624	471.692
37.3253101397519	99.97210002232	18020.807	2221.787
0.00309999752000198	0.0557999553600357	16.065	0.677
0.00606999514400389	0.10907991273607	32.62	0.826
0.000949999240000608	0.0170999863200109	5.777	0.469
0.0273099781520175	0.491219607024314	139.466	2.081
3.5921371262903	48.2831613734709	13099.189	215.178
57.3227441418047	100.0	19173.927	3416.074
87.3062201550239	100.0	21436.802	5079.74
0.0941399246880602	1.68065865547308	473.894	6.369
