1.29510896391283	20.9197632641894	5083.05	73.547
0.899689280248576	14.9968680025056	3664.933	52.589
1.90219847824122	29.2247766201787	7092.173	106.364
1.89996848002522	29.1740166607867	7149.887	105.963
1.30013895988883	20.9755632195494	5092.123	75.255
1.29703896236883	20.9368632505094	5086.341	74.641
0.898299281360575	14.9803080157536	3637.563	49.737
0.895349283720573	14.9453880436896	3663.495	51.949
1.29722896221683	20.9262432590054	5094.924	76.273
1.89844848124122	29.1849966520027	7171.271	105.628
0.900479279616576	15.0519479584416	3658.027	54.941
1.89938848048922	29.1871566502747	7134.215	102.836
1.30011895990483	21.0016631986694	5096.983	74.61
0.901099279120577	15.0452879637696	3676.809	53.778
1.89857848113722	29.1959766432187	7136.394	105.294
0.899409280472576	14.9963280029376	3674.341	52.779
1.30118895904883	21.0009431992454	5105.305	76.494
1.90037847969722	29.1880566495547	7145.571	107.406
1.90366847706522	29.2420566063547	7100.33	108.808
1.30668895464884	21.0526031579175	5093.552	77.032
1.30708895432884	21.0551231559015	5170.112	75.674
1.89656848274521	29.1770766583387	7067.113	106.228
0.900669279464576	15.0166679866656	3709.969	54.158
0.899569280344576	15.0042479966016	3619.809	51.962
0.896009283192573	14.9426880458496	3644.916	53.274
0.901639278688577	15.0317879745696	3625.493	52.773
0.897489282008574	14.9804880156096	3639.33	53.177
1.29484896412083	20.9048232761414	5097.897	77.577
1.90264847788122	29.1975966419227	7133.204	109.905
1.90238847808922	29.2155966275227	7106.846	106.182
1.89506848394521	29.1302766957786	7108.545	101.849
