69.1026447178842	100.0	1079.114	983.654
0.600329519736384	10.2725917819266	1399.622	43.399
24.1068207145434	99.3030405575676	1013.294	857.968
54.1061867150506	99.999820000144	1077.574	991.294
0.300219759824192	5.26301578958737	720.637	20.954
84.0966727226618	100.0	1102.249	980.979
29.0995167203866	99.7960601631519	999.977	888.851
89.094758724193	100.0	1136.816	961.543
0.400909679272257	6.97103442317246	953.909	29.379
59.1021627182698	100.0	1070.753	968.311
2.8109977512018	40.1597678721857	4321.039	255.831
44.1006647194682	99.998380001296	1050.363	950.402
94.0891747286602	100.0	1151.885	973.665
4.20262663789869	53.8395769283385	4627.227	447.513
0.899989280008576	15.0254879796096	2011.567	85.849
39.098188721449	99.98560001152	1034.932	893.532
6.29398496481203	68.9773848180921	2892.215	473.27
19.0814147348682	97.7937417650066	1053.148	835.689
99.0982007214394	100.0	1147.024	1001.02
79.0905267275786	100.0	1111.109	978.503
14.096538722769	93.5032651973878	1087.33	647.514
64.103118717505	100.0	1084.225	977.274
0.197989841608127	3.50153719877024	476.239	12.605
74.0830507335594	100.0	1122.832	995.008
34.0909227272618	99.946180043056	1038.843	925.555
1.90699847440122	29.2739165808667	3511.113	182.142
1.30138895888883	21.0018431985254	2686.809	130.534
0.100579919536064	1.79423856460915	245.362	6.555
49.0926507258794	99.999280000576	1053.922	942.208
9.39193248645401	83.1215935027252	1191.51	596.063
