34.0934327252538	99.947260042192	3482.745	1654.846
44.1238747009002	99.996760002592	4147.881	2085.876
49.1021907182474	99.999280000576	4252.072	2380.001
44.1069747144202	99.99820000144	5388.59	2117.639
6.28714497028402	68.9250048599961	2195.811	336.442
74.1218607025114	100.0	5676.922	3461.167
84.1051427158858	100.0	9415.125	4051.308
59.0996427202858	100.0	4860.667	2786.65
0.601599518720385	10.2873517701186	242.691	37.21
0.294369764504188	5.17103586317131	85.532	21.127
34.1176227059018	99.944020044784	4901.032	1682.056
74.0960007231994	100.0	5385.325	3499.986
34.1138427089258	99.943840044928	7042.785	1677.833
29.0857267314186	99.7888601689119	3130.365	1447.725
2.80048775960979	39.9963280029376	655.784	167.692
24.1165307067754	99.3100605519516	2837.545	1160.963
39.105348715721	99.987220010224	7265.423	1892.29
19.0991247207002	97.7987817609746	6122.762	914.175
54.1013967188826	99.999820000144	8003.894	2646.111
69.1005247195802	100.0	8694.205	3322.421
19.0993847204922	97.7788017769586	2612.42	942.553
14.097698721841	93.5371051703159	5729.477	677.348
6.29166496666803	68.9210448631641	1487.249	332.735
99.1044007164794	100.0	6472.699	4774.353
79.1015967187226	100.0	5448.414	3716.949
94.0914747268202	100.0	9924.139	4522.014
0.301709758632193	5.29289576568339	166.917	22.824
79.1010467191626	100.0	9337.555	3726.826
29.1180067055946	99.8009201592639	3340.975	1428.433
54.0982167214266	99.999820000144	4428.097	2558.237
9.39552248358201	83.0621935502452	2634.647	487.88
39.104558716353	99.986140011088	3848.234	1936.493
0.0982699213840629	1.75175859859312	153.206	5.722
19.0936747250602	97.8115617507506	3711.347	962.152
24.0930907255274	99.3062805549756	6450.539	1183.469
94.0998347201322	100.0	6618.615	4428.394
0.600759519392384	10.2828517737186	161.783	43.384
89.107118714305	100.0	5950.822	4328.191
0.600279519776384	10.2842917725666	903.02	37.121
0.201139839088129	3.56669714664228	58.396	15.04
0.301549758760193	5.29325576539539	124.049	19.163
89.106168715065	100.0	7621.425	4158.315
4.20389663688269	53.8645969083225	1206.58	231.244
59.1037027170378	100.0	8301.451	2780.967
64.112458710033	100.0	8622.69	3022.975
0.399969680024256	6.95429443656445	609.036	25.216
94.1000347199722	100.0	7569.37	4548.881
64.089158728673	100.0	6203.609	3103.191
34.0916327266938	99.942580045936	3465.23	1712.343
54.0966567226746	99.999820000144	5900.91	2565.464
59.0924327260538	100.0	4669.563	2867.595
74.1098207121434	100.0	6854.628	3494.933
0.397629681896254	6.93305445355644	227.192	28.5
99.1020107183914	100.0	10397.612	4639.154
79.1263866988906	100.0	7095.439	3774.579
14.096518722785	93.5428651657079	2228.575	672.081
0.199479840416128	3.53177717457826	83.838	12.165
79.1181467054826	100.0	5754.937	3821.789
44.1133347093322	99.997120002304	3900.147	2186.561
0.300879759296193	5.27615577907538	463.808	19.024
19.1160547071562	97.8211017431186	2448.748	942.513
4.20582663533869	53.8024969580024	1568.99	241.486
84.1032127174298	100.0	6167.045	3909.71
24.0930707255434	99.2951205639036	3015.824	1144.49
0.398369681304255	6.92477446018043	164.648	22.857
2.79074776740179	39.9090280727775	922.42	154.699
54.0934567252346	99.999640000288	4631.513	2540.173
6.28708497033202	68.9134848692121	1231.792	342.942
69.1058547153162	100.0	5205.096	3311.471
2.79614776308179	39.9770680183456	1178.505	167.333
29.0953267237386	99.7980401615679	6791.016	1454.531
39.099588720329	99.988840008928	4961.257	1982.985
0.100149919880064	1.78883856892914	30.109	8.057
6.31656494674804	69.0688247449402	4965.17	330.718
64.106318714945	100.0	5086.698	3021.598
4.21011663190669	53.9913168069466	925.982	249.267
44.1147447082042	99.997480002016	7668.509	2100.45
49.0974607220314	99.999640000288	7856.168	2289.076
89.105858715313	100.0	6361.847	4168.247
24.0974607220314	99.3026805578556	4280.234	1222.056
99.1036407170874	100.0	7890.043	4785.774
49.1121907102474	99.999280000576	5433.78	2396.306
0.600169519864384	10.2799717760226	307.267	38.032
69.1144747084202	100.0	5403.11	3244.835
0.400909679272257	6.97985441611647	108.899	29.42
99.1002907197674	100.0	6691.511	4914.372
29.0931767254586	99.7949801640159	4580.311	1401.451
39.086818730545	99.984340012528	3753.431	1850.847
49.1127307098154	99.999820000144	4110.011	2402.976
9.39103248717401	82.9639136288691	5280.83	474.395
9.39947248042202	83.0348335721331	1832.627	467.742
4.2106866314507	53.9524368380505	4482.165	231.866
64.092328726137	100.0	4953.823	3122.873
59.0975327219738	100.0	6128.701	2769.465
89.105568715545	100.0	9678.709	4286.747
74.1100907119274	100.0	8972.657	3690.974
0.100769919384064	1.79621856302515	42.913	5.959
84.1037327170138	100.0	5789.959	4061.077
0.197749841800127	3.49829720136224	309.955	11
84.1220627023498	100.0	7150.053	4191.56
14.098448721241	93.4755452195638	3324.363	695.512
0.100039919968064	1.78631857094514	55.52	5.51
0.201439838848129	3.56453714837028	108.739	11.703
2.8052477558018	40.0814679348257	3464.002	153.771
94.0998347201322	100.0	6407.493	4414.745
69.0852547317962	100.0	6357.007	3338.996
14.092678725857	93.5102851917718	1988.447	722.821
9.40796247363002	83.1439134848692	1565.88	505.905
2.79457776433779	39.9873280101376	654.723	170.212
0.298699761040191	5.23493581205135	124.993	20.031
29.0845867323306	99.8002001598399	3119.816	1450.686
99.1002907197674	100.0	6693.917	4802.769
89.107948713641	100.0	6180.379	4297.31
59.1065427147658	100.0	4826.485	2852.669
0.402799677760258	7.01369438904449	211.018	27.443
34.0969627224298	99.94690004248	3466.937	1622.603
34.0987327210138	99.938620049104	3608.093	1660.835
0.299709760232192	5.26157579073937	456.207	16.887
54.1152767077786	100.0	4436.078	2558.278
94.0963447229242	100.0	6579.059	4405.525
99.1009707192234	100.0	6600.384	4833.061
59.1064727148218	100.0	4696.938	2881.645
84.1136227091018	100.0	5744.787	3964.85
49.1110407111674	99.999640000288	5482.264	2405.872
0.197509841992126	3.49505720395424	57.366	14.386
79.1030067175946	100.0	5827.671	3811.939
79.1209767032186	100.0	9202.047	3806.515
44.1127747097802	99.998020001584	5384.88	2111.395
0.100029919976064	1.78667857065714	43.08	5.904
0.199519840384128	3.53033717573026	309.462	11.441
69.1154347076522	100.0	5436.85	3219.77
44.0943547245162	99.996220003024	7629.931	2060.39
79.0983367213306	100.0	6833.752	3832.456
64.110608711513	100.0	5162.476	3039.695
19.1087247130202	97.8040017567986	3714.498	960.18
89.116518706785	100.0	6253.82	4331.15
0.598019521584383	10.2252518197985	163.598	43.571
89.099848720121	100.0	7620.891	4216.093
14.112408710073	93.5102851917718	2297.888	682.315
19.0982247214202	97.7867217706226	6084.918	949.188
29.0943167245466	99.7964201628639	4582.493	1389.591
64.108518713185	100.0	6382.71	3055.054
6.30743495405204	69.0511847590522	1232.083	341.635
34.0914427268458	99.946180043056	7020.19	1655.287
49.0855907315274	99.99910000072	4433.389	2406.346
74.1004107196714	100.0	8898.657	3561.839
49.1133507093194	99.999280000576	4189.95	2313.88
24.1046807162554	99.3183405453276	4111.845	1212.998
0.303529757176194	5.32457574033941	176.182	21.7
9.39680248255801	83.1012535189972	2737.103	477.519
0.399469680424256	6.94511444390844	165.097	25.177
69.1150947079242	100.0	8855.86	3249.244
19.0976547218762	97.8054417556466	2618.542	947.355
94.1061347150922	100.0	9868.039	4614.28
6.30743495405204	69.0511847590522	2113.07	349.555
34.0924527260378	99.94780004176	4782.611	1700.827
0.199489840408128	3.53321717342626	83.864	11.56
0.599519520384384	10.2590917927266	892.195	36.238
29.1086167131066	99.7998401601279	6865.212	1381.999
54.0906767274586	100.0	5951.256	2569.321
89.106658714673	100.0	9634.551	4319.588
0.600179519856384	10.2711517830786	321.653	42.914
4.19709664232269	53.7351770118584	1596.039	240.943
64.120158703873	100.0	4942.477	3120.367
99.1032707173834	100.0	8088.864	4659.751
0.100099919920064	1.78865856907314	56.107	5.861
54.1005467195626	99.999640000288	8135.604	2591.858
0.401249679000257	6.97733441813247	607.043	23.9
94.0944347244522	100.0	7899.327	4384.53
9.40786247371002	83.0724535420372	1558.406	494.664
99.1009707192234	100.0	10354.489	4641.571
39.092078726337	99.987760009792	7287.388	1919.44
4.20040663967469	53.8716169027065	4472.173	221.484
24.0934707252234	99.2895405683675	2976.228	1184.336
24.0935807251354	99.3086205531036	6410.701	1147.77
6.30021495982803	68.9883648093082	1494.054	319.176
84.1219627024298	100.0	7148.897	4064.354
2.8060377551698	40.0780479375616	3466.494	156.326
39.101408718873	99.985780011376	3750.597	1925.972
0.101819918544065	1.81655854675316	30.383	8.035
0.299819760144192	5.26679578656337	81.257	22.613
0.200489839608128	3.54221716622627	111.508	15.465
69.0852547317962	100.0	6431.449	3377.008
4.20385663691469	53.7855769715384	1208.623	225.522
14.101998718401	93.4598852320918	5751.542	702.386
74.0960707231434	100.0	5587.529	3502.676
49.0966207227034	99.999460000432	7882.334	2349.419
39.082928733657	99.988120009504	5182.856	1850.965
6.30342495726003	69.0295847763322	4945.874	337.172
24.1137007090394	99.2791005767195	2809.162	1198.389
9.39554248356601	83.0337535729971	1824.592	483.573
14.103158717473	93.5201851838519	3259.169	730.685
54.1114067108746	100.0	4626.608	2683.018
44.0868747305002	99.997660001872	4114.42	2241.139
84.1197927041658	100.0	6003.449	4104.053
59.0905727275418	100.0	8461.044	2817.272
9.40307247754202	83.1037735169812	5311.887	481.762
2.79254776596179	39.9268480585215	920.285	155.867
74.0982507213994	100.0	6909.813	3541.346
79.1194567044346	100.0	5691.649	3693.206
94.1072247142202	100.0	6448.179	4384.808
39.096328722937	99.989380008496	3828.342	1898.387
29.1134067092746	99.7798601761119	3317.426	1424.674
0.399699680240256	6.95717443426045	111.986	29.748
0.0992999205600636	1.77317858145713	155.987	5.696
64.114988708009	100.0	8642.177	3017.569
4.19374664500268	53.7295970163224	895.47	234.591
74.1176407058874	100.0	5336.202	3537.598
59.1134427092458	100.0	6145.407	2766.152
19.1007447194042	97.7874417700466	2439.925	971.551
14.111058711153	93.5243251805399	2017.524	727.863
2.79809776152179	40.0470879623296	1184.109	154.267
44.0978447217242	99.996580002736	3997.933	2086.886
69.1108847112922	100.0	5079.616	3282.158
84.1136227091018	100.0	9402.575	4066.576
14.113278709377	93.4993052005558	2035.446	712.311
2.79387776489779	39.9743680205056	3468.706	160.977
24.1043207165434	99.2895405683675	2767.363	1203.102
79.1251166999066	100.0	7073.117	3724.634
89.103118717505	100.0	6033.705	4304.206
0.100419919664064	1.79027856777715	30.513	8.31
84.1158227073418	100.0	7092.418	4082.15
69.0815547347562	100.0	5347.933	3247.332
69.1082247134202	100.0	6466.86	3356.32
0.100099919920064	1.78271857382514	55.113	6.407
0.198909840872127	3.51791718566625	83.493	11.497
94.1104247116602	100.0	7643.493	4653.285
49.1071007143194	99.999640000288	5669.775	2393.524
19.1093647125082	97.8040017567986	2395.841	953.201
0.301329758936193	5.28785576971538	459.917	19.144
9.39896248083001	83.0458135633491	1575.963	486.709
94.0926847258522	100.0	6318.648	4548.964
34.0951027239178	99.943840044928	3667.86	1629.311
0.594629524296381	10.1914118468705	236.718	34.975
0.298519761184191	5.23493581205135	122.773	16.952
79.0971667222666	100.0	5747.144	3697.12
0.595489523608381	10.1977118418305	890.45	36.417
94.1008547193162	100.0	6422.546	4463.483
4.20440663647469	53.8825968939225	904.565	254.307
64.112268710185	100.0	6390.035	2995.768
0.401579678736257	6.98561441150847	108.264	29.067
0.197189842248126	3.49667720265824	57.547	13.787
84.1017227186218	100.0	9452.011	4049.014
54.1143067085546	100.0	4359.003	2624.904
6.30123495901203	68.9881848094522	1472.607	321.824
44.1073447141242	99.996940002448	5362.199	2146.368
9.41451246839003	83.1583134733492	1846.228	463.761
54.0964667228266	100.0	5691.197	2622.525
59.1019627184298	100.0	4809.286	2852.272
0.600429519656384	10.2682717853826	298.827	40.739
89.106758714593	100.0	9745.525	4129.764
74.1117607105914	100.0	6656.8	3593.643
24.1023007181594	99.2812605749915	4129.595	1203.888
0.100099919920064	1.78685857051314	158.75	7.278
0.200709839432128	3.55229715816227	309.248	11.144
84.1057427154058	100.0	5820.799	4086.861
49.1056907154474	99.99910000072	4185.981	2417.555
59.1124527100378	100.0	5974.57	2881.542
34.0913527269178	99.946720042624	7078.007	1619.303
29.1105367115706	99.7958801632959	6826.774	1430.412
59.1010327191738	100.0	8233.212	2856.269
4.19883664093069	53.7902569677944	4488.619	226.77
0.399089680728255	6.93827444938044	161.273	24.691
0.599349520520384	10.2662917869666	153.363	40.187
29.1044267164586	99.7931801654559	3253.183	1476.989
89.106928714457	100.0	6332.969	4186.66
89.105638715489	100.0	7623.26	4234.204
44.0918647265082	99.996940002448	7650.206	2068.631
74.1127907097674	100.0	5293.967	3647.706
84.1045627163498	100.0	6115.298	3903.325
39.100368719705	99.986320010944	7410.115	1834.367
