29.0884767292186	99.7980401615679	1925.517	1550.225
1.30121895902483	21.0167831865735	6773.71	129.997
44.1043047165562	99.998020001584	2054.549	1512.415
54.0775067379946	100.0	2055.081	1517.588
24.1089207128634	99.3194205444636	1993.124	1460.308
14.102428718057	93.5668051465559	1939.131	652.428
14.099228720617	93.5200051839958	1884.429	690.35
54.0954167236666	100.0	2071.57	1532.216
1.30714895428084	21.0607031514375	6768.556	136.856
84.0949827240138	100.0	2102.295	1569.068
14.105018715985	93.5192851845719	1850.302	628.663
39.096418722865	99.988840008928	1939.692	1577.553
99.0982007214394	100.0	2032.993	1647.276
69.0977747217802	100.0	2084.694	1558.112
44.0917047266362	99.997660001872	1960.84	1591.714
44.0970647223482	99.996760002592	2070.888	1525.139
24.1063507149194	99.3203205437436	1983.447	1458.361
94.0890047287962	100.0	2112.479	1574.11
44.0940847247322	99.99640000288	1982.174	1583.382
0.898629281096575	14.9965080027936	5101.398	87.703
34.0965327227738	99.948340041328	2048.936	1494.562
74.0902407278074	100.0	2003.854	1604.457
59.0995127203898	100.0	2079.758	1533.7
34.0847327322138	99.945460043632	1979.448	1571.645
89.092808725753	100.0	2034.415	1643.442
19.0994447204442	97.7964417628466	1973.535	1427.615
39.094058724753	99.986680010656	2065.258	1518.766
89.089068728745	100.0	2036.251	1648.83
49.1039907168074	99.99910000072	2098.241	1542.286
84.0968827224938	100.0	2105.531	1557.528
94.0934747252202	100.0	2028.382	1648.662
29.0879967296026	99.7915601667519	1904.896	1522.377
1.29793896164883	20.9582832333734	6760.227	132.693
84.1012427190058	100.0	2133.206	1577.836
19.1075647139482	97.8128217497426	1953.621	1418.364
39.086428730857	99.988120009504	1962.439	1582.28
49.1002607197914	99.999640000288	1987.661	1595.724
0.903089277528578	15.0613079509536	5132.294	87.704
89.098448721241	100.0	2108.124	1559.706
19.0897147282282	97.8220017423986	1969.04	1425.336
24.0898007281594	99.3131205495036	1923.014	1531.873
49.1043707165034	99.99910000072	2003.798	1603.467
49.0817207346234	99.999820000144	2054.653	1514.326
34.0943027245578	99.949780040176	2005.083	1490.426
19.1036747170602	97.8065217547826	1887.307	1491.364
84.0999527200378	100.0	2017.893	1623.98
59.0988027209578	100.0	2000.499	1606.364
29.1070567143546	99.8050601559519	1912.082	1541.793
1.90769847384122	29.2917365666107	8674.635	185.399
1.29931896054483	20.9960832031334	6735.38	135.812
79.0942167246266	100.0	2109.802	1564.147
99.0974607220314	100.0	2054.704	1643.511
54.0962067230346	100.0	2008.592	1601.481
74.0966607226714	100.0	2119.994	1560.685
1.89848848120922	29.2132566293947	8600.956	189.533
94.0934747252202	100.0	2025.847	1645.642
74.0958207233434	100.0	2025.726	1626.903
79.0973767220986	100.0	2118.033	1562.344
0.898419281264575	14.9902080078336	5120.659	85.71
69.0962047230362	100.0	1998.358	1619.765
64.086408730873	100.0	2022.448	1627.102
14.093898724881	93.5331451734839	1869.097	697.213
99.0982007214394	100.0	2110.254	1568.077
54.0885967291226	100.0	1996.281	1591.117
69.0870547303562	100.0	2089.804	1540.817
1.89815848147321	29.2053366357307	8549.68	184.143
59.1082027134378	100.0	1997.112	1612.874
0.897449282040574	14.9812080150336	5143.01	93.587
69.0855147315882	100.0	2104.011	1549.557
64.104788716169	100.0	2000.353	1619.447
39.095508723593	99.989380008496	1990.474	1584.419
74.1039607168314	100.0	2110.364	1555.634
59.0974427220458	100.0	1990.406	1607.125
99.0931207255034	100.0	2123.849	1573.5
79.0990567207546	100.0	2003.855	1626.055
64.097708721833	100.0	2124.603	1550.619
24.0977107218314	99.3098805520956	1979.076	1447.278
64.107638713889	100.0	2082.383	1544.262
29.0897167282266	99.7948001641599	1937.35	1550.527
1.89317848545721	29.0847367322106	8568.165	195.17
89.094868724105	100.0	2107.291	1578.165
94.0878047297562	100.0	2037.95	1637.009
79.1020567183546	100.0	2095.215	1557.645
34.0824627340298	99.946180043056	2032.775	1504.01
