0.000979999216000627	0.0176399858880113	6.255	0.684
0.00099999920000064	0.0179999856000115	6.128	0.629
0.00105999915200068	0.0190799847360122	6.369	0.641
0.00106999914400068	0.0192599845920123	6.485	0.669
0.00175999859200113	0.0316799746560203	10.607	0.898
0.00198999840800127	0.0358199713440229	11.525	0.932
0.00201999838400129	0.0363599709120233	12.348	1.033
0.00213999828800137	0.0385199691840247	12.217	0.936
0.00300999759200193	0.0541799566560347	17.856	1.289
0.00303999756800195	0.054719956224035	16.793	1.182
0.00320999743200205	0.057779953776037	18.355	1.225
0.00326999738400209	0.0588599529120377	20.073	0.937
0.00361999710400232	0.0649799480160416	20.886	1.352
0.00363999708800233	0.0655199475840419	20.569	1.5
0.00404999676000259	0.0728999416800467	22.533	1.557
0.00407999673600261	0.073439941248047	24.297	1.547
0.00566999546400363	0.102059918352065	32.669	1.933
0.00586999530400376	0.105659915472068	32.535	2.068
0.00588999528800377	0.106019915184068	32.755	2.081
0.00596999522400382	0.107279914176069	33.954	2.014
0.00838999328800537	0.150839879328097	103.793	4.396
0.00856999314400548	0.153899876880098	128.981	3.401
0.0090599927520058	0.162899869680104	81.474	3.556
0.00906999274400581	0.163079869536104	124.52	4.319
0.0128699897040082	0.231299814960148	175.066	6.616
0.0128999896800083	0.232019814384148	114.111	5.209
0.0129699896240083	0.232919813664149	180.211	6.986
0.0135799891360087	0.244439804448156	84.784	3.053
0.0184999852000118	0.332459734032213	263.509	8.655
0.0185299851760119	0.332639733888213	278.939	9.343
0.0190599847520122	0.342539725968219	270.897	9.671
0.0194399844480124	0.349559720352224	246.534	9.71
0.0274599780320176	0.493559605152316	387.912	14.009
0.0278099777520178	0.49967960025632	430.322	14.04
0.0282699773840181	0.507599593920325	404.979	13.012
0.0285799771360183	0.513179589456328	443.923	14.116
0.0413999668800265	0.741599406720475	585.689	19.972
0.0418699665040268	0.750959399232481	612.548	21.12
0.0425999659200273	0.763559389152489	643.608	20.384
0.0426899658480273	0.76517938785649	694.436	19.235
0.0622199502240398	1.11563910748871	876.955	30.596
0.06249995000004	1.11923910460872	930.121	28.938
0.0630199495840403	1.12841909726472	927.816	29.931
0.0631199495040404	1.13111909510472	905.542	29.11
0.092229926216059	1.64879868096106	1371.507	45.336
0.0926899258480593	1.65383867692906	1290.726	45.337
0.09367992505606	1.67453866036907	1487.686	42.413
0.0939299248560601	1.67813865748907	1315.425	43.838
0.138709889032089	2.47067802345758	1865.841	64.758
0.139429888456089	2.48525801179359	1972.727	65.822
0.139469888424089	2.48651801078559	1867.797	64.407
0.141679886656091	2.51981798414561	1998.234	66.675
0.210349831720135	3.71879702496238	2757.211	97.21
0.211169831064135	3.73373701301039	2637.772	104.391
0.211789830568136	3.7454370036504	2617.476	98.171
0.212649829880136	3.75893699285041	2774.372	99.863
0.314909748072202	5.52671557862754	3373.447	156.237
0.316119747104202	5.53931556854755	3919.211	140.704
0.317109746312203	5.56271554982756	3671.942	137.986
0.317429746056203	5.56289554968356	3372.222	151.629
0.472969621624303	8.18801344958924	4229.869	216.697
0.474439620448304	8.21465342827726	3865.856	222.704
0.474549620360304	8.20259343792525	4218.064	216.337
0.475469619624304	8.22023342381326	3899.171	215.114
0.705779435376452	11.9811504150797	3821.193	306.333
0.708029433576453	12.0027503977997	4316.678	302.399
0.710289431768455	12.0486503610797	3897.023	309.407
0.715619427504458	12.1267702985838	4357.341	306.864
1.06231915014468	17.5175859859312	3926.89	425.492
1.06440914847268	17.5242459806032	4575.017	412.168
1.06952914437668	17.6164059068753	4415.286	426.145
1.06980914415268	17.5865259307793	3867.989	440.953
1.59781872174502	25.1780198575841	3916.097	542.383
1.59858872112902	25.2039398368481	3867.975	552.106
1.59972872021702	25.2059198352641	4595.334	594.496
1.60248871800903	25.2534397972482	4693.601	554.54
2.38947808841753	35.3168717465026	3612.446	690.108
2.39354808516153	35.3332517333986	5568.943	698.548
2.39673808260953	35.3829316936546	3871.988	694.729
2.40045807963354	35.4374716500227	6141.196	693.43
3.5890871287303	48.2288014169589	4839.249	785.046
3.5906071275143	48.2000014399989	3831.303	800.707
3.5974771220183	48.3069213544629	5692.879	797.483
3.6009771192183	48.357321314143	4022.345	777.074
5.38420569263545	63.1315294947764	4157.33	844.513
5.38456569234745	63.0613295509364	3873.798	879.553
5.38822568941945	63.0832895333684	3832.185	875.934
5.39575568339545	63.1416094867124	6226.712	864.268
8.08209353432517	78.081417534866	6083.73	897.544
8.09614352308518	78.082317534146	4875.633	966.155
8.09878352097318	78.130557495554	3777.161	964.6
8.10033351973318	78.110577511538	3829.879	936.782
12.1225903019278	90.1950478439617	4397.421	1050.196
12.1320802943358	90.2661477870818	3858.787	1080.299
12.1362802909758	90.3012477590018	3734.903	1008.462
12.1367202906238	90.2990877607298	5496.504	1022.098
18.1820754543396	97.2803821756943	3665.744	1203.634
18.1843154525476	97.3041421566863	4502.469	1186.031
18.1844854524116	97.2989221608623	4812.458	1226.746
18.2230254215797	97.3030621575503	3959.217	1237.336
27.3118181505455	99.6738402609278	3960.498	1471.31
27.3236581410735	99.6670002663998	5733.595	1431.797
27.3255381395695	99.6628602697118	4498.696	1439.243
27.3295781363375	99.6661002671198	4021.1	1514.628
37.2943401645279	99.97570001944	4470.405	1823.532
37.3129001496799	99.977860017712	4958.53	1769.766
37.3136201491039	99.977680017856	4564.196	1742.315
37.3256901394479	99.971020023184	5944.853	1811.565
47.3265621387503	99.99820000144	5559.406	2162.185
47.3310021351983	99.998020001584	5334.901	2167.127
47.3321621342703	99.99820000144	4931.855	2058.892
47.3327121338303	99.99820000144	4889.474	2092.57
57.3021741582607	99.999820000144	4967.001	2344.75
57.3083641533087	100.0	5691.433	2318.044
57.3116641506687	99.999640000288	5221.094	2379.41
57.3274841380127	100.0	5796.405	2276.14
67.3057561553951	100.0	6728.742	2604.849
67.3105161515871	100.0	5641.901	2639.049
67.3111661510671	100.0	5426.444	2716.244
67.3146161483071	100.0	7391.795	2569.592
77.2986281610975	100.0	6308.476	2877.846
77.2986281610975	100.0	7071.58	2826.351
77.2997481602015	100.0	6183.669	2841.281
77.3324881340095	100.0	6567.769	2809.178
87.2901301678959	100.0	6738.929	2960.428
87.2933301653359	100.0	8146.393	3270.683
87.3206801434559	100.0	7856.386	2993.7
87.3218601425119	100.0	6689.625	3115.732
97.3038821568943	100.0	9626.008	3098.685
97.3040521567583	100.0	11252.233	3087.598
97.3075021539983	100.0	9666.591	3109.111
97.3146421482863	100.0	11105.625	3259.977
