0.00189999848000122	0.0341999726400219	10.627	0.509
1.06654914676068	17.5616859506512	4893.202	66.939
0.710159431872454	12.0272303782157	3358.752	46.123
1.59677872257702	25.1619998704001	6980.618	100.527
0.00298999760800191	0.0538199569440344	15.825	0.631
0.00269999784000173	0.048419961264031	15.219	0.633
1.06645914683268	17.5663659469072	4867.289	67.275
2.39963808028954	35.4147916681667	9862.171	143.49
0.00105999915200068	0.0190799847360122	6.334	0.488
2.40052807957754	35.4470116423907	9804.578	146.771
0.0020299983760013	0.0365399707680234	11.263	0.557
0.707959433632453	12.0139103888717	3321.994	45.172
1.59664872268102	25.1427398858081	6988.693	101.957
0.0021899982480014	0.0394199684640252	12.285	0.637
2.39137808689753	35.3442317246146	9777.815	145.605
2.40022807981754	35.4230716615427	9819.375	150.61
0.000809999352000518	0.0145799883360093	5.006	0.461
0.709939432048454	12.0497303602157	3356.391	45.708
0.00305999755200196	0.0550799559360352	16.453	0.619
0.00114999908000074	0.0206999834400132	6.705	0.509
1.60132871893702	25.2273398181281	7035.628	104.285
0.00266999786400171	0.0480599615520308	14.808	0.626
0.0010899991280007	0.0196199843040126	6.529	0.462
1.06430914855268	17.5350459719632	4869.446	69.461
0.00203999836800131	0.0367199706240235	11.267	0.889
1.60020871983302	25.1961998430401	6989.284	100.175
1.06657914673668	17.5240659807472	4863.159	68.744
