0.000969999224000621	0.0174599860320112	5.012	0.392
0.00197999841600127	0.0356399714880228	9.474	0.463
0.00299999760000192	0.0538199569440344	13.846	0.481
1.06703914636868	17.5523259581392	3593.217	97.327
1.60056871954502	25.2026798378561	2881.395	159.962
2.39806808154553	35.4261316590947	2011.087	218.629
12.1464402828478	90.3266277386978	1701.175	649.45
18.2120954303237	97.3023421581263	1787.24	1313.443
27.3211181431055	99.6772602581918	1813.11	1366.797
37.3377401298079	99.978580017136	1914.19	1321.26
47.3057521553983	99.999820000144	1850.593	1411.789
57.3274541380367	100.0	1953.084	1377.648
67.2924761660191	100.0	1948.737	1367.926
77.3138081489535	100.0	1996.836	1549.502
87.3197001442399	100.0	1909.194	1443.393
97.3091021527183	100.0	2118.481	1514.578
