0.895029283976573	14.9428680457056	1004.012	538.864
0.200629839496128	3.54995716003427	1021.287	579.365
74.0960707231434	100.0	1073.946	582.432
39.102638717889	99.986860010512	1055.461	604.596
29.0990467207626	99.7964201628639	1036.634	599.834
0.101059919152065	1.80323855740915	993.863	481.135
64.093348725321	100.0	1052.521	600.564
14.101658718673	93.5635651491479	1020.525	563.482
99.0982007214394	100.0	1064.825	567.932
1.90752847397722	29.2748165801467	1036.229	536.884
44.0991247207002	99.996760002592	1048.87	625.008
9.40351247719002	83.1349134920692	1047.606	536.253
0.29689976248019	5.21549582760334	1074.088	549.024
79.0986167211066	100.0	1099.782	594.541
0.397929681656255	6.93107445514044	1012.266	557.934
0.600489519608384	10.2695317843746	1016.432	528.876
84.1000827199338	100.0	1047.555	605.402
34.1177327058138	99.947260042192	1060.076	576.103
6.29755496195603	68.9145648683481	1007.395	506.31
1.29886896090483	20.9950032039974	1042.648	535.391
19.0985747211402	97.8135417491666	1040.03	546.729
89.096698722641	100.0	1065.04	572.26
94.0988447209242	100.0	1064.447	594.233
24.0923707261034	99.3149205480636	1074.992	570.887
49.0865707307434	99.999820000144	1080.923	626.128
2.80079775936179	40.0436679650656	1013.606	542.049
4.19883664093069	53.7630769895384	1004.022	507.194
59.0884027292778	100.0	1098.49	581.302
54.0946867242506	99.999820000144	1070.734	577.902
69.0977047218362	100.0	1052.725	602.366
