0.00100999919200065	0.0181799854560116	5.814	0.391
0.00174999860000112	0.0314999748000202	10.355	0.755
0.00267999785600172	0.0482399614080309	15.662	0.887
0.0038999968800025	0.0701999438400449	22.887	1.135
0.00550999559200353	0.0991799206560635	34.14	1.162
0.00879999296000563	0.158399873280101	54.875	2.098
0.012469990024008	0.224279820576144	146.846	4.542
0.0196299842960126	0.352439718048226	268.248	8.288
0.0280299775760179	0.502379598096321	397.61	11.67
0.040599967520026	0.727739417808466	670.169	17.106
0.06249995000004	1.11869910504072	959.644	28.212
0.0956999234400612	1.70819863344109	1516.721	42.823
0.143079885536092	2.54141796686563	2168.853	61.124
0.213509829192137	3.76937698449841	2822.417	94.008
0.317209746232203	5.56289554968356	3630.543	135.672
0.473259621392303	8.19719344224525	4675.171	202.469
0.709649432280454	12.0378503697197	4922.836	302.583
1.06319914944068	17.4968860024912	5035.421	422.913
1.60365871707303	25.2633397893282	4680.545	553.725
2.40127807897754	35.4678916256867	5914.855	666.221
3.5919571264343	48.2219614224309	4875.621	752.708
5.39129568696345	63.1099295120564	4971.482	3541.873
8.08421353262917	78.07223754221	4792.581	3430.019
12.1385002891998	90.2670477863618	5667.202	2203.611
18.2020654383476	97.2940621647503	5424.465	2518.968
27.3248681401055	99.6646602682718	4921.586	3502.049
37.3293501365199	99.975340019728	5106.5	3737.696
47.3132621493903	99.999280000576	6378.521	3077.28
57.3263041389567	100.0	6961.793	4298.729
67.3109061512751	100.0	6319.036	4980.597
77.2979881616095	100.0	7252.761	5457.637
87.2954701636239	100.0	9754.522	4819.612
97.3023021581583	100.0	13221.056	4894.345
