84.1012427190058	100.0	1271.373	848.771
69.0864247308602	100.0	1043.623	806.78
89.098078721537	100.0	1350.024	819.33
99.0989407208474	100.0	1118.33	849.75
1.29289896568083	20.9003232797414	768.49	130.328
69.0898747281002	100.0	1060.685	811.798
44.1040247167802	99.997660001872	1019.056	787.372
14.102818717745	93.5297251762199	990.023	639.356
79.1046767162586	100.0	1266.216	839.249
54.0873267301386	99.999820000144	2040.283	807.844
84.0962527229978	100.0	1095.829	824.821
34.0994927204058	99.945460043632	1025.465	753.741
79.1057367154106	100.0	2068.596	808.583
1.29831896134483	20.9336232531014	592.775	132.716
64.108268713385	100.0	2040.65	821.921
19.0944547244362	97.8238017409586	923.043	671.43
0.896589282728574	14.9610480311616	250.412	94.667
94.1012147190282	100.0	1122.728	801.493
94.0891747286602	100.0	1323.731	850.49
84.0962627229898	100.0	2133.222	797.454
99.0988407209274	100.0	2175.332	825.898
74.1016807186554	100.0	2029.856	821.54
59.0979927216058	100.0	2038.953	822.094
24.0904707276234	99.3125805499356	1123.916	724.563
34.0937627249898	99.946720042624	2072.888	738.276
49.0937207250234	99.999640000288	2103.457	776.848
39.104478716417	99.987220010224	1008.06	776.738
0.903479277216578	15.0764279388576	431.408	88.461
34.1041127167098	99.950680039456	988.052	757.361
89.095268723785	100.0	2140.382	820.581
54.1012067190346	100.0	1056.213	771.224
29.0987467210026	99.7964201628639	1006.897	769.291
19.1012847189722	97.7914017668786	1119.095	706.11
49.1008907192874	99.99910000072	1012.683	801.737
29.0942067246346	99.7967801625759	954.297	747.431
24.0912807269754	99.3055605555516	948.093	693.685
74.0853007317594	100.0	1104.45	806.844
99.0968207225434	100.0	1313.326	858.45
1.90342847725722	29.2281966174427	3508.633	179.281
14.100618719505	93.5554651556279	965.94	665.774
44.1050547159562	99.997660001872	1021.309	780.735
0.894599284320573	14.9353080517536	558.263	87.576
49.1045407163674	99.999460000432	1215.909	779.572
64.091328726937	100.0	1259.895	821.954
74.1073507141194	100.0	1066.904	824.562
39.090078727937	99.985960011232	1010.997	786.772
79.0946267242986	100.0	1090.112	839.164
1.90307847753722	29.2229766216187	456.905	202.698
94.0874047300762	100.0	1113.544	834.656
89.094758724193	100.0	1105.273	842.001
59.0815327347738	100.0	1083.208	765.23
0.903059277552578	15.0542879565696	1999.289	88.852
44.0934647252282	99.996580002736	2000.529	785.683
99.0931207255034	100.0	1120.716	800.815
94.0977547217962	100.0	2077.148	838.491
84.0901627278698	100.0	1128.986	817.882
14.101398718881	93.5300851759319	935.615	627.589
79.0957067234346	100.0	1062.608	821.523
39.082408734073	99.987940009648	2091.927	759.546
64.097058722353	100.0	1067.329	810.054
1.29744896204083	20.9393832484934	343.677	137.295
39.095378723697	99.986680010656	1249.938	775.939
24.0908107273514	99.3093405525276	977.075	727.487
19.0843147325482	97.7856417714866	982.87	697.973
64.106608714713	100.0	1065.787	804.179
89.090228727817	100.0	1108.349	813.394
29.1034567172346	99.7969601624319	1168.858	760.094
54.0964367228506	99.999820000144	1069.017	804.116
14.086368730905	93.5027251978198	1952.426	652.659
49.0982907213674	99.999460000432	1045.948	783.016
54.1026967178426	100.0	1225.222	813.191
74.0987907209674	100.0	1295.104	806.988
1.89899848080122	29.1779766576187	809.161	191.161
29.0932867253706	99.8047001562399	2083.462	745.959
69.0999547200362	100.0	1269.811	843.527
1.30201895838483	21.0299231760615	2699.118	136.585
34.0849927320058	99.945280043776	1213.355	775.823
19.1037647169882	97.8068817544946	2053.125	688.704
59.0983227213418	100.0	1080.376	790.342
59.1017327186138	100.0	1233.911	818.046
69.0938347249322	100.0	2074.337	833.229
24.0963107229514	99.3017805585756	2032.811	766.232
44.1067247146202	99.997480002016	1246.145	784.309
1.90470847623322	29.2535765971387	1031.668	194.202
