91.5516967586426	99.999820000144	2933.149	866.227
38.0685095451924	66.0550871559303	2548.336	536.641
0.885959291232567	12.9265096587923	2762.007	77.555
68.0765355387716	95.5552635557892	3017.657	774.076
1.61119871104103	18.5009251992598	2945.339	118.422
0.200789839368128	3.44915724067421	835.81	14.907
6.8711045031164	28.7380570095544	2350.216	203.983
88.7124790300168	99.999640000288	2938.421	821.548
0.283309773352181	4.73471621222703	1128.784	21.116
0.387899689680248	6.34823492141206	1483.553	28.755
85.3742917005666	99.993340005328	2954.42	851.36
54.0091767926586	89.101008719193	3226.774	692.122
1.07038914368868	14.002548797961	2684.445	84.007
43.4212452630038	73.2637213890229	2798.183	561.072
14.089668728265	50.2474998020002	2961.507	372.102
33.9744628204297	68.701805038556	3480.008	519.838
81.6325746939402	99.950320039744	2871.329	840.456
28.7870469703624	61.2931909654472	3216.349	478.706
71.5323727741018	94.9799840160128	3055.995	780.354
0.0755399395680483	1.32893893684885	330.836	6.898
19.0833147333482	55.3452757237794	3111.42	406.602
2.75981779214577	27.7543577965138	2862.786	172.886
4.18820664943468	34.31571254743	2832.063	222.888
77.5366379706896	99.7773401781279	2930.657	805.421
0.550259559792352	8.52353318117346	1921.44	37.401
56.7479846016123	81.217195026244	3640.471	654.488
61.5617107506314	85.6297114962308	3403.021	679.23
5.91985526411579	34.7572521941982	1842.322	236.89
24.0665007467994	59.8323121341503	3120.533	448.696
48.8112709509832	81.6230947015242	3174.983	643.518
