0.000919999264000589	0.0165599867520106	2.895	0.495
0.00177999857600114	0.0320399743680205	4.059	0.844
0.00295999763200189	0.0532799573760341	7.926	0.678
0.00417999665600267	0.0752399398080481	8.147	0.731
0.00444999644000285	0.0800999359200513	9.033	0.688
0.00857999313600549	0.154079876736099	14.787	0.919
0.00961999230400616	0.17261986190411	15.832	1.353
0.0113699909040073	0.20357983713613	19.462	1.109
0.0269499784400172	0.482759613792309	41.508	1.845
0.042129966296027	0.752039398368481	66.324	2.315
0.0536999570400344	0.950579239536608	81.704	4.66
0.0603099517520386	1.06109915112068	89.315	3.6
0.087519929984056	1.51955878435297	127.809	6.53
0.131969894424084	2.24729820216144	187.684	7.218
0.308879752896198	5.1524958780033	427.158	19.235
0.470739623408301	7.60265391787687	666.666	28.078
0.667519465984427	10.1242719005825	912.176	38.981
1.03290917367266	14.5090683927453	1377.248	56.037
1.15057907953674	14.109828712137	1540.822	58.158
2.39169808664153	26.0688391449287	2700.914	119.863
3.56904714476228	31.6612546709963	3479.596	163.2
3.82482694013845	24.3799004960796	2578.175	154.677
8.08344353324517	42.6270258983793	5426.624	346.373
10.1633118693505	34.4701524238781	3829.205	386.028
18.1758854592916	53.9578368337305	6966.177	765.065
27.2245382203694	62.1678102657518	9003.344	1150.447
33.6824330540536	56.268314985348	7196.805	1322.53
47.2953421637263	83.2601933918453	12340.008	1956.759
57.1985642411486	91.7304466156427	12201.116	2343.422
66.7745465803627	96.7468626025099	12648.032	2626.509
74.5926103259117	97.1101023119182	12320.165	2961.624
84.0478127617498	99.979480016416	13088.304	3443.384
90.588707529034	100.0	15312.008	3577.004
