0.000829999336000531	0.0149399880480096	2644.04	471.159
0.00147999881600095	0.0266399786880171	2835.245	440.341
0.0017199986240011	0.0309599752320198	2608.234	480.812
0.00240999807200154	0.0433799652960278	2612.686	463.852
0.00329999736000211	0.059399952480038	2625.122	476.068
0.00526999578400337	0.0946799242560606	2645.879	488.823
0.0103999916800067	0.18701985038412	2592.127	490.445
0.0104399916480067	0.18737985009612	2623.701	484.109
0.0247499802000158	0.443699645040284	2626.788	470.937
0.0301799758560193	0.539459568432345	2646.379	482.086
0.0561499550800359	1.00277919777664	2626.245	469.127
0.0592499526000379	1.05695915443268	2620.378	452.643
0.095379923696061	1.69073864740908	2622.844	495.476
0.157069874344101	2.76713778628977	2594.446	467.436
0.229999816000147	4.00517679585856	2593.35	445.361
0.335079731936214	5.73785540971567	2623.085	492.109
0.462579629936296	7.73819380944495	2659.354	489.47
0.621349502920398	10.0609119512704	2652.184	446.995
1.2534389972488	19.1717846625723	2635.807	489.666
2.11094831124135	29.9570160343872	2658.054	448.449
2.37260810191352	30.1713958628833	2650.722	507.903
3.88543689165049	42.0983663213069	2613.61	463.992
5.49113560709151	48.7322610141912	2601.412	492.811
10.5142215886227	71.6925026459979	2596.974	506.707
16.9643364285309	87.3089301528559	2622.426	476.8
25.1527098778321	92.5658259473392	2602.687	515.935
29.2662865869707	84.369352504518	2603.882	499.729
41.9923464061229	97.2661621870703	2795.073	510.601
51.7699085840731	99.8155001475999	2626.971	537.943
59.5816523346781	99.97030002376	2610.757	513.801
65.8609373112502	99.969220024624	2784.907	513.021
72.6192919045665	99.997480002016	2628.917	537.141
78.7010370391704	99.999640000288	2632.051	505.349
