0.000789999368000506	0.0142199886240091	5.143	0.407
0.000869999304000557	0.01565998747201	3.005	0.439
0.000869999304000557	0.01565998747201	2.668	0.411
0.00102999917600066	0.0185399851680119	3.003	0.42
0.00103999916800067	0.018719985024012	2.861	0.44
0.00170999863200109	0.0307799753760197	4.199	0.545
0.00181999854400116	0.032759973792021	4.209	0.511
0.00185999851200119	0.0334799732160214	4.018	0.665
0.00191999846400123	0.0345599723520221	9.748	0.449
0.00235999811200151	0.0424799660160272	4.493	0.463
0.00245999803200157	0.0440999647200282	12.725	0.51
0.00270999783200173	0.0487799609760312	6.836	0.522
0.00277999777600178	0.0498599601120319	13.735	0.48
0.00301999758400193	0.0541799566560347	5.735	0.539
0.00302999757600194	0.0543599565120348	5.848	0.522
0.00375999699200241	0.0676799458560433	6.939	0.561
0.658219473424421	9.12905269675784	1844.664	39.364
0.698139441488447	10.6250314999748	848.787	50.238
0.712109430312456	10.897371282103	846.571	49.725
0.877039298368561	10.987011210391	770.455	51.797
0.912749269800584	12.6041299166961	984.086	76.385
0.931609254712596	12.8869096904722	1005.675	84.595
1.06060915151268	15.0251279798976	1228.241	84.673
1.30542895565684	15.8880472895622	2622.968	92.737
1.554798756161	19.4515044387964	1402.498	127.93
1.59799872160102	20.257723793821	1532	124.586
1.65007867993706	17.160646271483	1033.648	102.187
1.88686849050521	19.4479044416764	1275.336	129.741
2.3427881257695	19.7278042177566	1059.06	127.916
2.38186809450552	25.8854192916646	3072.352	165.145
2.40166807866554	26.1572190742247	1782.987	173.072
10.7801213759029	36.8346305322956	1478.808	277.027
11.1695410643671	38.8445089243929	1717.404	281.763
11.2972209622232	39.6316482946814	1551.143	282.646
12.0868303305357	47.1421422862862	2228.049	343.813
16.4150668679465	41.8492465206028	1588.095	333.57
17.0199263840589	44.3510645191484	1869.736	330.646
18.2030554375557	54.3052365558108	2375.975	415.81
18.2090154327877	54.3889364888508	2306.256	418.108
24.925170059864	49.3228405417276	2047.308	399.545
27.0999883200093	60.5334115732707	2297.308	460.118
27.2676381858895	63.1009295192564	2659.443	495.14
27.2910481671615	63.5478691617047	2557.593	487.272
35.904601276319	62.520429983656	2446.086	489.471
37.2660101871919	73.2360014111989	3536.694	571.227
37.2906001675199	73.428961256831	2789.487	577.753
37.3152001478399	73.6536010771191	2770.041	589.749
45.8151133479093	72.2830821735343	2708.5	588.256
46.7668325865339	77.5622979501616	2910.729	631.915
47.2747421802063	82.9799336160531	3024.674	669.219
47.2767121786303	83.0616535506772	2968.953	662.662
55.9506352394918	82.793633765093	3017.492	681.886
56.5141447886842	85.6518514785188	2903.245	687.517
56.7446046043163	87.1224503020398	3051.633	700.767
57.1310542951566	90.7318074145541	3063.226	718.546
66.2718469825224	93.9118648705081	3056.065	946.053
66.3467569225945	94.2869845704123	2982.252	1196.454
66.4355368515705	94.7207842233726	2956.932	957.653
66.8038365569308	96.915702467438	2971.962	1521.618
73.6247111002311	95.4055036755971	3020.665	1591.143
74.3239105408716	96.6314826948138	2926.173	949.575
75.5720395423684	98.8368409305273	2884.167	1239.902
76.0171591862727	99.6518802784958	2828.262	982.635
83.7021030383176	99.929260056592	2832.92	1035.009
83.9531628374697	99.970120023904	2842.836	1240.284
84.1275626979498	99.98920000864	2900.624	957.628
84.1302426958058	99.989740008208	2883.813	1578.778
90.556527554778	100.0	2890.892	1677.328
90.559707552234	100.0	2958.961	1000.947
90.580797535362	100.0	2883.407	1034.239
90.598517521186	100.0	2863.916	1254.231
