0.0949999240000608	0.111959910432072	31.199	1.071
0.0049999960000032	0.0221399822880142	15.04	0.435
0.316999746400203	0.334079732736214	97.63	2.713
57.3109541512367	57.3279741376207	2255.09	510.587
0.00199999840000128	0.0199799840160128	14.332	0.43
0.0289999768000186	0.0460799631360295	22.588	0.655
37.3109701512239	37.3278301377359	1716.172	339.137
0.0199999840000128	0.035999971200023	19.497	0.533
5.39599568320345	5.41403566877147	672.545	47.327
0.211999830400136	0.228059817552146	49.507	1.904
2.39899808080154	2.41595806723355	423.659	21.354
47.3109621512303	47.3279021376783	1988.572	428.111
77.3109381512495	77.3279381376495	2854.809	675.724
0.063999948800041	0.0820799343360525	28.721	0.814
0.473999620800303	0.489959608032314	171.881	3.855
12.1389902888078	12.1559302752558	942.264	106.597
1.59999872000102	1.61603870716903	419.032	14.204
67.3109461512431	67.3278661377071	2542.6	604
87.3109301512559	87.3278301377359	3178.706	768.586
0.141999886400091	0.158039873568101	40.739	1.513
0.013999988800009	0.0320399743680205	17.324	0.533
0.00399999680000256	0.0219599824320141	14.814	0.424
0.711999430400456	0.727919417664466	274.59	6.294
0.00599999520000384	0.0219599824320141	15.803	0.473
0.00899999280000576	0.0259199792640166	18.431	0.456
3.5969971224023	3.61385710891431	438.137	31.906
0.0429999656000275	0.0601199519040385	26.002	0.642
27.3109781512175	27.3281181375055	1474.673	254.132
97.3109221512623	97.3280821375343	3053.67	1634.679
0.00199999840000128	0.0199799840160128	15.176	0.467
8.09199352640518	8.10791351366919	692.343	71.266
1.06699914640068	1.08395913283269	285.846	8.923
18.2079854336117	18.2240854207317	1193.069	161.34
