0.264329788536169	4.39739648208281	2653.992	20.279
0.898169281464575	13.1716694626644	6763.428	81.813
2.79315776547379	28.4361972510422	5377.036	179.342
58.9160828671337	92.6068659145073	3139.396	1520.546
68.0455855635315	95.4038836768931	3082.116	1489.413
88.7100790319368	99.999820000144	2983.603	1651.102
0.401369678904257	6.5687347450122	3879.612	30.235
3.96937682449854	30.9581752334598	3033.561	206.239
85.3439417248466	99.9910000072	2942.539	1651.596
29.0759767392186	65.3552477158018	4840.543	516.108
91.5520067583946	99.999820000144	2936.786	1675.983
62.2841401726879	87.8141897486482	3141.498	726.995
0.0989899208080633	1.73987860809711	1158.413	6.943
76.633888692889	98.5618011505591	2989.087	1607.412
1.89525848379321	22.6983418413265	8062.924	138.761
45.8129133496693	68.787484970012	4926.859	557.972
39.061058751153	74.975520019584	4669.141	599.88
18.2922053662357	47.3048621561103	4291.805	346.419
23.8884608892313	57.4654940276048	4657.868	430.689
32.7114738308209	59.391492486806	2452.009	461.672
14.090108727913	50.2131198295041	4450.505	373.985
73.0930415255668	99.0335807731354	2957.084	1598.627
0.191999846400123	3.29273736581011	2065.435	12.98
54.0155267875786	89.1614886708091	3551.887	745.18
6.28894496884403	39.5825083339933	4494.178	269.758
0.602129518296385	9.41075247139802	5322.91	39.828
44.0648747481002	80.1218959024833	4486.296	639.92
80.3265357387714	99.2603805916955	2983.704	1626.793
1.2437790049768	16.5734867412106	7641.26	95.102
9.39490248407801	44.4909244072605	4408.793	363.555
