0.000619999504000397	0.0111599910720071	2635.865	520.652
0.00162999869600104	0.0293399765280188	2697.53	532.479
0.00185999851200119	0.0334799732160214	2674.991	531.661
0.00338999728800217	0.0610199511840391	2713.708	515.4
0.0051499958800033	0.0925199259840592	2636.88	522.765
0.00648999480800415	0.116459906832075	2713.584	530.073
0.010889991288007	0.195839843328125	2683.737	529.332
0.0118999904800076	0.213839828928137	2678.943	511.327
0.0225799819360145	0.40553967556826	2686.404	527.745
0.0366699706640235	0.657539473968421	2690.331	525.2
0.0495899603280317	0.884159292672566	2656.397	517.28
0.0548199561440351	0.980819215344628	2702.047	520.169
0.122179902256078	2.16377826897739	2697.873	529.504
0.128269897384082	2.25647819481744	2704.834	546.546
0.20334983732013	3.54275716579427	2685.665	504.861
0.280459775632179	4.81355614915508	2678.024	542.825
0.386839690528248	6.49277480578016	2720.278	508.614
0.717799425760459	11.6015307187754	2639.812	527.261
1.32460894031285	20.2111038311169	2647.851	535.01
1.84725852219318	26.1134791092167	2699.714	532.274
3.16587746729803	40.3268077385538	2644.141	519.588
3.24341740526608	35.8601113119109	2688.9	539.487
6.63563469149225	58.3825932939254	2632.479	550.658
11.1008711193031	76.7951385638892	2617.476	536.395
14.4589184328653	72.5347219722224	2630.424	570.502
23.6432210854231	86.1209311032551	2629.244	583.866
30.7007754393796	87.6745098603921	2669.979	570.083
43.3411653270677	99.1799206560635	2683.67	589.886
51.2029890376088	99.5372203702237	2617.055	589.46
57.7357338114129	99.6101203119038	2713.6	592.955
65.0866179307057	99.9188200649439	2636.848	596.844
73.0320015743987	99.999280000576	2692.351	594.929
78.6691470646823	100.0	2685.297	585.525
