0.00216999826400139	0.039059968752025	27.911	0.532
0.00247999801600159	0.0446399642880286	31.676	0.568
0.815329347736522	13.1342294926164	8966.018	53.448
30.5441655646675	87.3128901496879	28909.01	1704.451
73.0536915570468	99.999460000432	32302.194	4001.508
6.253154997476	55.0324359740512	25481.28	351.075
11.7111506310795	61.2697909841672	23264.258	628.454
4.64170628663497	50.4922996061603	28296.838	255.782
0.0277899777680178	0.498419601264319	336.991	3.224
0.417249666200267	7.14095428723657	4864.774	29.41
59.2179626256299	99.9191800646559	32948.069	3287.395
0.00668999464800428	0.120059903952077	83.748	0.935
0.222439822048142	3.87071690342648	2645.926	13.481
1.28530897175282	19.6495042803966	13643.327	77.276
0.00783999372800502	0.14093988724809	96.797	0.974
0.120669903464077	2.14217828625737	1535.48	7.485
1.27683897852882	18.3842852925718	12698.755	72.819
0.00493999604800316	0.0889199288640569	61.631	0.758
78.6721470622823	100.0	32361.109	4422.34
39.2527485978011	93.0124055900755	30215.372	2193.119
25.021119983104	91.8260265391788	33645.004	1393.979
2.82794773764181	35.7947713641829	23349.79	157.956
65.8877272898182	99.966880026496	32191.825	3593.773
0.00182999853600117	0.0329399736480211	24.145	0.563
0.0552499558000354	0.987479210016632	673.18	3.695
7.89175368659705	54.8986960810431	23315.828	421.892
0.0792299366160507	1.4111988710409	984.794	5.244
51.8274685380252	99.8412401270079	34934.435	2978.653
0.000439999648000282	0.00791999366400507	6.847	0.525
0.0233499813200149	0.419759664192269	295.833	1.948
0.522429582056334	8.73395301283759	6088.776	36.876
0.0170299863760109	0.305999755200196	216.209	1.567
0.120579903536077	2.12273830180936	1477.782	7.848
