0.600149519880384	0.970919223264621	497.349	12.566
1.29924896060083	1.65941867246506	546.679	26.181
44.0995647203482	44.4630244295805	2213.423	880.635
2.79874776100179	3.16043747165002	583.458	59.881
24.0989207208634	24.4654004276797	1431.694	498.502
89.100668719465	89.4727084218333	3834.948	1775.331
0.100409919672064	0.456119635104292	332.102	2.783
0.400329679736256	0.762479390016488	427.772	8.859
4.19906664074669	4.56461634830692	695.08	91.511
6.30176495858803	6.66575466739627	736.221	128.554
0.898889280888575	1.25945899243281	517.876	19.191
99.0915907267274	99.3833204933436	4185.523	1940.938
14.100518719585	14.4638884288893	1043.998	283.189
49.0991707206634	49.4587404330077	2410.371	1031.212
19.0996847202522	19.4579844336125	1234.129	395.972
34.1002327198138	34.4591724326621	1851.108	683.895
1.90104847916122	2.26673818660945	568.936	40.31
39.101618718705	39.4602884317693	2037.643	808.389
54.0998167201466	54.4681364254909	2577.488	1123.194
79.0988167209466	79.4629164296669	3418.049	1635.07
84.0992527205978	84.4652924277661	3712.331	1692.373
9.39996248003002	9.77165218267825	850.601	197.275
64.098998720801	64.4653284277373	2825.422	1313.429
0.200259839792128	0.568079545536364	407.679	4.315
94.0984747212202	94.4653644277085	3894.843	1923.617
0.299849760120192	0.668519465184428	411.953	6.826
69.1000747199402	69.4626644298685	3121.917	1375.288
59.0988827208938	59.4633124293501	2781.531	1181.327
74.1001507198794	74.4628804296957	3265.307	1485.984
29.0997367202106	29.4648964280829	1581.822	590.541
