1.59466872426502	5.22341582126734	2350.465	46.669
1.07652913877669	4.67405626075499	2241.335	28.141
2.39986808010554	6.00821519342785	2425.775	64.624
1.07049914360069	4.65209627832298	2354.018	29.106
2.40107807913754	6.03521517182786	2370.418	65.958
0.00293999764800188	0.0525599579520336	37.607	0.462
0.00189999848000122	0.0340199727840218	24.571	0.428
0.000929999256000595	0.0167399866080107	12.596	0.559
1.06497914801668	4.60241631806695	2333.798	28.811
2.39835808131354	6.02549517960386	2403.756	66.44
0.00323999740800207	0.0583199533440373	40.574	0.502
0.000949999240000608	0.0170999863200109	13.026	0.428
1.59920872063302	5.22575581939534	2418.205	45.594
0.00113999908800073	0.0205199835840131	15.56	0.416
1.60295871763303	5.24591580326736	2381.616	42.704
0.0010899991280007	0.0196199843040126	14.927	0.417
1.06620914703268	4.62599629920296	2383.302	32.785
0.00306999754400196	0.0552599557920354	39.602	0.505
0.00168999864800108	0.0302399758080194	22.269	0.393
0.707889433688453	4.12685669851464	2314.703	21.307
2.39657808273753	6.01109519112385	2465.51	64.494
0.716659426672459	4.12433670053064	2294.014	24.415
1.59989872008102	5.23061581550735	2367.949	47.569
0.00304999756000195	0.054719956224035	38.898	0.493
0.00214999828000138	0.0385199691840247	27.939	0.444
0.00173999860800111	0.03131997494402	23.013	0.46
