88.6936890450488	99.999820000144	19430.46	4091.486
0.300489759608192	5.03117597505922	3491.454	20.906
84.6732322614142	99.923140061488	18814.865	3937.683
34.0448127641498	69.6498642801086	20913.986	1682.504
0.394769684184253	6.46919482464414	4468.075	26.907
0.897809281752575	13.0958895232884	9065.139	53.7
29.0797867361706	65.4600076319939	21074.023	1420.985
14.088988728809	50.1607398714081	18476.373	708.96
0.0775999379200497	1.35809891352087	950.336	5.126
53.9096368722905	87.8726897018482	23672.775	2610.332
1.89747848201721	22.6727818617745	14127.063	107.984
6.29862496110003	39.6116683106654	17144.237	327.234
81.3398249281401	99.8421401262879	22080.726	3767.326
2.3484381212495	22.4875620099504	12601.808	124.813
1.30233895812883	17.5240659807472	11842.352	77.388
0.594659524272381	9.26315258947793	6433.73	38.091
91.5511267590986	99.999820000144	18621.234	4315.869
48.6080911135271	79.699076240739	20010.932	2294.058
23.1025915179268	51.2452390038088	18880.137	1143.564
43.2153154277477	71.91786246571	18107.238	2042.45
56.9164144668684	81.7078746337003	17515.572	2726.206
0.199089840728127	3.41909726472219	2391.195	12.275
66.3271969382425	89.9493480405216	24354.094	3093.368
38.8794888964089	72.4503020397584	21564.331	1937.588
71.9905624075501	96.0283031773575	24390.429	3495.526
19.0550847559322	54.8166161467071	19246.171	918.038
3.72482702013838	28.2713173829461	14620.198	181.322
63.4361692510646	93.1358854912916	24260.315	3040.743
77.5024479980416	99.7368402105278	22356.54	3666.051
9.37776249779	44.1845646523483	17720.736	454.055
