0.000849999320000544	0.0152999877600098	11.84	0.419
0.000959999232000614	0.0172799861760111	13.266	0.402
0.0020299983760013	0.0365399707680234	27.596	0.528
0.00330999735200212	0.0595799523360381	40.923	0.479
0.00565999547200362	0.101699918640065	71.054	0.557
0.0088999928800057	0.160019871984102	113.347	0.715
0.0111799910560072	0.200699839440128	142.414	1.245
0.0186299850960119	0.333899732880214	230.464	1.061
0.0282599773920181	0.505619595504324	347.8	1.638
0.0404799676160259	0.722159422272462	504.297	2.23
0.0635099491920406	1.12535909971272	781.532	3.107
0.0941399246880602	1.65833867332906	1143.111	5.103
0.134639892288086	2.3421581262735	1642.641	7.265
0.149949880040096	2.56499794800164	1739.65	7.375
0.205019835984131	3.40775727379418	2345.261	10.69
0.473349621320303	7.59779392176486	5046.608	28.136
0.480809615352308	7.23149421480463	5046.365	27.927
1.05523915580868	14.8892280886175	9830.679	57.033
1.45482883613693	17.9711856230515	11303.017	73.038
2.3415281267775	25.1414798868161	14242.582	110.063
3.20545743563405	26.8554385156492	12134.974	138.195
5.11083591133127	33.7103730317016	14355.063	201.479
8.07819353744517	42.5649259480592	17536.966	325.829
11.4189308648553	40.4371476502819	13864.886	427.28
18.0075855939315	51.547278762177	16913.992	690.969
26.4545088363929	55.3191757446594	15297.18	942.907
37.3045101563919	73.5825011339991	21601.161	1423.771
44.2140646287483	67.4382060494352	14404.019	1541.003
56.9877744097805	89.2741685806651	21532.07	2108.827
65.5055175955859	90.9083872732902	17979.247	2328.467
74.3681105055116	96.7090626327499	17321.37	2955.333
84.1221427022858	99.99010000792	19464.911	4499.739
90.558607553114	100.0	18153.371	4962.114
