0.00383999692800246	0.068759944992044	48.573	0.569
0.0060899951280039	0.108179913456069	75.885	0.637
0.00879999296000563	0.154799876160099	107.751	0.787
0.0133199893440085	0.231659814672148	163.018	0.958
0.0193999844800124	0.334799732160214	239.041	1.318
0.0277199778240177	0.4692596245923	335.558	2.548
0.0417099666320267	0.679319456544435	453.318	2.66
0.0619499504400396	0.974519220384624	544.142	3.637
0.0952099238320609	1.37645889883288	553.122	5.02
0.133389893288085	1.72871861702511	493.193	7.182
0.210149831880135	2.40839807328154	573.02	9.351
0.316939746448203	3.02471758022594	604.326	13.55
0.474979620016304	3.5974771220183	612.231	17.033
0.714299428560457	4.12109670312264	640.087	20.662
3.5965971227223	7.22987421610063	817.658	50.064
5.39562568349945	9.03185277451778	930.273	65.262
8.09486352410918	11.7408506073195	1018.507	92.431
