48.6971910422472	80.5457955633636	2710.301	576.496
91.5520067583946	99.999820000144	2721.511	589.792
43.1348254921396	71.5456227635018	2714.269	565.288
26.8332285334172	51.3829388936489	2647.88	535.495
53.7954769636184	86.4177508657993	2714.385	574.841
77.2611881910494	99.4312004550396	2678.764	604.827
4.97994601604319	27.9834976132019	2667.586	509.08
81.256844994524	99.8077601537919	2671.191	566.484
88.7132790293768	99.999640000288	2730.956	576.279
0.348009721592223	5.39351568518745	2715.362	487.931
0.398549681160255	6.54479476416419	2673.171	534.94
0.0966999226400619	1.69577864337709	2704.411	551.385
2.78171777462578	28.08753752997	2729.454	528.049
0.300599759520192	5.04557596353923	2719.182	515.003
63.4574392340486	93.2989653608277	2706.078	557.806
9.39938248049402	44.6885642491486	2726.054	540.558
85.3873316901346	99.99370000504	2728.608	581.5
13.5328191737447	43.7421250063	2676.496	543.948
65.2907277674178	87.6260898991281	2670.183	584.968
1.90807847353722	22.7858217713426	2747.683	521.767
34.0705427435658	70.382283694173	2712.039	549.683
0.74963940028848	9.93509205192636	2717.125	535.574
0.832439334048533	12.0837503329997	2676.483	540.372
70.6880334495732	93.2152654277877	2735.354	569.085
19.0843947324842	55.3989156808675	2705.927	544.286
0.199869840104128	3.42899725680219	2720.475	529.217
24.0341307726954	59.444232444614	2695.588	538.182
55.8913052869558	79.0084167932666	2706.592	561.8
4.19478664417068	34.32741253807	2713.507	496.155
38.1848194521444	66.7434066052747	2781.741	546.789
