77.0752283398173	99.1802806557755	19617.344	4548.023
38.3917792865766	67.9693856244915	20764.347	1733.215
23.9287308570153	57.7149738280209	17757.877	1077.571
8.2782233774213	34.4688924248861	12040.506	356.234
26.629358696513	50.8636393090886	12838.15	1128.389
19.0929847256122	55.4662356270115	19144.09	862.126
68.5713151429479	98.1118015105588	23171.385	3303.836
0.877649297880562	12.8125697499442	8974.172	48.411
13.4351492518806	43.0016055987155	17839.139	579.377
73.1193215045428	99.1244807004154	21345.737	4190.118
1.83363853308917	21.5935027251978	13076.456	96.083
2.79225776619379	28.4253972596822	15216.159	138.989
0.29640976287219	4.96907602473918	3472.014	18.845
57.5837139330289	83.9582328334137	23142.214	2604.16
88.4101292718966	99.996760002592	19875.339	5563.014
91.5442567645946	100.0	18556.194	5587.722
85.3673017061586	99.992620005904	20105.379	5339.447
0.396599682720254	6.47675481859615	4443.179	25.031
44.0284247772602	79.4963964028829	22066.906	1926.673
0.549219560624352	8.51723318621345	5999.222	32.264
52.8895876883298	80.2889357688514	22616.237	2398.551
63.4490792407366	93.2156254274997	24177.19	2947.816
34.0684427452458	70.0892439286049	21091.826	1554.476
1.26028899176881	16.8544665164268	11409.507	67.964
48.9724008220793	83.7505129995896	23119.868	2143.562
81.6039147168682	99.942760045792	21515.19	4871.876
0.0551599558720353	0.96911922470462	682.507	2.947
6.251614998708	38.7728689817048	17017.363	282.661
0.10884991292007	1.8673185061452	1306.961	5.884
4.10414671668263	32.820633743493	15664.395	194.807
