0.00766999386400491	0.138059889552088	94.241	1.669
0.0115799907360074	0.208439833248133	139.614	1.928
0.00159999872000102	0.0287999769600184	21.06	0.559
48.403451277239	97.4913420069264	2885.806	782.943
0.160289871768103	2.8198777440978	1816.093	15.584
17.0770163383869	88.0773495381204	3551.41	624.32
0.000949999240000608	0.0170999863200109	13.133	0.476
0.657449474040421	10.6327714937828	6157.51	49.678
23.421641262687	85.2848317721346	3511.342	647.113
1.04441916446467	15.9974872020102	8553.141	99.767
0.0601999518400385	1.07261914190469	726.254	5.159
0.00317999745600204	0.0572399542080366	40.898	0.702
0.45290963767229	7.58231393414885	4564.487	36.644
0.0394099684720252	0.706139435088452	484.748	3.399
32.0212343830125	90.7831073735141	3169.493	658.391
4.00332679733856	43.4172252662198	6946.015	307.828
0.00407999673600261	0.073439941248047	52.341	0.743
66.4103668717065	99.989020008784	2866.589	813.973
43.4647552281958	99.3248205401436	2815.444	800.337
57.2140442287646	99.4643204285437	2818.011	773.059
0.00862999309600552	0.155339875728099	109.604	1.122
0.0299299760560192	0.535679571456343	379.3	2.849
3.00624759500192	38.0093095925523	15678.062	275.813
0.213029829576136	3.72239702208238	2408.673	18.956
10.8322313342149	74.3399405280476	4440.327	522.116
4.59717632225894	42.238766208987	4508.718	305.603
0.398459681232255	6.84305452555638	4364.527	32.33
0.115139907888074	2.04155836675331	1372.208	9.224
78.6719770624183	100.0	2857.722	839.742
0.0248499801200159	0.445679643456285	303.635	2.283
1.36137891089687	19.4830044135965	9948.519	128.863
72.9542216366227	99.999640000288	2907.126	855.892
0.00241999806400155	0.0435599651520279	32.083	0.626
