10.0812119350305	68.3814052948758	2699.222	716.031
11.0646911482471	76.4736588210729	2454.085	607.918
15.0370079703936	75.3790796967362	2672.026	491.134
15.3492977205618	76.9893584085133	2659.23	409.407
15.7205274235781	79.0379367696506	2681.706	730.31
15.7502173998261	79.2001166399067	2479.06	633.749
22.2881421694863	81.26597498722	2678.773	771.075
22.6445318843745	82.4748540201168	2460.098	628.963
22.7335018131986	82.779233776613	2657.072	474.567
24.6023103181517	89.9189280648576	2665.625	460.348
28.9528568377145	83.7375530099576	2493.504	653.05
33.4172932661654	94.3784244972604	2659.884	471.406
34.2813225749419	96.7799825760139	2642.764	492.535
34.8140721487423	98.3018813584949	2680.113	778.681
38.4128792696966	91.6559266752587	2627.275	459.793
38.7341390126888	92.163886268891	2683.672	440.038
40.2324378140497	94.5591443526845	2471.579	641.377
41.8979464816428	97.1617622705902	2676.905	787.267
50.4212696629843	99.0780407375674	2687.394	500.703
51.1420490863607	99.5147203882237	2499.821	645.37
51.1498690801047	99.5071603942717	2638.861	793.515
51.7503685997051	99.8081201535039	2664.704	434.443
57.841263726989	99.6344202924638	2661.689	556.852
57.9220836623331	99.6580002735998	2656.67	767.07
58.3943432845254	99.7683401853279	2670.296	532.771
58.5634031492775	99.8005601595519	2457.503	641.984
65.0520779583376	99.9179200656639	2684.334	768.987
65.3604977116018	99.938620049104	2603.766	481.158
66.1661870670503	99.98020001584	2408.24	638.606
66.3252169398264	99.9865000108	2702.394	543.755
72.5445619643504	99.997840001728	2470.578	696.293
72.9042616765907	99.998920000864	2673.217	513.431
72.9179016656787	99.999820000144	2646.245	803.796
72.9556116355107	99.999640000288	2650.567	433.485
78.6706170635064	100.0	2621.352	536.801
78.6721270622983	100.0	2644.98	772.437
78.6722270622184	100.0	2570.146	665.29
78.6733170613464	100.0	2654.92	464.7
