2.79982776013779	3.16565746747403	633.974	59.156
1.29889896088083	1.65887867289706	551.419	25.761
74.1016507186794	74.4636004291197	3340.347	1471.551
14.101278718977	14.4676684258653	1064.988	285.889
6.29786496170803	6.66755466595627	756.109	130.188
0.099959920032064	0.45341963726429	332.315	2.719
84.0980827215338	84.456652434678	3610.586	1709.769
0.401359678912257	0.770039383968493	468.535	8.991
49.1022307182154	49.4673804260957	2411.243	972.442
0.200689839448128	0.564119548704361	397.592	4.265
44.1008847192922	44.4668044265565	2147.106	914.309
29.0995167203866	29.4659764272189	1607.713	608.798
39.099218720625	39.4638884288893	2015.016	788.252
1.90153847876922	2.27465818027346	573.879	40.032
9.39978248017402	9.76355218915825	903.9	199.931
4.19968664025069	4.56011635190692	671.403	86.269
59.1002727197818	59.4593524325181	2774.397	1195.268
0.900729279416576	1.26089899128081	480.585	20.396
99.1008507193194	99.4645004283997	4033.62	2039.352
0.300129759896192	0.659879472096422	431.851	6.968
64.100458719633	64.4669484264413	2863.886	1332.525
54.1009567192346	54.4634564292349	2578.184	1084.538
24.1007107194314	24.4609004312797	1457.091	509.222
89.101828718537	89.4664084268733	3798.342	1840.088
34.1021627182698	34.4647524281981	1846.921	675.893
69.0993947204842	69.4650044279965	3083.128	1431.726
79.1005967195226	79.4645364283709	3483.545	1629.34
19.1006347194922	19.4641044287165	1256.71	399.253
0.599229520616383	0.962999229600616	472.487	13.394
94.0981747214602	94.4486244411004	3891.609	1950.956
