55.4506756394595	99.999460000432	39502.884	3914.286
19.5338343729325	97.4913420069264	39404.151	1346.378
3.17660745871403	42.168566265147	28265.533	172.673
0.200289839768128	3.53357717313826	2403.392	13.474
0.36010971191223	6.27389498088402	4284.278	18.823
0.542719565824347	9.27485258011794	6279.876	33.083
50.1509198792641	99.997480002016	40103.343	3420.559
12.4063900748879	89.1582486734011	38561.572	664.683
47.1425822859342	99.991720006624	41345.472	3335.098
52.9147476682019	99.99910000072	39952.852	3757.392
19.6536242771006	97.6501018799185	39841.284	1360.05
44.2901745678603	99.98380001296	39899.653	3026.082
0.106559914752068	1.89791848166521	1316.603	5.557
0.11009991192007	1.96253842996926	1365.823	6.336
31.4156448674841	99.5924803260157	41572.437	2096.977
8.34143332685334	76.0038591969126	37359.863	430.488
0.0653599477120418	1.16855906515275	792.906	3.276
50.0923299261361	99.99730000216	39156.781	3502.889
18.3753952996838	95.6774834580132	39668.245	1223.467
0.699079440736447	11.7428306057355	7960.069	38.826
6.30386495690803	68.3520653183477	39497.709	325.921
22.2742021806383	98.1800214559828	38703.454	1549.578
2.85977771217783	40.548927560858	28214.925	155.714
52.8787776969778	99.999280000576	40110.319	3748.024
3.2823573741141	43.3374853300117	28947.124	178.465
47.4126020699183	99.994780004176	40047.201	3365.618
38.7213190229448	99.961840030528	39562.249	2747.697
55.5445255643795	99.999820000144	40564.252	3826.162
32.5619939504048	99.8380001295999	40725.465	2272.712
23.5309611752311	97.5174419860464	40548.971	1512.536
35.1058819152945	99.8475401219679	38873.477	2382.699
22.4832920133664	98.391521286783	39759.462	1532.389
2.72424782060174	38.8040089567928	26620.168	154.503
12.1953102437518	88.3889292888566	39841.192	629.236
0.0659299472560422	1.18061905550476	822.054	3.51
22.9124916700067	98.7630409895672	40439.86	1631.288
55.4739356208515	99.999460000432	40359.863	3844.707
38.1268294985364	99.9155800675359	39950.984	2588.674
16.3456869234505	95.4517636385891	40577.427	1107.184
29.0976067219146	99.5860003311997	41573.236	1965.226
16.0950971239223	94.8617241106207	40531.579	1097.28
35.5958015233588	99.9146800682559	41171.667	2460.53
27.9544076364739	99.1448206841435	39024.041	1858.914
35.5431415654867	99.8992000806399	39279.039	2482.924
40.5321175743059	99.924040060768	39342.008	2735.927
52.8425077259938	99.998920000864	40295.475	3749.896
14.6207383034094	91.2309470152424	38052.597	753.888
0.17265986187211	3.05351755718595	2129.296	9.84
0.584479532416374	9.9997120002304	6849.343	36.091
0.193899844880124	3.4343972524822	2341.193	10.515
35.6916714466628	99.922960061632	40925.775	2458.153
8.86657290674168	79.1065167147866	39039.841	473.157
41.6933266453387	99.979660016272	40002.155	2870.545
41.4894668084266	99.975160019872	41608.177	2853.67
52.7615077907938	99.99820000144	41165.796	3709.628
0.704379436496451	11.8281505374796	8112.016	39.436
55.5584955532036	99.999820000144	40488.038	3860.059
0.202139838288129	3.57785713771429	2441.731	10.365
0.245899803280157	4.32719653824277	2992.016	16.856
31.9058944752844	99.6923802460958	39041.003	2207.824
29.3747765001788	99.6724002620798	39955.597	1985.828
12.9107096714323	90.9326872538502	40628.35	664.269
0.502389598088322	8.61317310946151	5901.375	30.795
23.475331219735	97.4724420220464	40478.641	1521.602
46.7246626202699	99.985240011808	39731.854	3206.012
0.364349708520233	6.34373492501206	4431.475	22.105
24.8973000821599	98.6176011059191	40994.482	1651.6
36.8847004922396	99.7899401680479	38666.772	2514.3
22.2944421644463	98.1933414453268	40599.417	1538.574
14.9772480182016	92.201146239083	38633.181	775.323
49.6032703173837	99.993160005472	38723.139	3512.789
60.5345715723427	99.999820000144	39932.68	4140.701
58.0719535424372	99.999820000144	39915.097	4150.612
0.0987299210160632	1.75823859340913	1232.266	5.347
41.7432266054187	99.9820000144	40570.44	2896.333
44.3724545020364	99.98560001152	39638.809	3165.091
0.615639507488394	10.5301715758627	7295.21	38.845
0.256589794728164	4.51187639049889	3108.049	14.197
0.313639749088201	5.4691156247075	3830.914	19.985
47.2360722111422	99.993160005472	40935.003	3233.529
60.5329115736707	99.999820000144	39824.254	4145.155
58.0831535334772	99.999820000144	40412.278	4061.565
60.5329115736707	99.999820000144	40490.762	4238.125
37.468230025416	99.8545601163519	38789.554	2619.745
5.74547540361968	63.6011491190807	36361.097	307.301
0.363489709208233	6.31025495179604	4414.239	22.815
11.0223611821111	83.7494330004536	39113.765	570.066
49.999080000736	99.996580002736	40515.934	3551.101
43.4177052658358	99.95680003456	39460.982	2931.539
3.67511705990635	47.6884418492465	31598.548	200.398
0.065669947464042	1.17503905996875	820.787	3.693
0.272279782176174	4.79051616758707	3346.522	17.37
3.39968728025018	44.6394242884606	30430.865	176.542
8.55776315378948	77.2786181771055	37156.447	448.279
32.5690839447328	99.8394401284479	40391.165	2315.489
44.5831243335005	99.989560008352	40637.866	3120.327
29.1123867100906	99.5732203414237	39525.94	2031.602
25.9637792289766	99.2474206020635	40396.269	1763.189
9.56483234813412	82.9000136799891	39352.38	506.925
5.05841595326724	57.812533749973	34500.48	262.92
0.051529958776033	0.923579261136591	647.087	2.747
0.180079855936115	3.18761744990604	2168.186	9.356
19.6653642677086	97.6439818848145	40112.496	1362.747
60.5310715751427	99.999820000144	39335.713	4287.843
0.130079895936083	2.31857814513748	1594.187	6.99
58.0577435538052	99.999820000144	39754.94	4150.787
6.37196490242808	68.8440049247961	39532.497	331.785
58.0462135630291	99.999820000144	40142.177	4112.953
