0.285669771464183	4.74785620171504	3209.252	19.81
0.209529832376134	3.5949571240343	2398.519	15.987
0.0018699985040012	0.0336599730720215	24.482	0.578
90.600107519914	100.0	18748.36	4297.23
5.11988590409128	33.8158529473176	13710.157	258.221
0.0092199926240059	0.165779867376106	114.407	1.055
0.00232999813600149	0.0419399664480268	30.181	0.664
1.06140915087268	14.9835480131616	10143.039	63.537
56.5567147546282	85.864611308311	23115.385	2685.559
0.0613099509520392	1.08539913168069	748.45	4.065
0.0057799953760037	0.104039916768067	71.512	0.858
11.2860509711592	39.5490283607773	13458.847	518.643
0.0028099977520018	0.0503999596800323	37.137	0.645
65.8500873199301	92.120686303451	19158.402	3168.274
47.1385822891342	81.1064951148039	21691.657	2245.11
3.19106744714604	26.7126986298411	12810.45	157.026
83.6964630428296	99.9280000576	19291.539	3901.135
0.0185699851440119	0.333179733456213	232.923	1.632
1.59347872521702	20.249443800445	12967.526	90.091
0.473279621376303	7.63559389152489	5324.82	30.392
35.0869019304785	59.7122522301982	14121.288	1665.864
8.08133353493317	42.5791459366833	17411.124	407.173
0.0010999991200007	0.0197999841600127	15.479	0.507
0.092189926248059	1.62053870356904	1130.396	5.943
24.3796904962476	47.8432417254066	12385.625	1099.264
0.00894999284000573	0.161099871120103	112.969	1.082
0.0182899853680117	0.32777973777621	230.017	2.474
18.2108154313477	54.4877564097949	19178.411	908.332
2.3407281274175	25.1457998833601	14184.903	122.946
0.138189889448088	2.41361806910554	1691.321	8.574
0.708049433560453	10.8055713555429	7570.772	43.132
0.0248899800880159	0.442799645760283	308.856	1.991
74.4618604305116	96.85306251755	24620.027	3496.091
