10.5418415665267	71.891402486878	2475.117	565.005
10.907131274295	75.010619991504	2703.784	560.821
11.1891210487032	77.6333978932817	2656.723	548.416
11.2053510357192	77.7874777700178	2624.863	515.875
13.5315191747847	68.4276652578678	2529.655	542.702
14.6102983117614	73.2671413862869	2697.522	559.711
16.4164368668505	83.3662133070294	2668.505	534.487
16.9974764020189	87.468410025272	2639.004	532.274
22.2756621794703	81.224035020772	2709.141	577.95
24.6000703199437	89.9117280706175	2636.216	554.691
24.6812902549678	90.2420278063777	2677.12	559.438
25.6266494986804	94.9198640641088	2506.462	583.98
30.9120852703318	88.1731094615124	2680.371	588.402
32.778533777173	92.7130658295473	2478.722	575.474
34.2049426360459	96.5549827560138	2684.767	578.08
34.5462323630141	97.5347219722224	2660.937	573.076
41.4931268054986	96.5474227620618	2499.423	588.832
43.3089753528197	99.1248407001274	2672.725	568.268
43.5149051880759	99.3869204904636	2650.402	584.209
43.5740751407399	99.4641404286877	2582.527	557.866
51.0489391608487	99.4578404337277	2690.779	563.078
51.2679589856328	99.5777203378237	2636.233	577.622
51.2944689644248	99.5860003311997	2490.555	577.797
51.8583585133132	99.8545601163519	2698.468	599.073
56.261744990604	99.1241207007034	2716.91	615.071
57.4269640584288	99.5156203875037	2672.827	602.025
58.5406831674535	99.7957001634399	2690.886	585.871
59.1157027074378	99.9047800761759	2518.97	583.442
66.0595371523703	99.97390002088	2666.218	571.449
66.0877071298343	99.975340019728	2679.46	591.791
66.4364668508265	99.989740008208	2657.052	595.281
66.6063367149306	99.993520005184	2525.964	608.306
72.4901720078624	99.997480002016	2664.388	604.532
72.7297418162065	99.998740001008	2680.566	597.92
73.0687515449988	99.999460000432	2692.249	591.044
73.0790815367348	99.999460000432	2474.417	588.544
78.6584570732343	100.0	2488.518	605.7
78.6701770638583	100.0	2674.181	591.62
78.6711270630984	100.0	2694.478	568.419
78.6726570618743	100.0	2674.175	600.274
