2.39799808160153	2.41595806723355	234.279	46.607
0.00699999440000448	0.0241199807040154	18.27	0.464
0.0049999960000032	0.0219599824320141	16.693	0.473
57.3109541512367	57.3277941377647	2433.35	1146.08
12.1389902888078	12.1559302752558	734.701	236.072
47.3109621512303	47.3279021376783	2061.964	950.319
77.3109381512495	77.3279381376495	3293.978	1513.791
5.39599568320345	5.41205567035546	403.534	109.42
0.063999948800041	0.0800999359200513	47.469	1.794
3.5969971224023	3.61385710891431	268.553	67.714
27.3109781512175	27.3279381376495	1257.084	542.055
87.3109301512559	87.3278301377359	3656.89	1749.881
0.0199999840000128	0.035999971200023	27.218	0.649
0.316999746400203	0.333899732880214	72.053	4.943
0.0429999656000275	0.0599399520480384	48.843	0.861
0.013999988800009	0.0300599759520192	23.412	0.612
0.0099999920000064	0.0259199792640166	19.185	0.496
1.59999872000102	1.61801870558504	143.609	28.875
0.0289999768000186	0.0460799631360295	39.017	0.707
0.00199999840000128	0.0199799840160128	15.587	0.444
97.3109221512623	97.3279021376783	3793.063	2315.982
1.06699914640068	1.08395913283269	157.397	17.159
0.141999886400091	0.160019871984102	54.008	1.935
0.211999830400136	0.230039815968147	65.524	4.117
0.710999431200455	0.728099417520466	125.213	11.689
67.3109461512431	67.3278661377071	2922.601	1312.847
37.3109701512239	37.3280101375919	1578.507	744.993
0.474999620000304	0.492119606304315	74.056	7.238
0.00399999680000256	0.0199799840160128	15.651	0.452
8.09199352640518	8.10809351352519	523.597	165.16
18.2079854336117	18.2240854207317	922.413	347.508
0.00299999760000192	0.0199799840160128	15.456	0.427
0.0949999240000608	0.111959910432072	53.155	1.495
