0.042189966248027	0.685079451936438	465.184	2.875
0.0626899498480401	0.974339220528624	649.469	3.649
27.3092581525935	30.9417952465638	3462.741	723.049
2.39890808087354	6.02999517600386	2365.752	72.951
0.00297999761600191	0.0527399578080338	37.473	0.601
0.0193099845520124	0.332099734320213	226.822	1.714
0.00911999270400584	0.161459870832103	110.577	1.059
12.0945803243357	15.2335678131457	2508.439	310.572
57.3092941525647	60.953171237463	4941.834	1497.706
0.00638999488800409	0.113219909424072	79.062	1.011
77.3171581462735	80.9732952213638	5947.326	1937.546
0.316509746792203	3.01697758641793	1994.525	13.978
97.2161022271182	99.8826400938879	6123.363	2522.575
1.60252871797703	5.22935581651535	2403.007	49.625
3.5961571230743	7.22699421840463	2461.596	104.039
87.0943903244877	89.5871883302493	5404.108	2267.254
47.3099221520623	50.9584992332006	4517.573	1197.665
18.2082854333717	21.848382521294	3181.304	489.716
5.39116568706745	9.03203277437378	2590.07	145.68
37.3136001491199	40.9649072280742	4116.267	953.688
0.0278599777120178	0.4692596245923	329.255	2.131
0.142389886088091	1.86587850729719	1300.645	7.309
0.476139619088305	3.61043711165031	2194.532	20.995
0.711099431120455	4.13099669520264	2337.112	23.955
0.0133399893280085	0.232559813952149	164.819	1.303
1.05410915671267	4.43933644853084	2248.686	32
0.0020299983760013	0.0363599709120233	26.428	0.567
0.0934699252240598	1.35485891611287	958.922	5.025
67.3125761499391	70.9471232423014	5385.435	1761.008
0.00417999665600267	0.0745199403840477	53.616	0.699
8.09317352546118	11.7224906220075	2668.161	222.08
0.210269831784135	2.39291808566553	1647.602	9.526
0.00117999905600076	0.0212399830080136	16.171	0.531
