49.1009607192314	49.1180007055994	2109.349	987.501
0.100999919200065	0.118079905536076	52.624	1.663
74.1009407192474	74.1180007055994	3099.024	1479.361
94.1009247192602	94.1177847057722	3737.156	2226.038
34.1009727192218	34.1180727055418	1670.283	659.162
0.600999519200385	0.618119505504396	138.858	12.185
6.30099495920403	6.31799494560404	428.18	127.327
39.100968719225	39.117928705657	1839.564	788.7
39.100968719225	39.117928705657	1791.602	787.763
39.100968719225	39.117928705657	1892.864	756.227
54.1009567192346	54.1178567057146	2277.644	1080.123
69.1009447192442	69.1179647056282	3020.333	1371.25
0.200999839200129	0.21815982547214	62.837	4.037
94.1009247192602	94.1179647056282	3797.432	2245.965
0.600999519200385	0.617939505648396	131.147	10.331
0.100999919200065	0.118079905536076	52.227	1.666
44.1009647192282	44.1179647056282	1940.679	878.489
19.1009847192122	19.1179647056282	1023.589	384.617
89.100928719257	89.117928705657	3750.982	1744.202
69.1009447192442	69.1179647056282	2981.166	1401.229
0.300999759200193	0.318059745552204	71.061	5.137
79.1009367192506	79.1180367055706	3375.189	1598.684
4.20099663920269	4.2181166255067	288.586	83.52
0.200999839200129	0.21797982561614	63.821	3.574
64.100948719241	64.117928705657	2754.478	1288.549
94.1009247192602	94.1179647056282	3824.161	2150.148
84.1009327192538	84.1178927056858	3432.253	1690.847
0.400999679200257	0.417959665632267	71.342	6.637
54.1009567192346	54.1180367055706	2289.092	1075.639
64.100948719241	64.117928705657	2729.152	1295.53
9.40099247920602	9.41795246563803	609.432	186.719
9.40099247920602	9.41795246563803	577.247	188.751
99.1009207192634	99.1180007055994	3969.79	2281.444
19.1009847192122	19.1179647056282	946.814	381.291
24.1009807192154	24.1180007055994	1211.518	468.637
49.1009607192314	49.1180007055994	2055.928	985.326
4.20099663920269	4.2179366256507	292.761	81.803
34.1009727192218	34.1178927056858	1590.103	682.86
99.1009207192634	99.1180007055994	3921.665	2367.771
0.600999519200385	0.618119505504396	122.217	11.915
99.1009207192634	99.1178207057434	3881.729	2368.117
2.80099775920179	2.8180777455378	242.798	54.856
0.300999759200193	0.318059745552204	66.217	5.146
14.100988719209	14.118108705513	853.219	270.455
74.1009407192474	74.1178207057434	3116.452	1478.833
4.20099663920269	4.2179366256507	302.233	84.087
84.1009327192538	84.1178927056858	3562.032	1695.339
29.1009767192186	29.1178567057146	1290.084	582.992
89.100928719257	89.117928705657	3671.326	1790.358
54.1009567192346	54.1180367055706	2347.372	1046.297
84.1009327192538	84.1180727055418	3477.756	1653.815
79.1009367192506	79.1178567057146	3418.739	1582.956
59.1009527192378	59.1180727055418	2586.442	1189.379
4.20099663920269	4.2179366256507	284.12	83.796
6.30099495920403	6.31799494560404	426.971	128.056
0.100999919200065	0.117899905680075	52.189	1.689
19.1009847192122	19.1179647056282	995.118	373.994
0.200999839200129	0.21797982561614	65.418	4.011
2.80099775920179	2.8178977456818	244.62	54.403
89.100928719257	89.117928705657	3651.978	1817.895
94.1009247192602	94.1179647056282	3802.872	2164.542
0.300999759200193	0.318059745552204	66.217	5.091
0.400999679200257	0.417959665632267	71.603	6.071
24.1009807192154	24.1180007055994	1193.029	482.007
99.1009207192634	99.1180007055994	3925.427	2381.395
44.1009647192282	44.1179647056282	1896.9	854.703
0.300999759200193	0.318059745552204	67.336	5.455
69.1009447192442	69.1179647056282	3039.73	1339.397
49.1009607192314	49.1180007055994	2102.849	986.502
79.1009367192506	79.1178567057146	3354.483	1607.238
2.80099775920179	2.8180777455378	246.796	56.071
54.1009567192346	54.1180367055706	2356.887	1083.834
0.400999679200257	0.417959665632267	71.039	8.254
44.1009647192282	44.1179647056282	1976.277	881.901
0.400999679200257	0.417959665632267	73.977	6.364
39.100968719225	39.118108705513	1817.854	765.545
2.80099775920179	2.8180777455378	251.96	56.451
44.1009647192282	44.1179647056282	2060.709	849.194
0.100999919200065	0.118079905536076	52.752	1.612
34.1009727192218	34.1180727055418	1657.248	674.468
14.100988719209	14.117928705657	851.435	282.517
24.1009807192154	24.1180007055994	1198.335	465.803
59.1009527192378	59.1178927056858	2531.574	1181.543
0.600999519200385	0.617939505648396	122.554	11.884
64.100948719241	64.117928705657	2798.593	1295.142
19.1009847192122	19.1181447054842	942.787	383.222
6.30099495920403	6.31799494560404	464.355	125.834
89.100928719257	89.117928705657	3806.136	1800.329
74.1009407192474	74.1178207057434	3078.91	1486.814
34.1009727192218	34.1178927056858	1661.503	653.321
69.1009447192442	69.1179647056282	3017.681	1377.498
9.40099247920602	9.41813246549403	586.783	181.436
9.40099247920602	9.41795246563803	579.851	178.233
74.1009407192474	74.1180007055994	3035.435	1487.537
14.100988719209	14.117928705657	821.186	281.763
29.1009767192186	29.1180367055706	1307.647	579.912
14.100988719209	14.118108705513	756.02	280.58
64.100948719241	64.117928705657	2763.237	1242.09
0.200999839200129	0.21797982561614	64.216	4.196
59.1009527192378	59.1178927056858	2549.618	1185.183
29.1009767192186	29.1180367055706	1292.253	574.347
59.1009527192378	59.1178927056858	2489.464	1177.483
79.1009367192506	79.1178567057146	3378.767	1541.077
49.1009607192314	49.1180007055994	2088.292	984.166
84.1009327192538	84.1178927056858	3456.828	1702.941
24.1009807192154	24.1180007055994	1192.058	483.211
6.30099495920403	6.31799494560404	423.758	125.871
29.1009767192186	29.1178567057146	1321.119	582.89
