6.29770496183603	9.96461202831038	2644.899	162.258
43.9523248381401	46.6313026949578	4325.049	1054.107
29.0971367222906	32.7218138225489	3606.968	720.029
74.1075607139514	77.7435578051538	5771.156	1810.986
64.100048719961	67.7501457998834	5164.084	1607.579
84.1039227168618	87.7605497915602	6109.572	2110.721
54.1017967185626	57.7284738172209	4839.524	1321.938
2.79817776145779	6.43427485258012	2489.428	74.05
0.400329679736256	3.36437730849815	2163.697	13.855
0.599059520752383	3.9036568770745	2270.709	21.749
0.300809759352193	2.94191764646588	1987.145	11.258
59.1023627181098	62.7405698075442	4940.93	1481.359
4.20110663911469	7.85861371310903	2491.758	106.397
0.0997899201680639	1.43117885505692	986.382	4.197
1.89749848200121	5.53067557545954	2336.597	48.749
0.899439280448576	4.41395646883482	2375.262	26.439
14.102338718129	17.7447458042034	3012.892	351.605
9.40069247944602	13.0309095752723	2817.949	238.658
24.0971307222954	27.7403178077458	3500.634	573.406
19.1038347169322	22.7354218116626	3236.866	464.148
94.0316447746842	97.0010223991821	6562.149	3811.243
1.30203895836883	4.89293608565113	2371.651	41.004
89.072298742161	92.3492861205711	6298.532	2339.457
98.5996411202871	99.9955000036	5779.303	3799.266
79.1011667190666	82.739813808149	5982.005	1919.103
69.1034047172762	72.7307418154065	5478.587	1727.256
39.056978754417	42.185486251611	4098.279	980.799
0.201049839160129	2.36483810812951	1639.192	8.779
34.0951127239098	37.7294098164721	3930.842	821.086
49.1022207182234	52.7318578145137	4617.896	1191.747
