0.000899999280000576	0.0161999870400104	2613.622	510
0.00190999847200122	0.034379972496022	2665.369	514.938
0.00306999754400196	0.0552599557920354	2631.446	496.63
0.00411999670400264	0.0741599406720475	2682.396	513.356
0.00600999519200385	0.108179913456069	2638.198	519.514
0.00790999367200506	0.142019886384091	2651.626	512.264
0.0104199916640067	0.18737985009612	2623.199	515.319
0.0185499851600119	0.331919734464212	2641.648	496.227
0.0274799780160176	0.491579606736315	2707.674	500.648
0.0391399686880251	0.696779442576446	2667.911	495.548
0.0620699503440397	1.1010591191527	2712.478	515.908
0.0685999451200439	1.20401903678477	2652.406	517.38
0.131399894880084	2.23739821008143	2708.395	503.382
0.136949890440088	2.37851809718552	2652.135	512.255
0.3128897496882	5.21459582832334	2703.095	535.917
0.467089626328299	7.5049139960688	2696.202	510.998
0.509749592200326	7.67447386042091	2710.88	511.037
1.05861915310468	14.8894080884735	2682.753	518.413
1.59193872644902	20.2062438350049	2697.053	516.175
2.37169810264152	25.6758994592804	2707.977	521.897
3.50957719233825	30.5949355240516	2670.216	531.03
5.37730569815544	37.441410046872	2638.979	537.992
5.69173544661164	26.9236584610732	2631.688	533.326
10.6873614501108	36.4533908372873	2662.833	537.614
16.9327664537868	43.9433648453081	2651.344	523.925
25.3797496962002	50.6812994549604	2692.414	535.418
35.4884216092627	60.990611207511	2681.752	530.766
46.930242455806	78.9652168278265	2679.883	567.786
57.0956543234765	90.4331876534499	2644.382	547.172
66.8919364864508	97.4382420494064	2648.761	579.542
75.6613494709204	98.9997408002074	2641.803	576.986
83.2054334356532	99.8120801503359	2689.5	574.42
90.590777527378	100.0	2689.418	589.058
