64.099328720537	64.4624484300412	2367.608	598.451
34.1002127198298	34.4634924292061	1440.937	325.808
54.1006767194586	54.4670564263549	2113.744	498.734
19.1002447198042	19.4603244317405	934.717	184.959
0.899749280200576	1.26665898667281	68.539	10.333
44.1016147187082	44.4691444246845	1774.119	425.435
59.1005227195818	59.4647524281981	2203.876	561.975
29.0991667206666	29.4636364290909	1257.984	269.025
79.1012467190026	79.4591364326909	2815.408	726.474
99.0989007208794	99.4493804404956	3047.017	910.558
14.099228720617	14.4685684251453	808.161	131.004
74.0997707201834	74.4675604259517	2672.169	675.78
2.80012775989779	3.16331746934602	255.666	28.795
24.0994107204714	24.4582004334397	1105.483	231.231
1.30089895928083	1.66517866785707	147.53	14.163
0.599929520056384	0.962099230320616	53.641	7.39
49.1013407189274	49.4614404308477	1934.295	459.74
0.299199760640191	0.667259466192427	39.525	4.538
0.399249680600256	0.763919388864489	49.673	5.287
39.097768721785	39.4613684309053	1612.402	377.405
69.1011147191082	69.4642844285725	2565.366	630.276
4.19869664104269	4.55921635262692	407.478	40.747
94.0914847268122	94.3856244915004	3158.68	841.106
0.101039919168065	0.454859636112291	31.005	2.752
1.90201847838522	2.26673818660945	190.996	20.255
0.198379841296127	0.565019547984362	33.926	3.723
84.1000327199738	84.459532432374	3001.974	810.91
89.099738720209	89.4638884288893	3161.82	830.351
6.29987496010003	6.66431466854826	530.869	61.265
9.40063247949402	9.76589218728625	654.904	90.069
