99.0592707525834	99.2915205667835	3059.741	1708.645
9.40045247963802	9.76571218743025	962.838	89.842
0.101069919144065	0.456839634528292	148.41	2.209
44.1003547197162	44.4677044258365	1850.294	400.668
29.0988267209386	29.4566164347069	1530.127	278.399
19.0999147200682	19.4646444282845	1251.669	187.559
0.199139840688127	0.561059551152359	187.376	3.965
6.29905496075603	6.66575466739627	717.148	58.692
39.099558720353	39.4656884274493	1799.522	362.055
54.1000267199786	54.4620164303869	2208.071	496.102
0.598039521568383	0.961379230896615	308.791	6.651
94.0983347213322	94.4608644313085	3234.252	1580.115
34.0992127206298	34.4694324244541	1544.239	337.395
49.1007307194154	49.4605404315677	2062.997	471.789
0.299969760024192	0.660239471808423	257.733	4.422
59.0990627207498	59.4618724305021	2351.432	563.227
74.1005807195354	74.4634204292636	2870.28	668.944
84.1003827196938	84.4607924313661	3122.136	777.279
89.099398720481	89.4651484278813	3265.06	838.95
24.0989407208474	24.4693604245117	1285.508	230.392
0.901129279096577	1.26395898883281	313.685	9.718
1.29856896114483	1.66697866641707	448.197	14.435
2.80088775928979	3.15809747352202	453.506	27.795
4.19807664153869	4.56119635104292	706.571	40.64
14.099738720209	14.4622684301853	985.726	128.655
64.099478720417	64.4628084297533	2617.855	601.344
79.0990467207626	79.4641764286589	2944.547	753.558
69.0996447202842	69.4606844314524	2669.026	632.23
0.400209679832256	0.764279388576489	311.227	4.877
1.90001847998522	2.25557819553744	451.523	17.773
