0.000669999464000429	0.0120599903520077	9.258	0.426
0.00207999833600133	0.037439970048024	27.383	0.71
0.00310999751200199	0.0559799552160358	41.049	0.804
0.00411999670400264	0.0741599406720475	51.617	0.871
0.00564999548000362	0.101519918784065	71.477	0.593
0.00870999303200557	0.1567798745761	110.935	0.688
0.00918999264800588	0.164879868096106	113.567	0.679
0.012479990016008	0.223739821008143	154.814	1.326
0.0213099829520136	0.380879695296244	266.031	1.225
0.0413899668880265	0.739259408592473	516.346	2.277
0.0615799507360394	1.0889991288007	758.596	3.346
0.0931699254640596	1.64159868672105	1126.886	5.223
0.14085988731209	2.45339803728157	1667.093	7.189
0.17212986229611	2.93129765496188	2006.836	8.623
0.316559746752203	5.28659577072338	3614.115	19.82
0.383529693176245	5.83127533497973	4085.336	21.289
0.470229623816301	7.54343396525283	5149.149	26.801
1.06363914908868	15.0040679967456	10269.535	57.528
1.556498754801	19.5371843702525	12520.121	75.78
2.39025808779353	25.9916192067046	14721.821	112.04
3.54165716667427	31.1127951097639	15267.972	154.313
5.37653569877144	37.48515001188	16525.844	227.827
7.6490738807409	37.2509701992238	13902.574	301.097
11.8606705114636	44.2297446162043	15426.321	468.74
16.8338765328988	43.5027251978198	13070.139	603.719
24.8429001256799	49.0845207323834	12401.7	861.984
37.3083701533039	73.6278610977111	20884.999	1455.747
44.9374940500048	69.3642045086364	14844.57	1631.421
53.9440468447625	76.8989984808012	15891.156	1893.437
66.7507465994027	96.4941428046858	23319.377	2737.837
75.8723593021126	99.3860204911836	22103.366	3836.764
83.3806332954934	99.8637401090079	21314.376	4329.002
90.553007557594	100.0	17830.017	4992.136
