0.00115999907200074	0.0208799832960134	2646.668	437.048
0.00185999851200119	0.0331199735040212	2636.416	471.88
0.00275999779200177	0.0493199605440316	2553.403	440.729
0.00315999747200202	0.0557999553600357	2622.769	456.374
0.00591999526400379	0.105299915760067	2779.895	473.202
0.00914999268000586	0.160559871552103	2621.139	430.465
0.0121599902720078	0.210239831808135	2649.57	479.187
0.0184999852000118	0.319139744688204	2598.393	569.368
0.028069977544018	0.470519623584301	2643.333	466.842
0.0407899673680261	0.666179467056426	2628.3	457.535
0.0629299496560403	0.976679218656625	2631.44	458.761
0.0941999246400603	1.36457890833687	2588.673	471.297
0.141439886848091	1.85885851291319	2591.468	458.853
0.199059840752127	2.25827819337745	2628.488	478.149
0.315249747800202	3.02669757864194	2607.605	440.523
0.472099622320302	3.5944171244663	2650.897	447.122
0.708769432984454	4.12991669606664	2637.104	478.785
1.06303914956868	4.63985628811497	2600.936	455.131
1.59664872268102	5.21981582414734	2662.379	476.887
2.14689828248137	4.56173635061092	2610.051	441.277
3.5952871237703	7.24247420602063	2654.214	437.001
5.39580568335545	9.05237275810179	2603.94	440.208
8.09009352792518	11.7363506109195	2635.146	448.048
12.1403202877438	15.7861673710661	2628.487	441.18
18.2065654347477	21.833622533102	2664.218	467.594
27.3106281514975	30.9657352274118	2640.599	470.617
37.3145301483759	40.9461872430502	2641.919	477.346
47.3094221524623	50.9484192412646	2630.148	492.504
57.3110541511567	60.943451245239	2600.679	463.318
67.3111561510751	70.9536032371174	2640.63	488.536
77.3122981501615	80.9522352382118	2596.169	494.147
87.2955301635759	90.7134474292421	2652.898	487.036
97.0342723725821	99.3856604914716	2627.274	516.282
