0.000909999272000582	0.0163799868960105	2.328	0.629
0.00105999915200068	0.0190799847360122	2.49	0.448
0.00175999859200113	0.0316799746560203	2.882	0.457
0.00388999688800249	0.0696599442720446	4.507	0.552
0.00534999572000342	0.0962999229600616	5.91	0.663
0.00940999247200602	0.169019864784108	8.7	0.789
0.0119399904480076	0.214199828640137	11.24	0.818
0.0145699883440093	0.260279791776167	13.562	0.94
0.023389981288015	0.417959665632267	16.605	1.615
0.0269799784160173	0.479339616528307	17.772	1.732
0.0630699495440404	1.11617910705671	35.744	5.467
0.0707199434240453	1.24163900668879	49.725	4.47
0.108289913368069	1.8757784993772	61.898	7.001
0.209419832464134	3.5917171266263	119.391	14.147
0.292599765920187	4.87565609947512	181.976	18.523
0.414069668744265	6.27227498218001	235.537	28.845
0.461149631080295	7.38737409010073	271.396	33.194
0.75075939939248	10.3636717090626	359.495	48.878
1.59276872578502	20.242423806061	859.357	128.223
2.38944808844153	26.0308591753127	966.318	180.984
3.56493714805028	31.6274146980682	1290.135	219.109
5.12018590385128	33.7294530164376	1398.723	245.938
8.06901354478916	42.4635860291312	1777.226	327.358
9.8439021248783	33.4112132710294	1517.239	259.745
18.1775854579316	54.0827567337946	2330.852	437.849
26.9613284309373	59.0865727307418	2576.496	507.207
36.1851410518872	63.8419889264089	2827.741	543.659
44.7450242039806	68.808184953452	3064.495	641.659
57.1359342912526	91.0462671629863	3963.068	799.972
66.8720365023708	97.4015220787823	4279.13	1576.9
75.7588193929445	99.2173606261115	4531.823	1690.424
84.0356727714618	99.980560015552	4507.846	1640.085
90.600357519714	100.0	4672.302	1666.627
