25.027409978072	91.8620265103788	15620.658	1155.422
0.0081299934960052	0.146339882928094	36.291	0.905
66.5483067613546	99.992620005904	18528.226	3065.265
0.0178799856960114	0.321479742816206	79.066	1.403
78.6490670807463	100.0	19584.402	3474.039
0.00623999500800399	0.112139910288072	28.53	0.865
0.377469698024242	6.46883482493214	1558.793	23.267
0.543669565064348	8.84753292197366	2156.638	32.53
0.253039797568162	4.41161647070682	1056.335	14.536
0.0305099755920195	0.548099561520351	135.566	2.107
1.4086188731049	21.5949427240458	5272.048	80.934
0.0158299873360101	0.284759772192182	71.233	2.266
12.6033299173361	64.7284882172094	11834.163	578.013
4.70657623473901	43.0397655681875	8149.105	233.675
0.167579865936107	2.94785764171389	713.355	8.724
1.7223786220971	24.3619005104796	5995.904	91.362
43.1321454942836	98.9014608788313	18688.416	2021.87
3.86786690570648	41.9973864020909	8931.623	201.191
0.00434999652000278	0.0779399376480499	20.38	0.705
0.00154999876000099	0.0278999776800179	8.105	0.541
0.0815099347920522	1.45187883849693	355.965	4.576
0.0034299972560022	0.0617399506080395	16.653	0.697
73.0306815754547	99.999280000576	20437.954	3277.824
8.41657326674139	57.819913744069	10508.146	396.697
0.00195999843200125	0.0352799717760226	11.139	0.557
50.9293392565286	99.3889004888796	18485.672	2395.45
0.0389699688240249	0.697319442144446	172.844	2.466
34.6501422798862	97.8311817350546	17777.41	1571.465
0.595509523592381	9.96695202643838	2556.749	35.614
0.000479999616000307	0.00863999308800553	3.461	0.468
3.24303740557008	41.4032068774345	10035.316	169.434
59.1959126432699	99.91810006552	18021.089	2770.043
0.112389910088072	1.99691840246528	489.052	6.302
