0.0627199498240401	0.979559216352627	88.05	3.841
0.210859831312135	2.40965807227354	349.304	10.427
0.00931999254400596	0.163439869248105	14.151	0.853
0.0198499841200127	0.341639726688219	29.061	1.118
18.2014654388277	21.7191426246859	1708.298	427.919
2.40086807930554	6.04745516203587	1013.93	64.407
0.00607999513600389	0.107819913744069	10.357	0.648
67.3103461517231	70.9554032356774	3977.545	1567.432
0.474199620640303	3.5922571261943	748.731	18.145
57.3080141535887	60.952091238327	3561.154	1329.725
1.06339914928068	4.61393630885095	909.705	33.442
0.00272999781600175	0.0489599608320313	5.809	0.468
0.0938699249040601	1.37087890329688	127.816	4.715
87.0704603436317	89.5220283823773	4611.512	2045.31
37.3119001504799	40.9420472463622	2545.302	864.992
77.3089281528575	80.9434152452678	4437.178	1790.078
0.314979748016202	3.02489758008194	599.146	13.867
97.1004323196541	99.5213803828957	5288.074	3762.519
0.00192999845600124	0.034379972496022	4.658	0.49
0.00382999693600245	0.0682199454240437	7.203	0.526
12.1306902954478	15.7784273772581	1445.873	299.187
8.09211352630918	11.7174506260395	1282.785	194.36
3.5971471222823	7.21403422877262	1084.732	93.913
0.710969431224455	4.13333669333065	845.729	24.712
0.0417799665760267	0.682199454240437	57.544	2.694
1.60126871898502	5.21549582760334	964.05	46.348
47.3129621496303	50.9543592365126	3053.032	1089.469
5.39844568124346	9.04301276558979	1164.896	133.459
0.139359888512089	1.83689853048118	213.126	7.357
0.00110999911200071	0.0199799840160128	3.712	0.419
27.3060081551935	30.9534952372038	2201.713	632.247
0.0126099899120081	0.220859823312141	19.468	1.245
0.0272399782080174	0.458639633088294	40.327	1.558
