34.1009727192218	34.1178927056858	1585.796	303.144
74.1009407192474	74.1180007055994	2783.121	655.617
84.1009327192538	84.1178927056858	3053.706	728.871
0.100999919200065	0.117899905680075	15.377	1.343
24.1009807192154	24.1178207057434	1271.822	212.367
94.1009247192602	94.1179647056282	3170.531	825.926
64.100948719241	64.117928705657	2474.411	561.21
79.1009367192506	79.1180367055706	2997.895	682.664
4.20099663920269	4.2179366256507	399.823	37.34
99.1009207192634	99.1180007055994	2993.837	864.284
69.1009447192442	69.1179647056282	2660.251	593.152
0.300999759200193	0.318059745552204	44.879	2.963
89.100928719257	89.117928705657	3210.688	789.453
54.1009567192346	54.1178567057146	2180.623	472.067
0.200999839200129	0.21797982561614	19.687	2.142
0.400999679200257	0.418139665488268	48.674	3.847
0.600999519200385	0.617939505648396	78.414	5.48
44.1009647192282	44.1179647056282	1894.891	385.64
2.80099775920179	2.8180777455378	311.069	25.254
49.1009607192314	49.1180007055994	2073.222	442.6
14.100988719209	14.117928705657	952.303	123.974
9.40099247920602	9.41795246563803	737.807	86.834
1.90099847920122	1.91807846553723	236.732	17.577
19.1009847192122	19.1179647056282	1088.808	168.764
29.1009767192186	29.1178567057146	1409.73	260.634
39.100968719225	39.118108705513	1738.835	358.564
1.30099895920083	1.31795894563284	151.741	11.852
59.1009527192378	59.1180727055418	2371.392	524.797
6.30099495920403	6.31799494560404	609.4	56.901
0.900999279200577	0.917999265600588	126.232	8.474
