0.000899999280000576	0.0161999870400104	5.184	0.442
0.000929999256000595	0.0167399866080107	2.616	0.552
0.000979999216000627	0.0176399858880113	2.243	0.422
0.00104999916000067	0.0188999848800121	3.216	0.425
0.00185999851200119	0.0334799732160214	3.888	0.476
0.00190999847200122	0.0341999726400219	9.92	0.447
0.00192999845600124	0.0347399722080222	3.393	0.588
0.00198999840800127	0.0358199713440229	4.823	0.618
0.00300999759200193	0.0536399570880343	14.683	0.553
0.00300999759200193	0.0538199569440344	4.644	0.563
0.00316999746400203	0.0565199547840362	6.508	0.487
0.00337999729600216	0.0606599514720388	4.571	0.535
0.00400999679200257	0.0719999424000461	5.315	0.759
0.710739431408455	4.11677670657863	744.776	24.531
0.712189430248456	4.11317670945863	812.304	23.205
0.715409427672458	4.11785670571464	1200.137	23.573
1.06179915056068	4.61195631043495	1235.503	28.357
1.06634914692068	4.62527629977896	1057.486	33.856
1.06730914615268	4.64147628681897	907.016	28.204
1.06731914614468	4.62635629891496	738.513	33.475
1.55122875901699	4.65695627443498	1142.201	42.518
1.59384872492102	5.20145583883533	824.074	46.709
1.59475872419302	5.20775583379533	1390.433	41.358
1.59629872296102	5.22197582241934	916.987	40.928
2.29204816636147	5.06969594424324	797.244	56.57
2.39568808344953	6.03287517369986	869.985	66.386
2.39810808151353	6.02009518392385	1441.322	61.21
2.39842808125753	6.02495518003586	1345.305	64.845
