44.0976947218442	47.7437018050386	4361.563	1157.255
98.5996411202871	99.9955000036	5864.345	2481.662
0.300159759872192	2.95469763624189	1974.05	13.677
74.0997207202234	77.7257378194097	5726.466	1945.553
84.1015727187418	87.7479498016402	6149.493	2189.33
79.1043867164906	82.753493797205	5933.404	2072.488
4.20082663933869	7.85339371728503	2550.068	116.741
1.29481896414483	4.89959608032314	2393.99	39.406
24.1060507151594	27.7458978032818	3547.588	613.679
0.399309680552256	3.37139730288216	2187.644	18.591
49.0914807268154	52.5982979213617	4602.368	1233.165
54.1012767189786	57.745393803685	4915.98	1359.604
9.40340247727802	13.0528695577044	2787.355	247.544
2.8048377561298	6.45641483486813	2504.134	79.496
0.201919838464129	2.35493811604951	1615.925	9.792
64.084828732137	67.4875260099792	5217.789	1618.246
0.100369919704064	1.43999884800092	1017.28	5.532
94.1008647193082	97.7208418233265	6559.026	2457.118
1.90284847772122	5.54183556653155	2429.197	59.334
34.0642527485978	37.2781501774799	3676.41	869.932
0.900379279696576	4.42151646278683	2303.273	32.176
6.18259505392396	8.93375285299772	2054.879	164.199
39.098348721321	42.7616657906674	4164.573	1039.949
59.1029427176458	62.7328298137361	5149.693	1486.524
69.0993147205482	72.7282218174226	5577.996	1735.216
19.1023747181002	22.7478418017266	3237.269	499.464
89.088808728953	92.5219059824752	6380.672	2248.692
14.102888717689	17.7287258170193	2979.285	384.135
29.0996467202826	32.7119138304689	3661.71	754.901
0.600839519328385	3.91895686483451	2255.303	20.851
