0.0897699281840574	1.58129873496101	62.118	9.02
35.932251254199	62.6246499002801	1945.987	520.05
0.710189431848455	10.8376113299109	354.532	53.695
27.2870681703455	63.5086291930966	1955.164	499.188
74.2035606371515	96.4073828740937	2804.969	833.814
0.0271499782800174	0.48473961220831	23.224	3.096
0.00168999864800108	0.0304199756640195	3.086	0.589
0.211319830944135	3.61799710560232	133.302	17.701
8.08331353334917	42.5831059335153	1400.113	310.101
0.0618399505280396	1.0949391240487	39.467	5.982
64.7873881700895	88.8214689428249	2652.124	749.476
0.0129999896000083	0.233099813520149	11.387	1.864
0.000929999256000595	0.0167399866080107	2.568	0.506
0.00489999608000314	0.0880199295840563	5.535	1.17
2.24222820621744	23.7875209699832	722.322	171.778
17.5761359390912	47.6070819143345	1516.351	389.3
83.3781132975094	99.8579801136159	2843.873	820.866
3.57309714152229	31.7544945964043	992.917	229.24
0.14032988773609	2.44385804491356	86.231	13.122
1.06388914888868	15.0224279820576	478.565	95.688
0.0181699854640116	0.325799739360209	15.048	2.405
5.37847569721944	37.421070063144	1258.593	269.307
0.00830999335200532	0.149399880480096	7.583	1.12
11.010681191455	37.9716896226483	1173.923	285.76
0.0409699672240262	0.729899416080467	26.784	3.63
0.00416999666400267	0.075059939952048	4.885	0.783
0.00304999756000195	0.0548999560800351	4.566	0.808
0.467419626064299	7.53065397547682	247.24	38.373
0.296049763160189	4.93649605080316	183.484	25.392
90.5317275746179	100.0	2730.685	850.271
56.8496345202924	88.0591695526644	2645.075	700.482
44.3472645221884	67.7652657877874	2071.819	583.064
1.54074876740099	19.2504445996443	582.7	128.491
