0.000599999520000384	0.0107999913600069	3.608	0.389
0.00115999907200074	0.0208799832960134	3.153	0.434
0.00252999797600162	0.0455399635680291	4.932	0.499
0.00252999797600162	0.0455399635680291	5.644	0.997
0.0035899971280023	0.0646199483040414	6.44	0.49
0.00662999469600424	0.119339904528076	10.688	0.926
0.00801999358400513	0.143999884800092	12.667	0.684
0.0132799893760085	0.238139809488152	18.646	0.962
0.017259986192011	0.309959752032198	25.717	1.185
0.0363399709280233	0.651239479008417	49.364	2.204
0.0518099585520332	0.92213926228859	68.662	3.154
0.0548499561200351	0.981539214768628	73.264	3.067
0.102989917608066	1.82681853854517	137.125	6.529
0.105219915824067	1.85669851464119	136.289	8.264
0.216889826488139	3.78197697441842	277.706	15.459
0.36006971194423	6.16265506987594	440.667	25.581
0.638789488968409	10.7033314373348	780.786	46.176
0.71831942534446	11.6236707010634	899.952	49.91
0.975369219704624	14.9911080071136	1130.598	86.74
2.17292826165739	30.9407152474278	2374.76	206.499
2.17474826020139	27.8922376862098	2002.562	181.885
4.16418666865067	45.1589038728769	2850.718	311.811
5.02906597674722	45.368243705405	2100.713	300.155
10.3984116812707	70.7187034250373	2792.089	499.952
14.054168756665	70.6744234604612	2675.128	513.359
24.2435906051275	88.4368092505526	2962.69	665.248
34.6915022467982	97.9512416390067	2832.673	978.19
41.7233566213147	96.895542483566	2909.753	957.919
51.3294089364729	99.6056203155037	2800.642	985.463
59.6013523189181	99.97210002232	2767.185	992.24
65.4834976132019	99.945460043632	2899.817	1000.954
73.0103515917187	99.999280000576	2783.633	1042.633
78.6712570629943	100.0	2908.741	1050.651
