52.9328776536979	99.998920000864	39562.094	3756.017
46.837242530206	99.988480009216	41710.548	3294.835
19.5940043247965	97.5748619401105	40425.785	1308.821
0.940009247992602	15.3773876980898	10487.995	54.836
0.881539294768564	14.7032882373694	10249.95	51.836
0.521629582696334	8.94473284421372	6088.686	31.789
0.259389792488166	4.56551634758692	3179.163	16.243
55.5516355586916	99.999640000288	40409.007	3815.577
29.3914464868428	99.6787002570398	40044.494	2039.737
8.88642289086169	79.1380166895866	37955.246	465.956
35.1593318725345	99.8554601156319	40218.667	2370.954
22.9595516323587	98.8121809502552	40339.282	1614.282
0.10877991297607	1.94021844782524	1360.921	6.022
0.053199957440034	0.95273923780861	666.039	2.843
50.00579999536	99.99640000288	40286.361	3484.565
60.5333015733587	99.999820000144	39969.388	4214.546
58.0878135297492	99.999820000144	39830.576	4145.238
26.0351391718887	99.2785605771515	40335.267	1838.204
0.409689672248262	7.12727429818056	4846.902	22.514
41.7153666277067	99.981460014832	41459.459	2924.513
38.7262490190008	99.961120031104	41224.665	2664.58
14.5704583436333	91.1303270957383	40062.243	748.73
0.182619853904117	3.23207741433807	2211.602	9.357
3.20010743991405	42.3253461397231	28342.329	174.512
2.45279803776157	35.3114717508226	24213.227	135.552
1.8687785049772	28.6421170863063	19678.176	107.015
12.5780199375841	89.8318081345535	39586.25	663.513
43.782194974244	99.97210002232	41378.092	3032.608
31.283494973204	99.5536003571197	39399.28	2059.3
6.06729514616388	66.4680068255945	38294.407	307.422
