58.0713635429092	99.999820000144	39710.057	3405.39
0.145919883264093	2.58281793374565	1764.932	9.025
35.4008316793347	99.8853400917279	39044.9	2080.366
40.0979079216737	99.8988400809279	41808.207	2267.586
16.0980571215543	94.9448840440928	39154.313	936.137
46.6132427094058	99.983440013248	39414.249	2644.518
19.0082347934122	96.6842226526219	40170.558	1113.616
60.5310715751427	99.999820000144	39703.457	3436.513
52.7090478327617	99.99820000144	40079.218	3087.307
9.59218232625414	83.0380735695411	39188.746	553.243
1.05969915224068	17.256406194875	12078.432	66.151
11.2227010218392	84.5590723527421	37236.255	644.813
0.807829353736517	13.5147491882006	9265.238	53.421
37.1566602746718	99.8329601336319	42078.99	2104.459
2.55570795543364	36.5574307540554	25586.802	149.574
32.5285639771488	99.8398001281599	40530.039	1913.154
0.477489618008306	8.19287344570124	5717.313	31.069
49.8824800940159	99.995860003312	40338.589	2936.955
0.245759803392157	4.32737653809877	3018.429	17.861
22.4018020785583	98.3202413438069	39844.881	1277.098
0.0674799460160432	1.20617903505677	845.622	4.528
6.18466505226796	67.3150861479311	39148.876	360.182
0.106029915176068	1.88927848857721	1326.784	7.127
28.7611469910824	99.4600004319997	39442.447	1642.136
0.322009742392206	5.6222955021636	3884.054	22.538
26.1213991028807	99.3505605195516	40992.453	1465.556
43.8751848998521	99.970120023904	38884.454	2564.217
55.4088756728995	99.999460000432	40489.627	3230.564
1.554688756249	24.1325806939354	16598.726	92.749
3.99978680017056	51.2151790278568	34399.584	237.273
