0.00903999276800579	0.159479872416102	279.843	4.331
77.1746082603134	79.8812360950111	6333.126	4522.128
87.2559801952158	90.3550677159458	7142.223	5688.488
0.0942199246240603	1.37339890128088	887.273	28.981
0.212289830168136	2.42657805873755	953.503	38.947
0.06257994993604	0.972179222256622	881.249	23.643
12.1358602913118	15.7604273916581	1809.401	736.185
2.39494808404153	6.02567517945986	1042.953	143.089
1.07035914371268	4.64885628091498	901.352	74.138
0.315089747928202	3.01157759073793	871.467	45.499
97.2266122187102	99.9065800747359	7823.6	6628.653
27.3055881555295	30.9423352461318	2984.294	1632.721
1.59575872339302	5.19389584488332	949.896	100.482
0.00210999831200135	0.0377999697600242	27.51	0.8
0.000899999280000576	0.0161999870400104	12.643	0.511
0.710919431264455	4.11407670873863	939.42	62.573
18.2081654334677	21.825702539438	2237.278	1078.164
57.3137341490127	60.951011239191	5215.769	3309.156
5.39578568337145	9.02663277869378	1368.982	306.031
3.39584728332217	5.90597527521978	831.384	191.77
37.3108501513199	40.9557272354182	3719.574	2127.415
0.0129899896080083	0.226259818992145	411.228	5.206
0.00604999516000387	0.106559914752068	209.622	2.825
67.3178461457231	70.9487432410054	5855.801	3755.386
0.0195899843280125	0.336959730432216	541.884	9.419
8.09219352624518	11.7251906198475	1584.739	473.051
0.0413599669120265	0.678059457552434	816.562	17.516
0.474109620712303	3.5954971236023	917.347	50.01
0.142979885616092	1.8718185025452	865.152	36.986
0.00403999676800259	0.0714599428320457	135.584	1.881
0.00316999746400203	0.0565199547840362	77.372	1.309
47.3153521477183	50.9581392334886	4381.073	2703.939
0.028079977536018	0.474839620128304	693.119	12.062
