0.0949999240000608	0.111959910432072	31.199	1.071
3.5979971216023	3.61403710877031	425.796	31.635
0.013999988800009	0.0300599759520192	16.6	0.513
0.0429999656000275	0.0599399520480384	23.164	0.716
0.210999831200135	0.227879817696146	48.122	1.831
0.0049999960000032	0.0221399822880142	15.04	0.435
0.0949999240000608	0.111959910432072	32.103	0.97
0.316999746400203	0.334079732736214	97.63	2.713
0.0949999240000608	0.112139910288072	32.299	1.097
0.14099988720009	0.158039873568101	38.633	1.858
0.0289999768000186	0.0460799631360295	21.513	0.65
0.0429999656000275	0.0599399520480384	23.951	0.674
0.00899999280000576	0.0259199792640166	16.145	0.467
0.013999988800009	0.0300599759520192	16.792	0.517
0.063999948800041	0.0800999359200513	27.677	0.884
3.5969971224023	3.61403710877031	428.865	31.118
0.0949999240000608	0.111959910432072	32.637	1.013
0.013999988800009	0.0320399743680205	17.453	0.476
0.0289999768000186	0.0460799631360295	22.588	0.655
0.141999886400091	0.160019871984102	39.86	1.31
0.0199999840000128	0.035999971200023	19.497	0.533
5.39599568320345	5.41403566877147	672.545	47.327
8.09299352560518	8.11007351194119	686.294	71.627
5.39499568400345	5.41205567035546	670.089	48.888
8.09299352560518	8.11007351194119	677.41	68.494
0.316999746400203	0.334079732736214	96.393	2.871
0.211999830400136	0.228059817552146	49.507	1.904
0.211999830400136	0.229859816112147	51	1.896
0.0049999960000032	0.0221399822880142	15.462	0.444
0.0099999920000064	0.0260999791200167	16.118	0.549
0.00399999680000256	0.0219599824320141	14.882	0.465
0.316999746400203	0.334079732736214	98.816	2.874
0.0199999840000128	0.035999971200023	19.182	0.543
0.0429999656000275	0.0599399520480384	25.051	0.763
5.39499568400345	5.41205567035546	682.268	48.183
0.063999948800041	0.0820799343360525	28.589	0.96
0.063999948800041	0.0820799343360525	28.721	0.814
0.473999620800303	0.489959608032314	171.881	3.855
0.0289999768000186	0.0460799631360295	21.927	0.657
0.474999620000304	0.491939606448315	170.445	4.005
0.316999746400203	0.334079732736214	100.107	2.845
0.141999886400091	0.158039873568101	40.739	1.513
0.013999988800009	0.0320399743680205	17.324	0.533
0.00399999680000256	0.0219599824320141	14.814	0.424
0.0199999840000128	0.035999971200023	19.684	0.519
0.711999430400456	0.727919417664466	274.59	6.294
0.0049999960000032	0.0219599824320141	15.148	0.427
0.210999831200135	0.228059817552146	49.497	1.701
0.00599999520000384	0.0219599824320141	15.803	0.473
0.711999430400456	0.728099417520466	277.726	6.061
0.00899999280000576	0.0259199792640166	18.431	0.456
3.5969971224023	3.61385710891431	438.137	31.906
0.474999620000304	0.491939606448315	171.654	3.894
0.0429999656000275	0.0601199519040385	26.002	0.642
0.00699999440000448	0.0241199807040154	16.111	0.446
0.00399999680000256	0.0199799840160128	14.333	0.408
0.00399999680000256	0.0221399822880142	15.525	0.514
0.0099999920000064	0.028079977536018	17.029	0.559
8.09199352640518	8.10791351366919	692.343	71.266
0.141999886400091	0.158039873568101	41.06	1.372
5.39599568320345	5.41205567035546	674.622	47.965
0.0049999960000032	0.0219599824320141	15.359	0.46
8.09299352560518	8.10989351208519	705.173	71.609
0.00699999440000448	0.0239399808480153	15.723	0.487
0.063999948800041	0.0820799343360525	29.097	1.208
0.474999620000304	0.491939606448315	173.051	4.05
0.00699999440000448	0.0241199807040154	16.258	0.481
0.0199999840000128	0.035999971200023	19.731	0.559
0.0289999768000186	0.0458999632800294	22.718	0.662
3.5979971216023	3.61403710877031	442.677	33.188
