0.00397999681600255	0.0710999431200455	7.41	0.767
0.00419999664000269	0.0745199403840477	19.464	0.692
0.00420999663200269	0.0745199403840477	7.722	0.812
0.00598999520800383	0.106559914752068	27.444	0.86
0.00604999516000387	0.106919914464068	9.507	0.897
0.00613999508800393	0.10889991288007	10.328	0.942
0.00651999478400417	0.114659908272073	11.964	0.921
0.00847999321600543	0.149579880336096	37.843	1.046
0.00877999297600562	0.153899876880098	14.477	1.067
0.00893999284800572	0.158579873136102	13.958	1.092
0.00902999277600578	0.158399873280101	13.578	1.17
0.012519989984008	0.21851982518414	56.71	1.284
0.0131499894800084	0.229139816688147	18.566	2.03
0.0133199893440085	0.232199814240149	19.287	1.46
0.0137999889600088	0.238679809056153	18.958	1.479
0.0184599852320118	0.316979746416203	26.318	2.258
0.0185599851520119	0.320219743824205	28.99	1.828
0.0193099845520124	0.329039736768211	83.231	1.676
0.0197799841760127	0.341279726976218	29.242	2.917
0.028129977496018	0.474119620704303	39.004	2.698
0.0282999773600181	0.478079617536306	38.866	2.432
0.0288999768800185	0.482579613936309	41.355	2.364
0.0290799767360186	0.489059608752313	119.506	2.139
0.0420199663840269	0.68687945049644	60.226	3.2
0.0420299663760269	0.682559453952437	56.367	3.746
0.042149966280027	0.684539452368438	56.107	4.561
0.0428199657440274	0.692099446320443	158.116	3.148
0.0614899508080394	0.95255923795261	207.364	3.842
0.0615799507360394	0.96839922528062	79.267	4.212
0.0617599505920395	0.96875922499262	83.092	5.711
0.0634299492560406	0.992159206272635	86.778	5.845
0.0925099259920592	1.34351892518486	110.45	6.277
0.0926899258480593	1.34387892489686	286.837	5.64
0.0927199258240593	1.35035891971286	118.148	5.801
0.0934799252160598	1.35323891740887	110.706	7.794
0.14031988774409	1.84589852328118	151.731	10.063
0.14114988708009	1.85813851348919	145.316	8.003
0.14122988701609	1.85813851348919	364.222	7.29
0.141539886768091	1.83563853148917	153.009	7.645
0.209439832448134	2.41955806435355	432.122	9.833
0.211079831136135	2.42711805830555	181.023	13.069
0.213099829520136	2.43719805024156	178.275	11.883
0.213519829184137	2.43233805412956	195.691	10.504
0.315609747512202	3.02399758080194	491.965	13.688
0.315809747352202	3.01769758584193	238.038	13.999
0.316039747168202	3.01679758656193	185.044	13.619
0.317709745832203	3.03587757129794	249.452	15.516
0.474169620664303	3.5899171280663	197.783	19.393
0.475559619552304	3.60521711582631	528.19	17.626
0.476069619144305	3.61367710905831	267.866	19.426
0.479789616168307	3.62033710373032	266.579	17.605
0.706719434624452	4.11407670873863	347.957	21.432
3.5936071251143	7.24031420774863	846.578	49.534
3.5936771250583	7.21655422675662	552.173	55.143
3.5979471216423	7.21799422560462	509.35	52.074
3.60361711710631	7.24823420141264	591.931	52.127
5.38581569134745	9.02375278099777	670.946	66.941
5.39090568727545	9.03239277408578	622.411	71.057
5.39615568307545	9.04499276400579	872.687	68.911
5.40080567935546	9.04445276443779	669.855	68.832
8.08368353305317	11.7237506209995	728.12	95.952
8.08900352879718	11.7334706132235	758.921	93.21
8.09044352764518	11.7536305970955	920.782	88.642
8.09175352659718	11.7167306266155	892.854	100.362
