0.000689999448000442	0.0124199900640079	10.015	0.612
0.00212999829600136	0.0383399693280245	27.629	0.752
0.00305999755200196	0.0550799559360352	39.405	0.894
0.00428999656800275	0.0772199382240494	56.246	1.152
0.00595999523200381	0.106739914608068	212.495	3.53
0.00617999505600396	0.111059911152071	200.901	3.577
0.0132799893760085	0.238499809200153	386.932	6.196
0.017129986296011	0.305819755344196	624.052	8.798
0.020349983720013	0.363779708976233	816.176	10.86
0.0418499665200268	0.745019403984477	1682.765	21.501
0.0629899496080403	1.11581910734471	2413.459	31.543
0.0932599253920597	1.64051868758505	3349.551	45.996
0.14104988716009	2.45267803785757	4262.182	66.23
0.165559867552106	2.82077774337781	3491.846	76.779
0.276559778752177	4.59071632742694	3827.279	121.29
0.4691196247043	7.53677397058082	5238.686	184.932
0.629299496560403	9.49589240328608	3736.753	213.239
1.06178915056868	15.0098279921376	4957.766	296.028
1.38191889446488	16.9432064454348	2802.082	305.181
2.38900808879353	26.0976391218887	4148.741	368.454
2.73013781588975	22.6313818948945	2596.118	291.277
5.38920568863545	37.5998099201521	4417.141	536.31
8.07725353819717	42.6066859146513	4723.125	653.081
12.1240003007998	47.7411818070546	4969.592	894.971
14.8938380849295	37.556969954424	3802.658	914.661
24.938410049272	49.3658605073116	4942.483	1528.558
34.9590220327824	59.349192520646	5893.362	2152.729
47.2398322081342	82.4647740281808	7893.483	3210.719
57.1079843136125	90.4488476409219	7768.267	3676.114
66.8171365462908	96.9634024292781	8386.451	4182.62
74.3415905267276	96.6613626709099	8155.529	4649.413
83.1126835098532	99.7845401723679	8735.836	5027.739
90.564977548018	100.0	8686.812	5593.295
