27.3109781512175	27.3279381376495	1259.195	549.211
18.2079854336117	18.2240854207317	913.228	364.701
3.5969971224023	3.61403710877031	288.282	71.882
0.0099999920000064	0.0260999791200167	20.045	0.476
47.3109621512303	47.3280821375343	2048.461	916.062
0.00699999440000448	0.0241199807040154	17.928	0.452
97.3109221512623	97.3279021376783	3810.389	2322.847
47.3109621512303	47.3279021376783	2016.977	944.253
0.0049999960000032	0.0219599824320141	16.895	0.438
0.474999620000304	0.491939606448315	69.356	7.067
0.00699999440000448	0.0241199807040154	18.27	0.464
57.3109541512367	57.3277941377647	2416.985	1144.582
0.0049999960000032	0.0219599824320141	16.693	0.473
57.3109541512367	57.3279741376207	2429.701	1158.049
0.0049999960000032	0.0219599824320141	16.279	0.486
3.5979971216023	3.61403710877031	272.65	71.353
0.141999886400091	0.160019871984102	52.912	3.223
0.0199999840000128	0.035999971200023	27.975	0.578
0.0289999768000186	0.0458999632800294	38.479	0.688
0.0429999656000275	0.0599399520480384	46.536	0.765
57.3109541512367	57.3277941377647	2433.35	1146.08
0.0949999240000608	0.111959910432072	51.934	1.622
0.0429999656000275	0.0599399520480384	47.017	0.854
0.0429999656000275	0.0601199519040385	47.452	0.84
0.0099999920000064	0.0278999776800179	20.895	0.497
97.3109221512623	97.3279021376783	3891.549	2304.74
12.1389902888078	12.1559302752558	734.701	236.072
0.473999620800303	0.489959608032314	72.4	7.504
0.316999746400203	0.333899732880214	66.6	5.532
0.063999948800041	0.0818999344800524	48.202	0.99
47.3109621512303	47.3279021376783	2061.964	950.319
87.3109301512559	87.3278301377359	3558.108	1756.243
0.0199999840000128	0.0379799696160243	31.064	0.59
77.3109381512495	77.3279381376495	3293.978	1513.791
37.3099701520239	37.3258501393199	1636.229	727.897
87.3109301512559	87.3280101375919	3628.083	1781.758
67.3109461512431	67.3278661377071	2851.64	1362.827
5.39599568320345	5.41187567049946	418.177	106.701
67.3109461512431	67.3278661377071	2915.176	1363.137
0.0289999768000186	0.0460799631360295	38.197	0.674
5.39599568320345	5.41205567035546	403.534	109.42
57.3109541512367	57.3279741376207	2461.698	1182.3
0.063999948800041	0.0800999359200513	47.469	1.794
8.09299352560518	8.11007351194119	539.032	160.21
97.3109221512623	97.3279021376783	3853.705	2326.201
47.3109621512303	47.3280821375343	2007.322	945.254
8.09299352560518	8.11007351194119	579.205	160.5
3.5969971224023	3.61385710891431	268.553	67.714
27.3109781512175	27.3279381376495	1257.084	542.055
0.211999830400136	0.227879817696146	63.72	4.27
0.0119999904000077	0.0298799760960191	22.097	0.492
87.3109301512559	87.3278301377359	3656.89	1749.881
0.013999988800009	0.0300599759520192	23.031	0.554
0.0199999840000128	0.035999971200023	27.218	0.649
0.210999831200135	0.228059817552146	65.592	3.681
37.3099701520239	37.3260301391759	1595.051	747.43
0.316999746400203	0.333899732880214	72.053	4.943
0.00599999520000384	0.0239399808480153	18.341	0.421
5.39599568320345	5.41403566877147	396.669	106.06
77.3109381512495	77.3279381376495	3313.426	1567.559
0.0429999656000275	0.0599399520480384	48.843	0.861
0.013999988800009	0.0300599759520192	23.412	0.612
0.063999948800041	0.0820799343360525	49.055	0.973
0.0099999920000064	0.0259199792640166	19.185	0.496
87.3109301512559	87.3278301377359	3582.061	1757.71
0.0949999240000608	0.112139910288072	52.915	1.55
0.0289999768000186	0.0460799631360295	39.017	0.707
97.3109221512623	97.3279021376783	3793.063	2315.982
0.141999886400091	0.158039873568101	54.398	1.956
27.3109781512175	27.3279381376495	1324.477	525.668
0.141999886400091	0.160019871984102	54.008	1.935
0.013999988800009	0.0298799760960191	22.592	0.555
0.316999746400203	0.333899732880214	68.74	4.722
0.063999948800041	0.0820799343360525	49.871	0.967
0.211999830400136	0.230039815968147	65.524	4.117
0.710999431200455	0.728099417520466	125.213	11.689
8.09299352560518	8.11007351194119	532.674	156.462
0.0179999856000115	0.035999971200023	27.358	0.599
0.00399999680000256	0.0221399822880142	17.403	0.499
67.3109461512431	67.3278661377071	2922.601	1312.847
27.3109781512175	27.3279381376495	1267.718	549.167
0.210999831200135	0.228059817552146	65.833	3.792
0.0949999240000608	0.112139910288072	53.173	1.521
37.3109701512239	37.3280101375919	1578.507	744.993
0.0099999920000064	0.0260999791200167	20.014	0.476
0.0049999960000032	0.0219599824320141	17.255	0.474
67.3109461512431	67.3278661377071	2831.998	1355.968
37.3099701520239	37.3280101375919	1700.766	722.354
3.5979971216023	3.61403710877031	262.223	69.621
0.474999620000304	0.492119606304315	70.314	7.367
0.00699999440000448	0.0239399808480153	18.5	0.447
0.474999620000304	0.492119606304315	74.056	7.238
77.3109381512495	77.3279381376495	3193.543	1580.495
5.39499568400345	5.41187567049946	412.815	107.485
0.00399999680000256	0.0199799840160128	15.651	0.452
12.1389902888078	12.1561102751118	680.025	245.728
12.1389902888078	12.1561102751118	717.575	241.921
77.3109381512495	77.3279381376495	3398.834	1493.916
0.316999746400203	0.334079732736214	68.584	4.942
0.711999430400456	0.727919417664466	128.136	13.341
8.09199352640518	8.10809351352519	523.597	165.16
18.2079854336117	18.2240854207317	922.413	347.508
18.2079854336117	18.2260654191477	936.678	362.812
0.14099988720009	0.158039873568101	53.619	2.048
12.1389902888078	12.1559302752558	711.105	245.297
0.0279999776000179	0.0439199648640281	41.932	0.643
0.0949999240000608	0.111959910432072	53.155	1.495
18.2079854336117	18.2240854207317	927.736	357.808
