0.000719999424000461	0.0129599896320083	10.213	0.476
0.000719999424000461	0.0129599896320083	10.237	0.521
0.000729999416000467	0.0131399894880084	10.649	0.506
0.000789999368000506	0.0142199886240091	10.875	0.534
0.00134999892000086	0.0242999805600156	17.535	0.501
0.00166999866400107	0.0300599759520192	21.733	0.567
0.00169999864000109	0.0305999755200196	22.481	0.676
0.0017199986240011	0.0309599752320198	23.287	0.699
0.00185999851200119	0.0334799732160214	24.35	0.53
0.00195999843200125	0.0352799717760226	25.597	0.559
0.00221999822400142	0.0399599680320256	28.021	0.829
0.00229999816000147	0.0413999668800265	30.391	0.783
0.00238999808800153	0.0430199655840275	30.465	0.898
0.00245999803200157	0.0440999647200282	31.694	0.686
0.00303999756800195	0.054719956224035	41.477	1.014
0.00305999755200196	0.0550799559360352	39.44	1.021
0.00365999707200234	0.0658799472960422	47.433	0.897
0.00435999651200279	0.0784799372160502	55.121	0.954
0.00474999620000304	0.0854999316000547	62.133	1.374
0.00485999611200311	0.087479930016056	61.492	1.389
0.00604999516000387	0.10871991302407	197.692	2.197
0.00670999463200429	0.120599903520077	249.417	3.166
0.00772999381600495	0.139139888688089	96.511	2.018
0.00779999376000499	0.14039988768009	99.33	2.204
0.00789999368000506	0.142199886240091	100.773	2.088
0.00976999218400625	0.175859859312113	123.432	2.07
0.010899991280007	0.196019843184125	300.436	3.464
0.0110799911360071	0.199079840736127	450.055	5.159
0.0112799909760072	0.20303983756813	145.136	2.728
0.0122999901600079	0.221219823024142	314.826	4.231
0.0143099885520092	0.257399794080165	245.876	3.941
0.0151299878960097	0.271619782704174	570.452	6.702
0.0152199878240097	0.273059781552175	589.68	6.84
0.0153699877040098	0.275939779248177	573.65	7.135
0.0195899843280125	0.351899718480225	806.873	9.334
0.0244299804560156	0.43793964964828	1029.758	10.999
0.0266999786400171	0.479159616672307	1054.91	12.469
0.0276999778400177	0.495719603424317	1128.385	12.517
0.0331599734720212	0.594539524368381	1326.791	15.403
0.0347599721920222	0.622979501616399	1446.499	15.682
0.0387299690160248	0.692999445600443	1618.12	17.137
0.0395799683360253	0.707039434368453	1609.191	19.421
0.0435899651280279	0.779039376768499	1782.998	19.808
0.048499961200031	0.864539308368553	1973.672	23.089
0.0512299590160328	0.915479267616586	2132.267	23.745
0.0684599452320438	1.21733902612878	2837.969	32.068
0.0788299369360504	1.4048988760809	3194.134	38.226
0.0818299345360524	1.45871883302493	3373.187	39.707
0.0975099219920624	1.72889861688111	3780.642	44.792
0.0993399205280636	1.75931859254513	3920.062	46.006
0.114279908576073	2.0257183794253	4349.343	55.712
0.120439903648077	2.13407829273737	4753.209	55.108
0.123529901176079	2.17691825846539	4473.55	59.02
0.125929899256081	2.21993822404942	4330.954	59.668
0.148609881112095	2.61269790984167	5010.854	72.396
0.179649856280115	3.13613749109001	5729.702	79.849
0.183469853224117	3.22991741606607	6388.538	85.313
0.244469804424156	4.25231659814672	7173.483	114.874
0.271879782496174	4.74263620589103	8272.753	129.027
0.278609777112178	4.86521610782711	8420.241	127.077
0.349929720056224	5.99705520235584	7956.715	155.248
0.36004971196023	6.16175507059594	8077.337	164.455
0.37541969966424	6.31421494862804	6559.579	168.948
0.395039683968253	6.76097459122033	8478.95	177.348
0.397329682136254	6.67547465962027	6271.201	179.179
0.424459660432272	7.27289418168465	9686.441	189.874
0.595049523960381	9.95813203349437	8492.064	260.481
0.618189505448396	10.3719517024386	9281.381	271.548
0.657139474288421	10.6176515058788	7364.793	252.853
0.760179391856487	12.2671701862639	7971.629	303.305
0.89072928741657	14.3459885232092	9037.403	336.993
0.895259283792573	14.4464284428572	9351.623	335.424
1.06719914624068	16.2966469626824	7413.496	359.578
1.12143910284872	17.155246275803	7394.792	377.64
1.2439090048728	19.0076247939002	8226.602	427.899
1.26637898689681	18.2505453995637	6546.543	362.218
1.26796898562481	19.3787844969724	8205.289	439.829
1.88630849095321	26.6711186631051	8226.481	496.313
1.91831846534523	24.937180050256	6117.004	428.218
2.05800835359332	29.1200167039866	9093.384	566.731
2.08076833538533	29.5518363585309	9366.515	551.714
2.1840782527374	27.9960976031219	5364.891	468.85
2.56665794667364	32.5070739943408	5604.769	526.76
2.87606769914584	36.4010108791913	6223.799	594.403
3.7487370010104	40.7724873820101	5657.368	583.566
3.95467683625853	42.9089056728755	5847.501	596.784
4.71739622608302	51.4003988796809	6195.437	692.505
4.74517620385904	51.7938785648971	6418.959	742.419
4.90496607602714	44.4362044510364	5541.143	599.84
6.11640510687591	53.9148168681465	6117.531	667.187
6.36166491066807	56.0226151819079	6192.618	724.414
7.36387410890071	65.8882272894182	6501.574	812.587
8.00138359889312	55.5506555594756	6372.39	737.58
9.14050268759785	62.1544902764078	6397.014	841.444
9.33054253556597	63.3288093369525	6389.807	835.677
11.2123010301592	77.8751376998898	6260.294	1833.055
12.516029987176	64.3744285004572	6965.678	958.164
12.6953998436801	65.0803879356897	6787.441	996.051
12.7536697970642	65.2998077601538	6856.786	1002.686
16.3938468849225	83.2267134186293	6827.699	1976.021
21.6084827132138	79.0733967412826	7307.934	1536.552
22.2394522084382	81.1043351165319	7135.754	1475.506
22.6957918433665	82.6559338752529	7376.254	1565.065
23.1057415154068	84.1141127087098	7337.381	2314.554
30.4099556720355	86.9937504049997	7710.851	2740.553
30.4695856243315	87.1345102923918	7978.234	2729.13
32.6515438787649	92.3761060991151	7439.067	2935.669
33.9197628641897	95.7545233963813	7406.127	2804.495
39.2815685747451	93.0644255484596	8519.673	3293.243
43.2196754242597	99.0222407822074	7585.162	3440.768
43.5214051828759	99.4022204782236	7763.542	3558.523
43.5535851571319	99.4425404459676	7354.023	3501.684
51.0312691749847	99.4526204379036	8470.258	3877.386
51.0850791319367	99.4848404121277	8223.095	3801.968
51.3352089318329	99.6074203140637	7672.585	3836.167
51.7046486362811	99.7872401702079	7801.289	3740.233
56.224205020636	99.1079207136634	9304.395	4422.705
58.0285135771891	99.6833802532958	7974.934	4340.964
58.9752928197657	99.8824600940319	8351.156	4254.784
59.357292514166	99.942760045792	8154.936	4184.909
65.7720673823461	99.96310002952	8866.737	4640.063
65.8810972951222	99.967060026352	8634.784	4557.172
66.6959666432267	99.995680003456	8663.153	4781.137
66.7007166394267	99.996040003168	8952.259	4847.786
72.7601417918866	99.997840001728	9369.404	5397.434
72.9260016591987	99.999820000144	9241.947	5229.716
73.0573015541588	99.999280000576	9107.113	5025.059
73.0790215367828	99.999460000432	8748.217	5281.337
78.6501870798503	100.0	9831.033	5341.356
78.6610170711863	100.0	9469.062	5610.884
78.6674870660104	100.0	10185.839	5373.853
78.6684070652744	100.0	9538.914	5378.817
