0.00199999840000128	0.0179999856000115	2717.875	521.041
0.00299999760000192	0.0199799840160128	2647.362	511.306
0.00399999680000256	0.0221399822880142	2655.616	516.514
0.0049999960000032	0.0219599824320141	2637.837	489.066
0.00699999440000448	0.0239399808480153	2619.402	512.341
0.0099999920000064	0.0260999791200167	2704.969	501.91
0.013999988800009	0.0320399743680205	2658.548	514.427
0.0199999840000128	0.035999971200023	2707.83	510.897
0.0289999768000186	0.0460799631360295	2678.739	514.675
0.0429999656000275	0.0599399520480384	2669.597	501.358
0.063999948800041	0.0818999344800524	2689.302	504.111
0.0949999240000608	0.111959910432072	2667.641	504.656
0.141999886400091	0.160019871984102	2697.366	508.409
0.211999830400136	0.228059817552146	2657.253	509.994
0.315999747200202	0.334079732736214	2659.927	512.155
0.474999620000304	0.492119606304315	2661.692	511.043
0.711999430400456	0.730079415936467	2683.962	493.397
1.06699914640068	1.08413913268869	2688.918	503.793
1.59999872000102	1.61585870731303	2698.339	514.954
2.39799808160153	2.41397806881754	2575.059	499.543
3.5969971224023	3.61385710891431	2563.602	493.613
5.39599568320345	5.41403566877147	2626.45	516.166
8.09299352560518	8.11007351194119	2673.468	522.895
12.1389902888078	12.1561102751118	2645.412	522.215
18.2079854336117	18.2260654191477	2656.763	518.029
27.3109781512175	27.3279381376495	2745.948	541.028
37.3109701512239	37.3280101375919	2649.753	553.515
47.3109621512303	47.3279021376783	2667.528	547.169
57.3109541512367	57.3279741376207	2667.975	552.456
67.3109461512431	67.3278661377071	2625.236	538.712
77.3109381512495	77.3279381376495	2652.813	570.604
87.3109301512559	87.3280101375919	2624.552	566.697
97.3109221512623	97.3279021376783	2639.511	578.722
