0.37569969944024	6.42401486078811	505.933	21.4
0.00364999708000234	0.0656999474400421	8.506	0.729
0.00644999484000413	0.116099907120074	11.977	0.796
0.00216999826400139	0.039059968752025	5.323	0.578
0.0767999385600492	1.37069890344088	110.02	4.488
11.0639911488071	76.4660988271209	6956.95	520.805
0.0164999868000106	0.29627976297619	26.979	1.394
15.3351077319138	76.9054784756172	8448.465	705.135
0.00150999879200097	0.0271799782560174	4.605	0.558
7.05604435516452	62.555889955288	5407.45	353.771
57.0666843466525	99.4092404726076	10796.367	2655.707
0.007819993744005	0.14057988753609	12.8	0.886
31.1088651129079	88.6297690961847	11751.035	1377.542
23.2166614266709	84.5126323898941	10094.987	1087.831
42.8431957254434	98.519501184399	12114.504	2036.655
0.00519999584000333	0.0935999251200599	9.231	0.768
0.475849619320305	7.95725363419709	642.236	28.656
72.6389818888145	99.997120002304	13723.897	3321.406
0.769669384264493	12.4043300765359	1022.815	44.497
3.26857738513809	41.7504265996587	3873.226	168.959
0.0106099915120068	0.190799847360122	16.845	1.096
66.4861168111066	99.991180007056	14927.069	2958.149
0.182289854168117	3.21551742758606	257.384	12.04
0.0370299703760237	0.664019468784425	54.124	3.508
1.00480919615264	15.4511876390499	1305.228	59.018
1.66408866872907	23.5686411450871	2097.312	94.223
0.000449999640000288	0.00809999352000518	2.26	0.45
0.0510999591200327	0.912779269776584	75.282	3.174
4.26963658429073	46.2556429954856	4199.05	217.186
51.1139691088247	99.4897004082397	10661.632	2386.95
0.230559815552148	4.01579678736257	322.068	15.335
0.0823299341360527	1.46375882899294	120.344	4.291
78.6722970621623	100.0	15738.561	3466.593
