1.89909848072122	5.53409557272354	929.365	35.859
44.0952947237642	47.7291218167025	2336.3	432.043
19.1050847159322	22.7345218123825	1488.709	203.444
39.097388722089	42.7406058075154	2051.364	395.257
2.79793776164979	6.42635485891611	961.44	42.581
6.30167495866003	9.96191203047038	1188.061	77.503
0.597509521992382	3.91625686699451	797.752	18.746
79.0963267229386	82.7281138175089	3207.567	771.273
1.29670896263283	4.90481607614714	892.956	29.38
4.19478664417068	7.82747373802101	982.177	54.894
0.400849679320257	3.38363729309017	809.51	17.4
59.1011227191018	62.7432698053842	2666.91	567.883
0.900349279720576	4.41719646624283	836.228	22.665
74.1010407191674	77.7498578001138	3164.624	721.402
9.09356272514982	11.4382708493833	1207.318	95.087
84.0865827307338	87.565609947512	3249.815	789.765
93.8751748998601	96.3411429270857	3151.007	1593.414
89.099358720513	92.7323258141393	3246.79	1637.889
0.300399759680192	2.93345765323388	857.415	12.406
34.1029127176698	37.7294098164721	2019.812	353.184
0.100829919336065	1.43513885188892	741.123	5.843
69.0984347212522	72.7109418312465	2976.995	679.202
49.0976907218474	52.7224978220017	2374.781	498.829
14.098588721129	17.7544657964274	1300.91	158.454
0.202259838192129	2.35421811662551	937.435	9.586
53.9056068755145	56.4261748590601	2304.122	537.775
64.105088715929	67.7299858160114	2891.481	643.696
98.6739510608392	99.999640000288	3017.282	1639.839
29.0944467244426	32.7299138160689	1834.712	289.264
24.1001207199034	27.7368978104818	1695.74	253.958
