28.9231668614665	62.7227498218001	2700.716	517.809
0.199709840232128	3.4322372542102	2693.061	522.434
22.1024123180701	47.2121622302702	2679.598	515.195
81.6777146578283	99.961840030528	2690.72	565.921
63.7153590277128	95.1733038613569	2697.648	569.645
18.9578848336921	53.107157514274	2695.968	528.709
0.599489520408384	9.38519249184601	2696.958	499.775
49.0324307740554	84.6119923104062	2690.547	562.479
9.371272502982	44.0882647293882	2744.865	522.488
77.1367182906254	99.2612805909755	2721.331	564.66
13.5105991915206	43.5628451497239	2702.152	528.824
53.7714269828584	86.1328110937511	2718.088	554.575
72.3755820995343	96.9992224006221	2708.745	593.507
85.1566118747105	99.977860017712	2665.902	592.246
0.298169761464191	5.0036359970912	2701.793	495.784
0.39111968710425	6.38801488958809	2702.815	518.676
4.19518664385069	34.1933126453499	2687.675	523.217
33.0329235736611	60.977651217879	2735.938	514.884
88.4487192410246	99.996040003168	2719.899	593.046
39.069238744609	75.1439998848001	2728.763	535.105
67.120646303483	92.119426304459	2672.58	559.584
1.29342896525683	17.4655660275472	2651.321	487.184
2.80237775809779	28.4495172403862	2698.349	529.575
56.306914954468	80.0072359942112	2670.487	547.752
91.5442567645946	100.0	2654.325	567.964
0.0965899227280618	1.69613864308909	2705.729	483.401
6.22610501911598	38.3163893468885	2681.955	513.429
44.0508747593002	79.8713361029311	2681.727	577.448
1.89296848562521	22.6817818545745	2723.198	481.771
0.900749279400576	13.1432294854164	2697.875	510.47
