0.0426299658960273	0.696059443152446	33.673	2.067
0.0131799894560084	0.229499816400147	11.548	0.771
2.39842808125753	6.02495518003586	1345.305	64.845
57.3154941476047	60.958031233575	4231.933	1369.55
0.000979999216000627	0.0176399858880113	2.243	0.422
12.1340402927678	15.7750073799941	2020.733	286.125
0.0631599494720404	0.979919216064627	46.844	2.864
0.0942499246000603	1.37825889739288	72.26	4.041
0.0186399850880119	0.318779744976204	18.45	1.033
0.313379749296201	3.00653759476992	214.184	10.729
0.0277299778160177	0.467639625888299	27.696	1.373
18.2056754354596	21.835782531374	2481.475	422.972
0.00370999703200237	0.0660599471520423	4.759	0.524
0.473219621424303	3.5942371246103	479.656	15.404
77.3082681533855	80.9443152445478	5175.168	1773.047
0.00300999759200193	0.0538199569440344	4.644	0.563
27.3063481549215	30.9502552397958	3041.903	633.099
47.3103221517423	50.9615592307526	3845.133	1131.408
0.00878999296800563	0.154439876448099	8.838	0.72
67.3046361562911	70.9654832276134	4685.804	1625.983
8.09348352521318	11.6875706499435	1982.19	193.996
37.3093701525039	40.9530272375782	3366.923	915.455
1.55122875901699	4.65695627443498	1142.201	42.518
97.1776522578782	99.7366602106718	6373.363	3873.968
87.3155001475999	90.9440272447782	5744.429	2209.987
0.00185999851200119	0.0334799732160214	3.888	0.476
0.138709889032089	1.84319852544118	98.444	4.854
0.00625999499200401	0.110699911440071	7.85	0.588
0.707129434296453	4.12145670283464	806.418	23.705
1.06634914692068	4.62527629977896	1057.486	33.856
3.5954971236023	7.21241423006862	1543.006	94.538
5.39679568256345	9.03833276933378	1702.064	129.904
0.209609832312134	2.42801805758555	141.872	10.196
