1.89971848022522	2.26277818977745	568.773	38.66
0.299989760008192	0.662219470224424	423.098	5.226
0.200989839208129	0.565379547696362	377.506	3.373
99.1005907195274	99.4655804275357	4026.824	3216.17
44.0986247211002	44.4698644241085	2189.455	854.75
64.100748719401	64.4656884274493	2977.711	1250.839
0.600209519832384	0.966959226432619	481.209	11.587
59.1022827181738	59.4636724290621	2761.959	1172.929
84.1000927199258	84.4658324273341	3722.328	1666.661
79.1004667196266	79.4652564277949	3483.868	1527.887
4.20078663937069	4.56731634614692	662.872	87.389
0.099949920040064	0.456659634672292	328.075	2.08
1.30157895873683	1.66337866929706	521.513	27.481
2.79946776042579	3.16025747179402	663.244	56.867
39.099088720729	39.4680284255773	1908.152	794.251
14.097878721697	14.4676684258653	1072.517	268.746
0.399669680264256	0.762299390160488	437.657	6.636
19.0988647209082	19.4630244295805	1224.054	381.106
49.1002407198074	49.4682804253757	2384.91	981.213
9.40111247911002	9.76499218800625	905.642	182.456
54.1005467195626	54.4684964252029	2448.171	1099.326
24.0986407210874	24.4619804304157	1435.674	484.162
6.29913496069203	6.66557466754027	720.684	136.213
89.102068718345	89.4667684265853	3910.53	1769.526
74.0997407202074	74.4652204278237	3245.871	1506.609
29.1005867195306	29.4600364319709	1586.111	572.809
94.0976647218682	94.4556444354845	4041.703	2985.067
0.898809280952575	1.26413898868881	506.652	17.986
69.1010247191802	69.4644644284285	3079.191	1351.491
34.0979727216218	34.4654724276221	1748.3	690.748
