1.59424872460102	20.1715038627969	3715.501	334.561
7.51588398729281	36.0788111369511	3383.374	523.001
4.8503561197151	31.1169351064519	3021.994	429.592
0.39087968729625	5.9293752564998	2557.16	130.406
0.00900999279200577	0.161819870544104	273.003	3.655
0.273889780888175	4.54607636313891	3717.476	119.136
0.00305999755200196	0.0550799559360352	38.88	1.127
0.0412899669680264	0.738359409312473	1635.06	18.101
66.2376470098824	93.738345009324	8496.007	5006.68
0.207969833624133	3.55193715845027	4540.653	97.017
1.02418918064866	14.3337485330012	4333.905	269.815
75.9041892766486	99.4502804397757	8264.23	5572.323
0.0102799917760066	0.184139852688118	392.793	4.74
90.571247543002	100.0	8878.762	6039.793
0.475849619320305	7.67159386272491	5307.732	188.522
0.00184999852000118	0.0331199735040212	24.604	0.749
27.2429482056414	62.472730021816	5994.441	1739.917
45.0506139595088	69.6941442446846	6737.225	3010.34
0.00490999607200314	0.0881999294400564	63.24	1.467
3.5957771233783	32.0817343346125	4356.873	431.643
11.5615407507674	41.4354268516585	3909.315	783.245
0.000669999464000429	0.0120599903520077	9.419	0.407
18.0993655205076	52.8214977428018	5082.752	1232.631
0.06244995004004	1.10609911512071	2445.093	29.601
0.138829888936089	2.40911807270554	4080.674	65.467
37.3023201581439	73.5697211442231	7570.706	2364.153
0.00195999843200125	0.0352799717760226	26.296	0.762
53.8157469474024	76.619278704577	7634.512	3297.683
82.837183730253	99.6954402436478	8465.164	5972.848
0.0189399848480121	0.337679729856216	753.869	8.7
0.0124199900640079	0.222299822160142	429.905	5.139
2.38989808808153	25.9712792229766	4024.17	378.538
0.0801099359120513	1.4090388727689	2808.395	37.717
