68.5695851443319	98.0999215200628	2929.748	1506.405
41.8284165372668	66.3864668908265	2535.97	521.956
7.58375393299685	31.3347349322121	1552.482	225.877
5.56154555076356	31.6905946475243	3924.519	222.145
63.7057790353768	95.1234439012449	3013.06	1544.271
0.196249843000126	3.36995730403416	2065.908	13.38
0.829919336064531	12.0140903887277	5855.216	74.212
18.9430748455401	53.0279575776339	4262.656	408.11
3.42835725731419	25.6861594510724	4181.363	177.934
0.100169919864064	1.76201859038513	1113.767	6.613
91.5516967586426	99.999820000144	2885.245	1654.153
81.6363046909563	99.952840037728	2900.198	1630.251
29.0203267837386	64.2378086097531	4591.154	507.99
53.4385472491622	83.4009532792374	3089.473	665.979
2.64210788631369	26.0101591918726	3827.887	176.799
0.367169706264235	5.97887521689983	3379.835	27.53
75.4945396043683	96.897342482126	2958.836	1514.171
