14.100458719633	14.4629884296093	1059.562	292.147
29.1009567192346	29.4668764264989	1675.241	585.841
84.1005127195898	84.4606124315101	3651.921	1678.888
0.899869280104576	1.26197899041681	496.997	20.77
64.092208726233	64.3846884922492	2858.091	1333.708
6.30062495950003	6.66863466509227	762.955	128.832
0.100689919448064	0.461519630784295	333.722	3.044
99.1007407194074	99.4646804282557	4027.823	2060.433
0.398979680816255	0.761039391168487	450.988	9.13
24.1017607185914	24.4686404250877	1432.763	502.093
69.1000547199562	69.4668044265565	3113.154	1423.628
79.0996167203066	79.4621964302429	3547.907	1566.547
19.1000847199322	19.4623044301565	1235.809	404.414
74.0996607202714	74.4673804260957	3342.819	1482.071
0.197819841744127	0.56267954985636	410.36	4.673
94.1004747196202	94.4700444239645	3899.58	1954.944
59.0998227201418	59.4694324244541	2746.739	1194.307
4.19926664058669	4.56497634801892	631.246	86.858
9.39889248088602	9.76283218973425	857.254	195.465
34.1012827189738	34.4665524267581	1785.987	700.905
54.1012067190346	54.4625564299549	2505.223	1116.498
1.89992848005722	2.26691818646545	533.026	41.503
44.1012547189962	44.4624844300125	2217.218	921.231
39.101158719073	39.4611884310493	2014.348	782.717
0.298089761528191	0.668519465184428	413.884	6.883
89.101178719057	89.4631684294653	3910.154	1787.458
0.596449522840382	0.959399232480614	508.609	12.494
1.29962896029683	1.65851867318506	528.556	28.565
2.79892776085779	3.16223747021002	637.571	60.514
49.0995207203834	49.4520804383356	2409.552	995.915
