87.3109301512559	87.3280101375919	3782.011	1829.75
0.141999886400091	0.158039873568101	41.989	2.155
1.59999872000102	1.61801870558504	132.854	30.972
1.06699914640068	1.08413913268869	123.146	18.067
0.316999746400203	0.333899732880214	58.158	6.962
2.39899808080154	2.41595806723355	240.02	49.12
12.1389902888078	12.1559302752558	690.247	249.318
0.00399999680000256	0.0201599838720129	3.056	0.591
0.013999988800009	0.0320399743680205	10.818	0.576
0.474999620000304	0.491939606448315	57.712	7.423
0.00199999840000128	0.0201599838720129	3.216	0.495
0.0949999240000608	0.111959910432072	39.72	1.66
0.0429999656000275	0.0601199519040385	36.072	0.834
27.3109781512175	27.3281181375055	1280.889	549.075
8.09299352560518	8.10989351208519	524.25	160.631
37.3109701512239	37.3280101375919	1699.35	744.941
47.3109621512303	47.3279021376783	2038.14	987.139
3.5979971216023	3.61403710877031	265.176	71.502
0.0049999960000032	0.0221399822880142	3.97	0.544
0.0289999768000186	0.0458999632800294	28.041	0.794
57.3109541512367	57.3279741376207	2417.633	1186.3
18.2079854336117	18.2239054208757	900.164	375.321
97.3109221512623	97.3279021376783	3945.703	2500.445
0.710999431200455	0.728099417520466	136.311	13.301
0.211999830400136	0.230039815968147	52.154	4.53
67.3109461512431	67.3278661377071	2970.982	1396.311
0.00899999280000576	0.0260999791200167	8.537	0.51
5.39599568320345	5.41187567049946	517.158	111.2
77.3109381512495	77.3279381376495	3377.95	1612.85
0.0179999856000115	0.0340199727840218	13.785	0.638
0.0629999496000403	0.0800999359200513	38.015	1.19
0.00699999440000448	0.0239399808480153	5.981	0.542
0.00199999840000128	0.0201599838720129	3.39	0.422
