0.000969999224000621	0.0174599860320112	13.085	0.768
0.00191999846400123	0.034379972496022	25.686	0.627
0.00256999794400164	0.0458999632800294	35.341	0.611
0.00411999670400264	0.073439941248047	52.393	0.761
0.00563999548800361	0.0998999200800639	70.893	0.86
0.00933999252800598	0.165779867376106	115.532	1.186
0.0126999898400081	0.221219823024142	155.52	1.319
0.0198799840960127	0.342899725680219	229.04	2.586
0.0269699784240173	0.456299634960292	317.832	2.038
0.0423899660880271	0.690479447616442	479.598	2.908
0.0622999501600399	0.970379223696621	679.074	3.542
0.0787999369600504	1.13201909438472	773.912	4.129
0.143239885408092	1.88819848944121	1286.016	6.811
0.211969830424136	2.44385804491356	1649.273	9.976
0.316819746544203	3.02327758137793	1978.517	13.407
0.416039667168266	2.92355766115387	1749.048	14.619
0.706249435000452	4.10759671392263	2345.558	28.016
1.06093915124868	4.62635629891496	2321.912	31.455
1.59919872064102	5.21189583048334	2298.077	51.213
2.39785808171353	6.01415518867585	2351.378	67.919
3.49990720007424	6.36317490946007	1857.339	98.01
5.39555568355545	9.02483278013378	2564.261	152.572
7.99988360009312	10.8442713245829	2113.157	208.343
12.1317802945758	15.7804073756741	2848.273	305.703
18.2041954366437	21.846222523022	3176.239	468.687
27.3094981524015	30.9484552412358	3540.817	723.7
37.3118101505519	40.9406072475142	3973.897	970.334
47.3133821492943	50.9496792402566	4531.746	1235.511
57.3158541473167	60.951911238471	4899.197	1497.071
67.3043561565151	70.9447832441734	5486.905	1703.314
77.3024881580095	80.7614353908517	5871.281	1956.543
87.3066501546799	90.8783272973382	6336.082	2287.982
97.1672022662382	99.6995802403358	6638.63	2437.852
