2.09783832172934	29.8225561419551	2647.846	561.01
43.5149051880759	99.3869204904636	2650.402	584.209
0.00246999802400158	0.0444599644320285	2650.22	517.346
0.148289881368095	2.60531791574567	2658.373	519.876
0.0105999915200068	0.189899848080122	2664.38	537.452
0.00783999372800502	0.14111988710409	2667.13	520.042
1.36565890747287	20.8726033019174	2659.814	553.642
4.26057659153873	46.1465630827495	2664.419	537.415
0.0723699421040463	1.28933896852883	2631.537	516.73
72.4901720078624	99.997480002016	2664.388	604.532
78.6701770638583	100.0	2674.181	591.62
66.4364668508265	99.989740008208	2657.052	595.281
0.00088999928800057	0.0160199871840103	2666.518	529.903
0.418099665520268	7.16903426477259	2652.138	540.859
0.0358499713200229	0.638639489088409	2678.458	528.209
30.9120852703318	88.1731094615124	2680.371	588.402
0.211349830920135	3.68405705275436	2695.385	513.287
0.0329999736000211	0.590939527248378	2820.919	542.593
0.0225399819680144	0.404819676144259	2701.781	548.463
0.00955999235200612	0.17189986248011	2666.443	530.64
10.907131274295	75.010619991504	2703.784	560.821
51.8583585133132	99.8545601163519	2698.468	599.073
0.398249681400255	6.68483465213228	2668.336	511.604
0.00151999878400097	0.0273599781120175	2699.846	518.687
0.00433999652800278	0.0779399376480499	2690.641	547.594
6.45259483792413	56.7298346161323	2699.73	562.482
0.111149911080071	1.96973842420926	2715.823	555.544
56.261744990604	99.1241207007034	2716.91	615.071
0.0017199986240011	0.0309599752320198	2685.971	534.157
22.2756621794703	81.224035020772	2709.141	577.95
3.10550751559399	39.4341884526492	2677.337	495.875
0.732359414112469	11.8276105379116	2692.105	518.096
14.6102983117614	73.2671413862869	2697.522	559.711
