16.9093264725388	43.831584934732	1919.647	348.341
37.2927101658319	73.437241250207	4560.86	583.222
37.2979601616319	73.470001223999	4765.821	567.061
47.2779321776543	83.0666935466452	4123.333	620.765
56.4004248796601	84.9880120095904	3066.984	686.913
45.9229932616054	72.7177818257745	2704.323	596.622
27.2981481614815	63.7050090359928	4684.506	505.369
90.599307520554	100.0	2873.121	822.683
55.4791456166835	81.0224351820519	2947.586	655.791
12.1240803007358	47.7377618097906	4159.282	354.91
75.8733293013366	99.3836804930556	2890.82	827.054
2.3443481245215	25.2491198007042	5139.006	175.343
0.00227999817600146	0.0410399671680263	29.528	0.683
37.2875101699919	73.3580413135669	4678.84	599.012
1.05617915505668	14.8616881106495	7160.614	88.596
90.56323754941	100.0	2887.991	841.621
0.947999241600607	13.1599694720244	6305.013	81.119
65.7371474102821	91.6859866512107	3189.052	755.689
0.00288999768800185	0.0518399585280332	36.372	0.709
17.6631958694433	48.3328413337269	2186.037	409.832
17.0212963829629	44.3552045158364	1968.894	349.655
12.1305202955838	47.9337816529747	4428.133	362.759
0.00255999795200164	0.0460799631360295	33.481	0.636
46.5940027247978	76.3179589456328	2925.464	632.063
26.4025388779689	55.0120959903232	2300.004	441.563
66.8795464963628	97.4121420702864	2931.988	809.905
12.0927103258317	47.2776821778543	4005.812	335.373
0.00291999766400187	0.0525599579520336	37.131	0.677
23.367301306159	45.6089035128772	2084.45	365.279
0.879059296752563	12.1291102967118	5776.89	77.826
15.8756572994742	40.1298878960897	1853.883	312.8
0.00299999760000192	0.0539999568000346	38.967	0.645
0.00166999866400107	0.0300599759520192	22.228	0.514
0.708749433000454	10.8275313379749	5940.507	49.513
83.8314529348377	99.953380037296	2950.771	843.046
1.43943884844892	17.7314258148593	6879.45	121.74
47.1202423038062	80.7970753623397	3679.739	629.909
1.57922873661701	19.9562240350208	8328.162	131.165
1.34751892198486	14.3904484876412	2376.857	84.171
26.3156089475128	54.5302363758109	2313.782	436.037
2.38994808804153	26.0700991439207	5732.197	173.003
66.8918964864828	97.4663220269424	3001.873	822.593
1.58699873040102	20.0953639237089	8255.533	137.337
0.000759999392000486	0.0136799890560088	10.758	0.503
83.4859932112054	99.8821000943199	2940.708	846.269
75.9361692510646	99.5118403905277	2905.076	793.99
66.1513870788903	93.3398253281397	3088.662	780.379
57.0411343670925	89.7677281858174	3256.877	733.209
0.000909999272000582	0.0163799868960105	12.819	0.475
0.00283999772800182	0.0511199591040327	37.354	0.634
84.1301726958618	99.989740008208	2941.093	853.392
74.2092106326315	96.4190828647337	3055.978	820.138
90.59478752417	100.0	2934.461	837.016
83.9657428274057	99.97210002232	2891.626	862.685
57.1655242675806	91.1724470620424	3236.845	743.844
2.37966809626552	25.8539193168645	5843.515	167.93
0.000529999576000339	0.00953999236800611	7.661	0.404
0.00220999823200141	0.0397799681760255	28.409	0.599
0.853229317416546	10.7218714225029	4457.758	52.634
0.00104999916000067	0.0188999848800121	14.753	0.524
36.9865504107597	69.5287243770205	3209.418	545.967
75.9437692449846	99.5176003859197	2897.036	838.629
0.00190999847200122	0.034379972496022	25.375	0.552
90.588117529506	100.0	2975.222	849.36
0.00200999839200129	0.0361799710560232	26.547	0.586
