91.5516967586426	99.999820000144	2706.027	737.435
71.2339530128376	94.3276645378684	2689.192	729.677
43.8611349110921	77.2521581982734	2685.041	719.961
88.4082992733606	99.995860003312	2665.812	712.597
6.30411495670803	39.7142682285854	2639.511	674.851
31.6561546750763	55.9110152711878	2708.108	705.554
0.339999728000218	5.52383558093153	2706.562	660.072
67.7729057816754	94.3111045511164	2653.156	726.529
9.39508248393401	44.6167443066046	2666.082	663.004
0.29654976276019	4.96943602445118	2727.171	660.327
84.9753820196944	99.9640000288	2718.366	754.13
3.46059723152221	25.8841592926726	2702.965	656.683
1.00978919216865	13.1758094593524	2624.613	676.235
0.901679278656577	13.2010094391924	2646.032	679.864
29.0755067395946	65.2612877909698	2691.468	715.289
0.0998299201360639	1.75535859571312	2667.224	678.015
81.6628446697243	99.95860003312	2730.069	739.742
77.4175280659775	99.6288402969278	2653.053	750.51
58.8610329111737	92.135446291643	2702.517	700.056
14.093178725457	50.1747798601761	2658.939	663.699
17.8701557038754	45.0627839497728	2726.124	661.206
0.324349740520208	5.05997595201924	2710.646	674.223
62.577689937848	88.8965288827769	2689.387	689.92
0.194219844624124	3.33089733528213	2692.126	658.398
36.5359607712314	60.6061315150948	2682.988	674.197
49.0238007809594	84.360532511574	2691.976	723.199
50.1969498424401	72.5192419846064	2668.975	704.111
23.7260010191992	55.6995154403876	2688.598	696.44
2.57447794041765	25.1362598909921	2714.5	683.559
1.89514848388121	22.7185018251985	2689.344	684.141
