0.000679999456000435	0.0122399902080078	9.13	0.457
0.00106999914400068	0.0192599845920123	15.053	0.579
0.0010899991280007	0.0196199843040126	14.511	0.457
0.00110999911200071	0.0197999841600127	14.318	0.499
0.001569998744001	0.0282599773920181	20.976	0.536
0.00172999861600111	0.0311399750880199	23.106	0.534
0.00194999844000125	0.0350999719200225	25.67	0.52
0.00200999839200129	0.0361799710560232	27.043	0.531
0.00225999819200145	0.040679967456026	29.077	0.563
0.00279999776000179	0.050039959968032	36.388	0.607
0.00294999764000189	0.053099957520034	38.147	0.68
0.00295999763200189	0.0529199576640339	38.103	0.597
0.706839434528452	4.11299670960263	2189.848	26.93
0.717869425704459	4.14899668080266	2332.229	24.877
1.06192915045668	4.62275630179496	2275.4	37.332
1.06209915032068	4.62077630337896	2350.788	33.842
1.06295914963268	4.62635629891496	2336.044	35.306
1.06811914550468	4.61555630755495	2359.075	37.049
1.27070898343281	3.51899718480225	1430.478	33.825
1.59370872503302	5.22953581637135	2360.318	49.56
1.59903872076902	5.21477582817934	2352.67	51.773
1.60150871879303	5.20145583883533	2332.759	45.38
2.39223808620953	6.01703518637185	2355.386	71.282
2.40036807970554	6.03665517067586	2330.968	69.609
2.40176807858554	6.03323517341186	2394.244	70.543
2.40326807738554	6.03233517413186	2396.728	69.461
