49.1009607192314	49.1180007055994	2109.349	987.501
94.1009247192602	94.1177847057722	3737.156	2226.038
0.600999519200385	0.617939505648396	131.147	10.331
0.200999839200129	0.21797982561614	63.821	3.574
9.40099247920602	9.41795246563803	577.247	188.751
19.1009847192122	19.1179647056282	946.814	381.291
1.90099847920122	1.91807846553723	175.833	30.3
24.1009807192154	24.1180007055994	1211.518	468.637
99.1009207192634	99.1180007055994	3921.665	2367.771
14.100988719209	14.118108705513	853.219	270.455
74.1009407192474	74.1178207057434	3116.452	1478.833
4.20099663920269	4.2179366256507	302.233	84.087
59.1009527192378	59.1180727055418	2586.442	1189.379
89.100928719257	89.117928705657	3651.978	1817.895
44.1009647192282	44.1179647056282	1896.9	854.703
0.300999759200193	0.318059745552204	67.336	5.455
69.1009447192442	69.1179647056282	3039.73	1339.397
79.1009367192506	79.1178567057146	3354.483	1607.238
54.1009567192346	54.1180367055706	2356.887	1083.834
0.400999679200257	0.417959665632267	73.977	6.364
1.30099895920083	1.31795894563284	149.211	21.139
39.100968719225	39.118108705513	1817.854	765.545
2.80099775920179	2.8180777455378	251.96	56.451
0.100999919200065	0.118079905536076	52.752	1.612
34.1009727192218	34.1180727055418	1657.248	674.468
64.100948719241	64.117928705657	2798.593	1295.142
6.30099495920403	6.31799494560404	464.355	125.834
0.900999279200577	0.917999265600588	145.209	16.175
84.1009327192538	84.1178927056858	3456.828	1702.941
29.1009767192186	29.1178567057146	1321.119	582.89
