0.00373999700800239	0.0673199461440431	47.528	0.649
0.00383999692800246	0.068759944992044	50.197	0.677
0.0039099968720025	0.0694799444160445	48.939	0.729
0.00422999661600271	0.0754199396640483	53.756	0.746
0.00580999535200372	0.102959917632066	72.734	1.329
0.00582999533600373	0.103139917488066	71.277	0.869
0.00585999531200375	0.104579916336067	74.411	0.896
0.00621999502400398	0.110339911728071	74.698	0.928
0.00863999308800553	0.152099878320097	107.262	0.929
0.00876999298400561	0.154619876304099	108.447	1.043
0.00885999291200567	0.1555198755841	107.591	0.957
0.00945999243200605	0.167759865792107	111.682	1.05
0.0126199899040081	0.220499823600141	153.514	1.258
0.0129199896640083	0.225539819568144	159.178	1.287
0.0130199895840083	0.227879817696146	158.447	1.331
0.0185999851200119	0.322019742384206	222.791	1.548
0.018689985048012	0.320219743824205	226.413	1.623
0.0188299849360121	0.324359740512208	244.864	1.544
0.0196099843120126	0.338759728992217	232.629	1.635
0.0278499777200178	0.464579628336297	327.24	2.021
0.028099977520018	0.4694396244483	329.08	2.172
0.0283199773440181	0.477899617680306	327.929	2.13
0.0286399770880183	0.478799616960306	332.049	2.99
0.0412699669840264	0.671039463168429	468.965	2.826
0.0415299667760266	0.679499456400435	464.907	2.696
0.042169966264027	0.689219448624441	485.162	2.766
0.0423199661440271	0.692279446176443	485.381	2.861
0.0616499506800395	0.964439228448617	653.848	5.141
0.0626199499040401	0.977039218368625	683.957	3.62
0.0626899498480401	0.975779219376624	671.311	3.453
0.0627199498240401	0.974699220240624	687.35	3.759
0.0932999253600597	1.35773891380887	949.832	4.992
0.0938699249040601	1.36313890948887	966.223	5.228
0.0941699246640603	1.37825889739288	962.299	4.993
0.0948999240800607	1.37735889811288	939.37	4.981
0.13985988811209	1.86065851147319	1303.261	7.074
0.14115988707209	1.85921851262519	1278.626	6.493
0.141619886704091	1.86317850945719	1245.137	6.623
0.142749885800091	1.8824384940492	1311.054	7.121
0.20380983695213	1.85795851363319	1255.747	8.349
0.209839832128134	2.41271806982554	1631.689	10.862
0.210369831704135	2.43665805067356	1653.294	9.718
0.211989830408136	2.43557805153756	1761.408	9.908
0.213629829096137	2.43719805024156	1607.568	9.753
0.314869748104202	3.01931758454593	1939.55	12.673
0.315859747312202	3.01463758828993	1953.773	13.048
0.317259746192203	3.01067759145793	1981.511	12.538
0.402639677888258	2.79107776713779	1657.911	13.245
0.471739622608302	3.5929771256183	2173.774	19.828
0.471799622560302	3.58217713425829	2191.236	19.196
0.473139621488303	3.5864971308023	2182.458	19.532
0.710119431904454	4.11209671032263	2318.923	27.114
0.712749429800456	4.13441669246665	2284.504	26.32
3.5993471205223	7.22051422358862	2449.739	98.554
3.5997071202343	7.24283420573264	2477.501	97.988
3.6011871190503	7.22861421710863	2452.907	100.294
3.60283711773031	7.24661420270864	2559.85	97.309
5.39193568645145	9.03077277538178	2538.689	145.28
5.39448568441145	9.01367278906177	2605.999	141.482
5.39576568338745	9.03815276947778	2605.082	138.295
5.39681568254745	9.04409276472579	2585.7	145.673
8.08863352909318	11.7300506159595	2718.216	211.07
8.08921352862918	11.7201506238795	2784.062	214.089
8.09004352796518	11.7325706139435	2732.818	212.806
8.09389352488518	11.7354506116395	2689.053	214.99
12.1314702948238	15.7777073778341	2885.634	302.967
12.1375502899598	15.7858073713541	2820.728	299.705
12.1394602884318	15.7787873769701	2820.26	313.719
12.1396002883198	15.7589873928101	2899.002	294.695
18.2055954355237	21.859002512798	3136.24	462.964
18.2064554348357	21.855222515822	3157.46	444.97
18.2105454315637	21.841182527054	3106.815	463.836
18.2107154314277	21.843702525038	3143.165	451.068
27.3022581581935	30.9594352324518	3651.122	660.228
27.3061081551135	30.9401752478598	3674.844	664.643
27.3103381517295	30.9374752500198	3575.265	680.256
27.3113581509135	30.9407152474278	3575.986	684.158
37.3059601552319	40.9406072475142	4005.37	939.052
37.3072201542239	40.8941672846662	3990.14	927.696
37.3073401541279	40.9488872408902	4104.936	904.448
37.3156101475119	40.9506872394502	4035.491	896.035
47.0162023870381	49.3809804952156	3561.117	1174.645
47.3051621558703	50.9302392558086	4542.619	1163.755
47.3128321497343	50.9300592559526	4499.627	1141.165
47.3129021496783	50.9403192477446	4575.935	1150.398
57.1032743173805	59.6092923125661	4116.665	1435.488
57.3105541515567	60.949751240199	4936.587	1364.822
57.3134341492527	60.941111247111	4866.987	1430.108
57.3154941476047	60.954431236455	4869.912	1421.962
67.3071161543071	70.9397432482054	5449.699	1637.139
67.3078161537471	70.9419032464774	5370.733	1599.393
67.3131761494591	70.9478432417254	5286.522	1683.227
67.3176761458591	70.9289432568454	5318.997	1629.669
77.3082981533615	80.9414352468518	5718.966	1913.416
77.3089081528735	80.9488152409478	5771.516	1909.985
77.3122781501775	80.9542152366278	5702.22	1909.118
77.3139381488495	80.9459352432518	5816.645	1837.335
86.9901304078957	89.3143085485532	5215.164	2143.525
87.3015601587519	90.8489873208101	6270.811	2089.476
87.3138601489119	90.9490672407462	6282.875	2092.976
87.3156901474479	90.9357472514022	6134.104	2168.435
96.9884424092461	99.2702805837755	6481.16	2407.757
97.0822123342301	99.4843004125597	5719.39	2386.917
97.1176323058942	99.5716003427197	5966.57	2320.213
97.2053522357182	99.8408801272959	6557.013	2316.564
