59.1001227199018	59.4640324287741	2760.676	1226.677
94.1003947196842	94.4610444311645	3975.921	1950.251
14.098678721057	14.4622684301853	1090.17	280.276
39.100168719865	39.4682084254333	1903.753	797.989
6.29896496082803	6.67205466235627	741.718	132.184
69.0982747213802	69.4623044301565	2982.809	1414.037
64.099888720089	64.4671284262973	2944.907	1323.694
99.0909307272554	99.3869204904636	4124.106	1972.654
0.599849520120384	0.965339227728618	500.317	11.437
1.90189847848122	2.26331818934545	604.009	39.877
34.1007327194138	34.4694324244541	1833.186	678.791
4.19921664062669	4.56245635003492	655.005	82.673
0.201999838400129	0.563399549280361	381.922	4.292
49.0986907210474	49.4621604302717	2352.586	1011.294
1.29987896009683	1.66211867030506	583.481	26.874
0.899029280776575	1.26341898926481	527.377	18.911
89.100518719585	89.4660484271613	3746.589	1837.616
24.1001807198554	24.4610804311357	1435.766	490.546
84.0999527200378	84.4692524245981	3668.989	1735.226
0.399529680376256	0.767159386272491	462.822	8.094
0.300239759808192	0.664559468352425	425.626	8.534
74.1008207193434	74.4637804289757	3211.679	1523.636
19.1017447186042	19.4660844271325	1262.098	404.238
9.39835248131802	9.75923219261425	844.217	193.61
79.0989767208186	79.4692164246269	3391.643	1648.374
44.0992847205722	44.4644644284285	2248.451	926.077
0.0997799201760639	0.455399635680291	347.61	3.246
54.1010767191386	54.4706564234749	2608.093	1104.815
29.0983467213226	29.4625564299549	1683.928	586.461
2.79853776116979	3.16007747193802	604.733	61.029
