0.000949999240000608	0.0170999863200109	2.599	0.608
2.37056810354552	25.6353994916804	1827.652	124.049
1.59316872546502	20.2260438191649	1382.908	91.695
0.0245499803600157	0.439019648784281	25.639	2.934
26.7528085977531	57.2721741822607	5145.938	1105.861
0.225409819672144	3.73679701056239	169.095	15.897
83.3940732847414	99.8671601062719	10752.801	3347.114
5.38038569569144	37.473090021528	3086.028	243.071
0.4694696244243	7.54091396726883	354.302	30.008
17.8516657186674	49.952660037872	4300.672	742.88
0.00403999676800259	0.0727199418240465	5.557	0.802
90.57373754101	100.0	11190.603	3473.054
6.54347476522019	30.3242157406274	2320.301	269.818
57.1986142411086	91.7322466142027	10005.331	2276.194
0.711929430456456	10.880991295207	558.4	45.702
0.0617399506080395	1.0963791228967	55.033	5.07
0.00536999570400344	0.0966599226720619	7.536	0.958
0.000989999208000634	0.0178199857440114	3.614	0.56
10.4945016043987	35.6991914406468	2912.964	431.028
0.204389836488131	3.49631720294624	167.935	14.919
0.0119299904560076	0.213119829504136	10.794	1.242
34.0844027324778	57.1333942932846	5767.039	1346.437
66.7106166315067	96.2387230090216	10931.102	2668.692
0.00865999307200554	0.1558798752961	9.703	1.11
47.2834721732223	83.1327534937972	8937.844	1959.626
0.0414999668000266	0.737819409744472	36.083	3.965
1.05274915780067	14.8706881034495	838.182	66.706
0.0530399575680339	0.930599255520596	45.402	4.205
0.131719894624084	2.29373816500947	108.205	10.131
2.06907834473732	17.8772256982194	1364.148	99.203
0.00776999378400497	0.139139888688089	8.461	1.494
75.3765596987522	98.479181216655	10541.253	2994.702
0.00177999857600114	0.0320399743680205	3.34	0.541
