51.1367790905767	99.4994204004637	11445.808	3022.405
7.31145415083668	65.3073677541058	5680.871	324.336
0.00373999700800239	0.0673199461440431	7.104	0.478
0.000599999520000384	0.0107999913600069	2.466	0.41
0.0527299578160337	0.941759246592603	77.989	2.416
0.0107699913840069	0.193679845056124	18.265	0.704
9.5375223699821	64.6743082605534	6470.25	400.942
0.00328999736800211	0.0592199526240379	6.291	0.751
0.000919999264000589	0.0165599867520106	2.869	0.46
30.2438458049234	86.6321306942954	11475.628	1214.497
0.0263499789200169	0.472139622288302	38.723	1.134
4.31732654613876	46.7589225928619	4245.526	200.234
73.0593415525268	99.999460000432	15207.351	6741.163
0.0226199819040145	0.405359675712259	36.297	0.985
43.2817553745957	99.0980207215834	10973.329	3024.336
19.8702541037967	73.9392608485913	10225.16	795.748
57.5854739316209	99.5633203493437	11831.839	3350.532
0.0157199874240101	0.282419774064181	25.302	1.279
0.00535999571200343	0.0964799228160617	9.341	0.636
0.0801599358720513	1.42145886283291	116.03	3.993
0.918629265096588	14.1616686706651	1185.263	49.256
78.6682370654104	100.0	15625.864	7471.554
0.252109798312161	4.39343648525081	346.615	11.969
0.733089413528469	11.8423705261036	966.203	41.278
66.2762669789864	99.98290001368	13352.232	5296.73
3.14709748232201	40.0240479807616	3771.123	154.821
0.00219999824000141	0.0395999683200253	5.018	0.474
0.608359513312389	10.1687318650145	823.397	35.032
0.0379599696320243	0.679319456544435	56.855	1.704
16.3722269022185	83.1145735083412	8664.497	714.386
0.184959852032118	3.25403739677008	258.035	10.674
0.407259674192261	6.98525441179647	561.824	22.456
2.08353833316933	29.5851363318909	2621	106.862
