0.000789999368000506	0.0142199886240091	5.143	0.407
0.00191999846400123	0.0345599723520221	9.748	0.449
0.00245999803200157	0.0440999647200282	12.725	0.51
0.00277999777600178	0.0498599601120319	13.735	0.48
0.00559999552000358	0.100259919792064	25.815	0.588
0.00744999404000477	0.134099892720086	33.663	0.675
0.0112599909920072	0.202139838288129	49.336	0.855
0.0144899884080093	0.259559792352166	62.307	1.07
0.0194299844560124	0.348659721072223	85.015	1.325
0.0430399655680275	0.767879385696491	183.235	2.535
0.0572699541840367	1.01465918827265	248.697	3.325
0.0822299342160526	1.42721885822491	338.91	4.782
0.0903499277200578	1.59047872761702	388.627	4.764
0.210169831864135	3.5976571218743	854.939	12.418
0.235529811576151	3.9072568741945	887.182	16.447
0.471509622792302	7.61525390779687	1742.21	32.14
0.615009507992394	9.25145259883792	1996.361	39.536
0.658219473424421	9.12905269675784	1844.664	39.364
1.30542895565684	15.8880472895622	2622.968	92.737
2.38186809450552	25.8854192916646	3072.352	165.145
3.37507729993816	28.9272368582105	2138.927	181.101
4.58784632972294	28.9162568669945	1510.241	186.722
6.77832457734034	31.4182548653961	1503.722	228.082
11.1695410643671	38.8445089243929	1717.404	281.763
17.0199263840589	44.3510645191484	1869.736	330.646
24.925170059864	49.3228405417276	2047.308	399.545
37.2660101871919	73.2360014111989	3536.694	571.227
46.7668325865339	77.5622979501616	2910.729	631.915
57.1310542951566	90.7318074145541	3063.226	718.546
66.2718469825224	93.9118648705081	3056.065	946.053
74.3239105408716	96.6314826948138	2926.173	949.575
83.7021030383176	99.929260056592	2832.92	1035.009
90.580797535362	100.0	2883.407	1034.239
