0.400389679688256	6.5698147441482	3927.81	32.411
38.9517988385609	73.1695814643348	3941.324	583.162
0.199049840760127	3.41873726501019	2178.47	16.506
14.075858739313	49.8138801488959	4374.278	369.731
1.2423890060888	16.5263267789386	7490.318	99.246
81.6680546655563	99.960220031824	2916.91	830.882
0.603179517456386	9.43577245138204	5303.239	46.227
29.0178367857306	64.131068695145	4151.233	494.845
88.7092790325768	99.999640000288	2945.451	842.664
43.8972448822041	77.6821778542577	4735.355	624.818
76.0632691493847	97.7357818113746	3042.445	833.065
63.7685389851688	95.6881034495172	3039.096	801.98
68.5287651769879	97.8880616895507	3043.052	776.361
72.8923516861186	98.442101246319	2982.931	855.222
46.1843830524936	69.6759642592286	2738.283	549.799
1.89771848182521	22.6844818524145	7823.034	144.356
9.39170248663801	44.6525642779486	4495.317	313.564
58.4739532208374	88.6227491018007	3600.984	720.168
0.880259295792563	12.8356097315122	6662.39	78.033
85.0081019935184	99.965440027648	2958.555	883.534
19.0906047275162	55.3166557466754	4581.829	428.774
0.0974199220640623	1.71035863171309	1123.565	7.682
50.1555198755841	72.3846020923183	2787.932	584.268
23.9420708463433	58.1705534635572	4590.454	453.641
0.279819776144179	4.685036251971	2859.304	20.177
34.0765427387658	70.305063755949	4903.554	562.953
2.54222796621763	19.7726241819007	1487.518	136.149
2.80091775926579	28.4610372311702	5376.85	194.538
91.5516967586426	99.999820000144	2962.385	847.927
5.85813531349175	34.0962927229658	4205.481	234.858
