0.00427999657600274	0.0768599385120492	7.529	0.873
0.00505999595200324	0.0910799271360583	23.496	0.843
0.00560999551200359	0.100979919216065	8.824	0.878
0.0059399952480038	0.106739914608068	26.921	0.875
0.00634999492000406	0.114119908704073	11.69	1.353
0.0064099948720041	0.115379907696074	11.115	0.904
0.00782999373600501	0.14093988724809	12.031	1.047
0.00848999320800543	0.152639877888098	13.299	1.046
0.0092199926240059	0.165239867808106	41.234	1.13
0.00994999204000637	0.178739857008114	14.801	1.388
0.0108499913200069	0.194939844048125	16.504	1.279
0.0128799896960082	0.230399815680147	19.457	1.921
0.0148999880800095	0.267479786016171	22.021	1.515
0.0154399876480099	0.276839778528177	68.178	1.53
0.0160299871760103	0.287459770032184	24.336	1.566
0.0169199864640108	0.303839756928194	23.592	2.426
0.0181799854560116	0.325799739360209	25.058	1.793
0.0201899838480129	0.361619710704231	88.308	2.004
0.0206299834960132	0.370079703936237	29.678	2.67
0.023419981264015	0.420479663616269	35.203	2.051
0.0271899782480174	0.487259610192312	39.334	2.366
0.0276399778880177	0.496079603136317	37.392	2.543
0.0345299723760221	0.619919504064397	148.238	2.487
0.0365399707680234	0.653039477568418	159.434	2.846
0.0536799570560344	0.959219232624614	74.044	5.502
0.0542499566000347	0.969659224272621	69.685	4.391
0.0560199551840359	1.00043919964864	82.758	4.304
0.0690399447680442	1.22993901604879	92.899	7.239
0.0737499410000472	1.31147895081684	94.654	7.746
0.0780199375840499	1.39175888659289	108.594	5.67
0.079709936232051	1.4117388706089	105.406	6.599
0.0801599358720513	1.42199886240091	345.231	5.705
0.0818799344960524	1.46501882798494	354.539	5.929
0.0847799321760543	1.51055879155297	108.149	6.479
0.115699907440074	2.0383183693453	153.235	8.643
0.118619905104076	2.10635831491335	163.607	8.315
0.148419881264095	2.60729791416167	201.386	10.901
0.155219875824099	2.73671781062575	656.254	11.363
0.166839866528107	2.93561765150588	223.566	15.489
0.174299860560112	3.03101757518594	719.196	12.372
0.209229832616134	3.63905708875433	271.269	17.952
0.222319822144142	3.86189691048247	282.657	18.785
0.23373981300815	4.0665567467546	313.28	18.252
0.373209701432239	6.38963488829209	472.301	29.097
0.388699689040249	6.64505468395625	1592.269	29.451
0.396249683000254	6.78077457538034	543.033	31.031
0.397799681760255	6.83423453261237	511.896	35.553
0.529509576392339	8.84429292456566	2202.579	39.616
0.565429547656362	9.44981244015005	695.94	47.21
0.59438952448838	9.95687203450237	783.782	44.369
0.636279490976407	10.6410514871588	827.132	55.66
0.685479451616439	11.0575711539431	928.138	50.662
0.7806193755045	12.5769499384401	987.243	82.167
2.92560765951387	32.9081136735091	2009.153	229.318
3.06477754817796	38.8400089279929	2812.018	277.776
3.24875740099408	41.4656668274665	7652.898	301.734
3.95246683802653	42.8934256852595	2792.128	303.227
4.12424670060264	44.7242042206366	4183.735	310.087
4.93613605109116	54.2168566265147	3541.156	393.696
4.98768600985119	45.0474839620128	2453.773	310.199
5.48860560911551	48.7896809682552	3037.252	356.38
7.30236415810867	65.2380678095458	3252.869	457.748
7.32578413937269	65.4814276148579	3138.743	490.528
9.33823252941398	63.3685893051286	2594.098	450.515
9.47199242240606	64.2358286113371	3168.402	452.897
