1.59503872396902	5.22035582371534	142.774	32.64
0.0415999667200266	0.679859456112435	30.196	3.494
0.14046988762409	1.85129851896118	61.726	8.227
0.0130899895280084	0.228959816832147	13.982	1.466
0.470739623408301	3.57713713829029	104.931	19.58
0.00915999267200586	0.161459870832103	9.025	1.227
1.06837914529668	4.64615628307497	128.441	28.296
97.1558322753342	99.6635802691358	3290.288	888.317
0.00112999909600072	0.0201599838720129	2.545	0.545
5.39014568788345	9.03509277192578	256.012	67.893
47.3108121513503	50.9473392421286	1856.131	457.489
0.713029429576456	4.14017668785865	121.312	22.241
2.32917813665749	5.3191757446594	149.472	40.191
57.3077241538207	60.939491248407	2178.284	569.388
0.00646999482400414	0.115559907552074	7.283	0.939
12.1386902890478	15.7836473730821	434.372	134.856
0.00387999689600248	0.0692999445600443	5.438	0.722
0.00205999835200132	0.0365399707680234	3.564	0.595
0.0182699853840117	0.314459748432201	15.623	1.928
87.3109301512559	90.9395272483782	3013.221	838.638
0.319849744120205	3.01121759102593	88.746	15.105
0.0641799486560411	0.995939203248637	34.006	4.565
67.3112161510271	70.9512632389894	2497.764	656.965
0.212849829720136	2.43593805124956	79.298	11.796
0.0963299229360617	1.4012988789609	46.81	6.427
0.00290999767200186	0.0521999582400334	4.449	0.64
27.3048281561375	30.9446752442598	834.434	300.059
0.0282599773920181	0.476999618400305	23.139	2.589
37.3069801544159	40.9456472434822	1391.847	383.415
77.3104581516335	80.9545752363398	2774.713	710.644
3.5956271234983	7.24139420688463	200.271	51.185
18.2125154299877	21.851622518702	597.823	202.939
8.09222352622118	11.7210506231595	325.033	99.769
