0.00060999951200039	0.010979991216007	2720.682	519.365
0.00110999911200071	0.0199799840160128	2670.532	517.488
0.0024999980000016	0.0449999640000288	2719.685	524.709
0.00275999779200177	0.0494999604000317	2652.227	517.506
0.00494999604000317	0.0889199288640569	2670.991	521.63
0.00768999384800492	0.138419889264089	2703.537	507.3
0.00799999360000512	0.143819884944092	2634.975	506.362
0.0151499878800097	0.272339782128174	2709.376	530.854
0.0241099807120154	0.433259653392277	2623.144	531.678
0.0363199709440232	0.650699479440416	2670.638	535.667
0.0486099611120311	0.869939304048557	2643.482	521.633
0.0805699355440516	1.43531885174492	2732.419	535.706
0.107999913600069	1.90691847446522	2677.64	518.572
0.10929991256007	1.93967844825724	2729.411	503.356
0.197529841976126	3.4396172483062	2708.775	529.002
0.363599709120233	6.22367502105998	2691.211	522.913
0.4686196251043	7.84367372506102	2663.743	524.267
0.598589521128383	9.6902922477662	2734.352	518.298
1.17271906182475	17.9436456450835	2712.117	509.946
1.57356874114501	22.3163821468943	2678.312	515.475
1.94394844484124	25.2231998214401	2675.803	511.7
2.98207761433791	33.4499132400694	2716.865	514.747
5.25197579841936	47.0154223876621	2658.074	522.339
11.2053510357192	77.7874777700178	2624.863	515.875
16.9974764020189	87.468410025272	2639.004	532.274
24.6000703199437	89.9117280706175	2636.216	554.691
34.5462323630141	97.5347219722224	2660.937	573.076
43.3089753528197	99.1248407001274	2672.725	568.268
51.0489391608487	99.4578404337277	2690.779	563.078
57.4269640584288	99.5156203875037	2672.827	602.025
66.0877071298343	99.975340019728	2679.46	591.791
72.7297418162065	99.998740001008	2680.566	597.92
78.6711270630984	100.0	2694.478	568.419
