0.00107999913600069	0.0194399844480124	14.551	0.566
0.012519989984008	0.224819820144144	480.542	5.641
0.0414899668080266	0.740699407440474	1713.881	18.311
1.58719873024102	20.1043639165089	4425.885	339.306
0.695009443992445	10.5384515692387	4936.461	226.67
0.416149667080266	6.64127468698025	4074.887	158.375
75.4631896294483	98.6314610948311	8873.264	5502.081
90.55548755561	100.0	8496.243	6738.742
35.7226414218869	61.8126705498636	6859.551	2230.86
0.211659830672135	3.61997710401832	5127.906	94.1
7.68491385206892	37.6041299166961	4054.8	570.235
2.22820821743343	23.5787211370231	3525.752	325.135
17.4340160527872	46.6633426693259	5023.055	1054.864
5.38627569097945	37.5954899236081	5029.686	507.808
0.0060899951280039	0.10943991244807	83.305	1.671
47.2558421953262	82.6969738424209	8250.874	2971.022
0.0601799518560385	1.06739914608068	2416.575	27.209
0.0032799973760021	0.0590399527680378	44.062	1.033
0.00289999768000186	0.0521999582400334	39.489	0.957
27.2929781656175	63.5745091403927	6542.864	1853.702
0.00104999916000067	0.0188999848800121	14.311	0.571
0.310089751928198	5.17841585726731	5269.975	130.6
1.06251914998468	14.9795880163296	5724.211	278.543
0.0071799942560046	0.129059896752083	224.608	2.831
0.0895099283920573	1.57301874158501	3247.567	39.841
0.0238499809200153	0.427319658144273	994.7	10.352
0.0146899882480094	0.263519789184169	526.343	5.778
0.137329890136088	2.38553809156953	4305.668	59.91
3.5980571215543	32.1119743104205	5053.865	428
66.6860466511627	96.1501630798695	8839.025	4829.138
83.9361528510777	99.967780025776	9008.981	5860.021
10.0780319375744	34.1699126640699	3474.939	674.75
54.0358567713146	77.1063583149134	8599.689	3372.867
