0.00449999640000288	0.0806399354880516	57.174	0.725
0.0057799953760037	0.104039916768067	71.512	0.858
0.00603999516800387	0.10871991302407	77.467	0.84
0.00620999503200397	0.111779910576072	76.424	0.789
0.00756999394400484	0.135539891568087	94.699	0.882
0.00777999377600498	0.13985988811209	96.466	0.994
0.007809993752005	0.14039988768009	98.65	0.943
0.00879999296000563	0.157139874288101	114.175	1.14
0.00894999284000573	0.161099871120103	112.969	1.082
0.0092199926240059	0.165779867376106	114.407	1.055
0.0110899911280071	0.199439840448128	138.688	1.118
0.0128099897520082	0.229499816400147	160.312	1.279
0.0149199880640095	0.266939786448171	184.279	1.476
0.01569998744001	0.279899776080179	197.373	2.254
0.0182899853680117	0.32777973777621	230.017	2.474
0.0185699851440119	0.333179733456213	232.923	1.632
0.0185699851440119	0.333179733456213	237.39	1.779
0.0196099843120126	0.350819719344225	247.755	1.695
0.0230999815200148	0.411659670672263	281.354	2.952
0.0248899800880159	0.442799645760283	308.856	1.991
0.0270099783920173	0.48455961235231	336.092	2.11
0.0349599720320224	0.620999503200397	426.295	3.955
0.0407999673600261	0.723959420832463	501.284	2.857
0.0424699660240272	0.758699393040486	530.471	3.076
0.0465699627440298	0.824399340480528	572.241	3.463
0.0606399514880388	1.07639913888069	736.432	3.889
0.0608299513360389	1.07927913657669	730.061	4.004
0.0613099509520392	1.08539913168069	748.45	4.065
0.0875899299280561	1.54241876606499	1078.534	5.662
0.0918199265440588	1.61297870961703	1093.541	7.945
0.092189926248059	1.62053870356904	1130.396	5.943
0.0938699249040601	1.65455867635306	1136.649	5.825
0.130639895488084	2.27411818070546	1565.139	8.107
0.131379894896084	2.28113817508946	1560.245	10.544
0.136599890720087	2.31983814412948	1607.569	7.875
0.138189889448088	2.41361806910554	1691.321	8.574
0.141669886664091	2.46401802878558	1721.786	9.189
0.207419834064133	3.55409715672227	2446.96	12.304
0.209529832376134	3.5949571240343	2398.519	15.987
0.212059830352136	3.62789709768232	2471.217	13.11
0.263479789216169	4.36157651073879	3019.962	18.563
0.285669771464183	4.74785620171504	3209.252	19.81
0.286789770568184	4.76585618731505	3339.903	19.249
0.305309755752195	5.08679593056326	3478.2	20.172
0.427089658328273	6.82217454226037	4753.756	27.175
0.464129628696297	7.44191404646876	5005.416	31.449
0.470179623856301	7.57331394134885	5299.219	29.255
0.473279621376303	7.63559389152489	5324.82	30.392
0.666019467184426	10.0958319233345	6921.82	42.84
0.716229427016458	10.952991237607	7479.188	40.026
2.84240772607382	23.448401241279	10446.779	137.973
3.04972756021795	25.2548797960962	11252.708	156.397
3.19106744714604	26.7126986298411	12810.45	157.026
3.56090715127428	31.4945748043402	15057.248	187.46
4.46910642471486	28.095457523634	11068.179	217.269
5.11988590409128	33.8158529473176	13710.157	258.221
5.38359569312345	37.5841499326801	16554.175	278.084
5.39241568606745	37.6187099050321	16580.387	287.726
6.44330484535612	29.8673761060991	10344.524	304.375
7.46809402552478	35.7135914291269	13111.427	360.291
8.04444356444515	41.9739864208109	17204.344	400.902
8.08133353493317	42.5791459366833	17411.124	407.173
8.89493288405369	30.6321954942436	9148.555	395.97
11.2860509711592	39.5490283607773	13458.847	518.643
12.1260802991358	47.7390218087826	17775.565	603.073
12.1436702850638	48.0041615966707	18694.25	590.615
17.149506280395	45.0033839972928	13794.366	817.423
17.9328356537315	50.7174794260165	16630.535	884.347
18.1639954688036	53.6844170524664	18503.684	901.122
18.2108154313477	54.4877564097949	19178.411	908.332
24.3796904962476	47.8432417254066	12385.625	1099.264
24.7761201791039	48.9000208799833	12331.345	1158.499
26.8729885016092	58.2821533742773	16831.723	1336.148
27.2501681998654	62.5944099244721	19799.682	1316.268
35.0869019304785	59.7122522301982	14121.288	1665.864
36.8628905096876	68.2962653629877	18893.732	1752.88
37.0820103343917	70.5491435606852	19586.672	1832.859
37.3154401476479	73.6512610789911	21333.654	1872.271
44.7168242265406	68.727905017676	15350.027	2127.275
46.4785528171577	75.5590795527364	17727.981	2267.321
47.1385822891342	81.1064951148039	21691.657	2245.11
47.1696722642622	81.4254548596361	21698.155	2246.333
55.4275556579555	80.8418953264837	17670.956	2657.796
56.5567147546282	85.864611308311	23115.385	2685.559
56.8295845363324	87.8842096926322	20726.596	2770.59
57.1405642875486	90.8408873272901	22989.988	2724.73
63.7261790190568	86.3479109216713	16817.962	3032.786
65.7150774279381	91.6042667165866	18887.069	3185.362
65.8500873199301	92.120686303451	19158.402	3168.274
66.8762964989628	97.3844220924623	22647.531	3269.776
74.4618604305116	96.85306251755	24620.027	3496.091
75.3538797168962	98.450201239839	19172.838	3641.679
75.3677997057602	98.473241221407	19664.587	3621.408
75.3689897048082	98.477021218383	19566.641	3630.887
83.1499934800052	99.7931801654559	18751.3	3957.836
83.6964630428296	99.9280000576	19291.539	3901.135
83.8765828987337	99.95860003312	19121.043	4009.701
84.1305526955578	99.989740008208	20233.841	4036.35
90.565907547274	100.0	20081.926	4101.236
90.567247546202	100.0	18470.301	4137.575
90.577957537634	100.0	18951.915	4299.233
90.600107519914	100.0	18748.36	4297.23
