52.2076582338734	77.6135979091217	2706.939	565.632
0.282869773704181	4.73309621352303	2664.714	525.531
1.29557896353683	17.4362260510192	2659.799	530.408
0.0879999296000563	1.54151876678499	2669.177	496.994
42.5477159618272	68.778844976924	2726.05	558.092
88.6808590553128	99.999640000288	2656.431	568.899
13.5579491536407	43.9390448487641	2664.969	535.683
70.234003812797	92.2893461685231	2705.277	592.725
0.601349518920385	9.43703245037404	2734.948	513.002
81.5359047712762	99.91990006408	2689.984	599.789
29.0829367336506	65.4574876340099	2708.768	568.046
0.391569686744251	6.39629488296409	2726.686	496.649
58.7970829623336	91.3555069155945	2727.343	571.533
39.040568767545	74.6639402688478	2714.275	565.359
61.9110504711596	86.6067507145994	2717.819	573.285
4.10727671417863	32.768253785397	2720.646	564.453
84.7040722367422	99.929260056592	2713.605	588.702
6.17426506058795	37.6926898458481	2724.957	524.914
1.29764896188083	14.8903080877535	2710.001	530.235
77.5225479819616	99.7591601926718	2692.818	594.718
15.7127774297781	38.3819092944726	2685.314	556.667
67.8425657259474	94.5416843666525	2697.804	571.32
24.0811807350554	60.4178516657187	2700.353	533.837
0.198429841256127	3.40271727782618	2711.304	495.588
91.5442567645946	100.0	2647.289	557.216
48.7139010288792	80.6980754415396	2716.662	557.185
0.897709281832574	13.1513294789364	2732.499	534.473
9.39595248323801	44.6100843119326	2698.768	571.055
2.52791797766562	24.4664804268157	2714.695	499.21
33.3281333374933	62.6100699119441	2696.922	531.856
