0.000879999296000563	0.0158399873280101	12.699	0.631
0.00188999848800121	0.0340199727840218	25.182	0.674
0.00278999776800179	0.0496799602560318	69.1	1.522
0.00407999673600261	0.0719999424000461	117.568	1.86
0.00586999530400376	0.104759916192067	201.46	3.476
0.00872999301600559	0.153539877168098	275.459	5.09
0.0102099918320065	0.178739857008114	320.692	5.676
0.0188599849120121	0.324179740656207	487.154	9.437
0.0280099775920179	0.4692596245923	664.451	13.065
0.0414299668560265	0.674819460144432	817.176	18.625
0.06253994996804	0.964079228736617	894.196	23.917
0.0951999238400609	1.37825889739288	944.097	29.563
0.14022988781609	1.84067852745718	979.048	33.324
0.213269829384136	2.43467805225756	865.635	38.759
0.317739745808203	3.03551757158594	898.071	43.197
0.475189619848304	3.57803713757029	898.772	50.121
0.709209432632454	4.10507671593863	907.689	63.327
1.06844914524068	4.63337629329897	951.426	79.356
1.60621871502503	5.23565581147535	985.988	98.667
2.39956808034554	6.02819517744386	1050.095	136.6
3.5960871231303	7.21691422646862	1181.018	210.48
5.39443568445145	9.02537277970178	1361.777	305.856
7.808563753149	10.1890718487425	1147.262	485.216
12.1412002870398	15.7715873827301	1774.423	723.709
18.2020954383236	21.84586252331	2265.148	1083.144
27.3078581537135	30.9488152409478	2968.215	1575.389
37.3122801501759	40.9566272346982	3743.258	2156.017
47.3154421476463	50.9572392342086	4373.755	2841.043
57.3091241527007	60.936251250999	4964.907	3355.879
67.3075861539311	70.9546832362534	5821.435	4238.668
77.3030481575615	80.9430552455558	6786.545	4488.692
87.3030001575999	90.9559072352742	7115.099	5107.356
97.0441623646701	99.3876404898876	7231.4	5590.033
