72.5504919596064	99.997840001728	2751.815	807.668
0.594889524088381	9.96335202931838	347.892	46.933
0.035909971272023	0.642599485920411	24.975	3.417
43.5232551813959	99.4061804750556	2719.414	774.042
13.8614989108009	69.8305841355327	2265.957	515.587
1.73266861386511	24.5069803944157	787.114	174.08
59.426052459158	99.949960040032	2716.464	823.54
0.876489298808561	13.5259091792727	475.356	88.891
0.200799839360129	3.49235720611424	143.936	18.382
0.00476999618400305	0.085859931312055	5.415	1.165
78.6707770633784	100.0	2684.907	830.441
0.0178999856800115	0.321479742816206	16.932	2.174
0.00168999864800108	0.0304199756640195	3.001	0.603
7.63618389105289	53.5287171770263	1824.325	391.969
0.0102999917600066	0.184499852400118	8.634	1.284
6.73581461134831	59.2647725881819	2004.855	435.653
2.59499792400166	32.878053697557	990.731	231.854
0.0111499910800071	0.200159839872128	9.166	1.425
0.00182999853600117	0.0329399736480211	3.188	0.724
0.889569288344569	14.3195285443772	511.453	90.365
31.8033645573084	90.2539077968738	2700.164	713.174
0.0306499754800196	0.548999560800351	21.889	3.596
0.00723999420800463	0.129959896032083	8.453	1.083
51.2573689941048	99.5723203421437	2717.214	819.166
25.5386195691043	94.4596044323165	2718.381	690.359
0.000679999456000435	0.0122399902080078	2.493	0.487
0.143279885376092	2.52521797982562	90.837	13.185
0.0948799240960607	1.68479865216108	63.232	7.992
0.333749733000214	5.70041543966765	196.218	27.895
0.0715299427760458	1.27349898120082	49.455	6.128
66.6322966941626	99.994240004608	2822.993	820.376
0.00274999780000176	0.0494999604000317	4.203	0.72
4.76616618706705	52.1079783136174	1592.685	368.895
