0.00199999840000128	0.0179999856000115	13.514	0.443
8.09299352560518	8.11007351194119	529.287	158.883
0.0429999656000275	0.0599399520480384	46.977	0.809
27.3109781512175	27.3279381376495	1237.212	532.428
37.3109701512239	37.3280101375919	1752.036	720.798
0.211999830400136	0.230039815968147	63.662	4.169
0.141999886400091	0.158039873568101	52.486	2.161
1.59899872080102	1.61603870716903	166.754	26.267
57.3099541520367	57.3277941377647	2488.716	1138.309
0.00699999440000448	0.0239399808480153	18.008	0.469
1.06599914720068	1.08395913283269	132.291	17.912
5.39599568320345	5.41403566877147	522.632	108.255
0.013999988800009	0.0300599759520192	22.565	0.566
0.316999746400203	0.333899732880214	67.837	5.27
0.0099999920000064	0.028079977536018	21.355	0.539
67.3109461512431	67.3278661377071	2897.609	1302.976
0.0949999240000608	0.111959910432072	51.66	1.514
3.5979971216023	3.61385710891431	266.663	70.667
77.3109381512495	77.3279381376495	3237.1	1557.851
97.3109221512623	97.3279021376783	3873.801	2331.058
0.00299999760000192	0.0199799840160128	15.247	0.423
0.0199999840000128	0.035999971200023	28.743	0.94
0.0289999768000186	0.0460799631360295	39.334	0.677
0.00399999680000256	0.0219599824320141	16.967	0.464
0.711999430400456	0.728099417520466	122.201	13.347
2.39899808080154	2.41595806723355	236.379	48.094
18.2079854336117	18.2258854192917	929.672	366.561
0.00299999760000192	0.0199799840160128	15.503	0.455
0.063999948800041	0.0820799343360525	49.568	1.081
87.3109301512559	87.3280101375919	3609.043	1757.522
0.472999621600303	0.489959608032314	72.839	7.249
12.1379902896078	12.1539502768398	739.901	243.705
47.3109621512303	47.3279021376783	1982.298	942.993
