89.102488718009	92.7587857929714	2700.169	592.554
0.898009281592575	4.41341646926682	2708.892	524.789
1.29956896034483	4.91219607024314	2721.511	547.706
69.1006347194922	72.7176018259185	2721.414	550.21
1.90184847852122	5.54867556105955	2712.471	501.433
49.1022207182234	52.7318578145137	2681.447	560.14
0.200449839640128	2.3441381246895	2698.699	490.428
19.1005847195322	22.7401018079186	2670.456	520.739
84.1041127167098	87.7222098222321	2723.212	587.559
54.1066767146586	57.745753803397	2720.976	534.132
29.1020967183226	32.7327938137649	2709.256	524.983
24.1010507191594	27.7300578159537	2672.113	553.745
14.072558741953	17.3469461224431	2701.497	507.026
4.20495663603469	7.84115372707702	2645.84	502.899
0.300499759600192	2.94533764372988	2717.177	548.472
39.103308717353	42.7244058204753	2717.8	528.857
0.402629677896258	3.37355730115416	2697.264	508.354
64.099948720041	67.7326858138513	2682.903	576.486
94.0928547257162	97.6965418427665	2650.185	584.61
6.29665496267603	9.96191203047038	2710.117	511.923
2.80328775736979	6.44525484379612	2635.733	514.381
44.0951247239002	47.7467618025906	2719.04	576.614
98.6272010982391	99.99730000216	2705.836	566.75
9.40355247715802	13.0285695771443	2716.372	521.522
0.600639519488384	3.9124768700185	2722.201	526.849
0.100599919520064	1.44971884022493	2712.111	534.161
74.0963207229434	77.7383378093297	2712.285	585.34
34.0991127207098	37.7513697989042	2701.419	521.524
59.1030527175578	62.7416498066802	2754.342	552.881
79.0997067202346	82.7392738085809	2673.88	553.739
