1.85115851907318	17.8838856928914	1829.995	118.423
68.0136555890755	95.258443793245	3030.765	803.573
4.23426661258671	24.3734205012636	3924.864	170.304
0.603419517264386	9.44423244461404	5267.376	45.816
72.9219416624467	98.5367811705751	2973.289	783.572
91.5474567620346	99.999820000144	2916.866	867.569
0.295459763632189	4.95611603510717	2988.388	22.853
29.0749667400266	65.3775676979458	4912.656	527.868
63.8007589593928	96.0173231861415	3090.304	808.244
43.699585040332	75.5932795253764	4963.8	614.62
0.198579841136127	3.41045727163418	2157.261	14.538
77.4797880161696	99.6947202442238	2953.645	842.428
84.5762223390221	99.9055000755999	2944.306	892.564
9.381572494742	44.4542044366365	4247.107	322.418
37.7084698332241	64.4032284774172	2566.237	531.198
19.0808047353562	55.1017359186113	4467.515	420.206
14.089358728513	50.2147398282081	4489.561	379.478
56.4951548038762	80.5139355888515	3005.328	634.696
1.23942900845679	16.4460468431625	7607.064	95.5
88.6934590452328	99.999460000432	2958.641	886.231
81.307184954252	99.8297201362239	2942.17	866.598
0.893649285080572	13.1200095039924	6775.32	83.499
49.0418607665114	84.7311522150782	4137.869	659.858
2.95847763321789	22.4117820705743	1579.691	148.662
0.100289919768064	1.76633858692913	1169.877	9.616
53.8540669167465	87.0184103852717	3434.847	697.46
1.88858848912921	22.5624419500464	7866.595	142.025
23.8933808852953	57.5229139816688	4595.071	448.578
34.0784327372538	70.361583710733	5049.368	539.585
0.302579757936194	4.91345606923514	2875.972	23.973
