9.40218247825402	44.7209642232286	2867.095	323.51
0.596869522504382	9.35279251776599	332.091	44.987
0.599269520584384	9.34991252006998	319.527	46.78
0.401199679040257	6.57449474040421	258.188	32.401
0.302169758264193	5.06537594769924	381.221	20.679
2.79952776037779	28.3359373312501	839.945	190.042
0.100829919336065	1.77011858390513	130.87	7.129
0.199019840784127	3.41801726558619	251.254	13.681
2.80398775680979	28.4700372239702	1763.222	186.132
0.199089840728127	3.41909726472219	129.201	17.515
0.395319683744253	6.48071481542815	227.34	32.832
0.397199682240254	6.51455478835617	1523.36	28.561
6.30486495610803	39.6995082403934	1115.885	292.907
2.78816776946578	28.144597484322	859.357	186.291
4.19797664161869	34.342352526118	2828.504	228.303
0.601539518768385	9.43037245570204	2129.272	42.397
0.301019759184193	5.05205595835523	187.205	26.722
0.29751976198419	4.82831613734709	375.508	21.854
4.19672664261869	34.2595525923579	1081.784	239.373
0.186409850872119	3.19103744717004	126.925	16.466
3.93497685201852	23.0783215373428	2229.552	146.944
2.79886776090579	28.4372772501782	3002.593	187.33
9.381502494798	44.6804642556286	1206.378	320.911
3.97739681808255	23.2844213724629	1136.922	151.354
0.29735976211219	4.98383601293119	176.692	24.749
4.19458664433068	34.2894325684539	921.011	232.865
0.598099521520383	9.377632497894	726.551	41.494
0.153329877336098	2.56787794569764	614.855	11.053
0.199759840192128	3.42899725680219	830.724	15.902
7.40605407515674	30.6374154900676	1049.484	238.747
4.20786663370669	34.375832499334	1834.75	223.165
4.94652604277917	27.8097977521618	996.271	192.351
0.0981299214960628	1.7260186191851	86.914	7.346
0.101329918936065	1.78019857584114	435.639	7.292
8.14247348602121	33.8196329442936	1643.28	249.262
0.0988499209200633	1.72961861630511	69.098	9.361
