5.44010564791548	48.448041241567	2589.338	514.374
78.6717470626023	100.0	2634.941	599.504
72.7122218302225	99.998740001008	2637.778	595.643
0.377749697800242	6.46757482594014	2617.93	536.166
0.0149299880560096	0.268379785296172	2625.304	533.767
0.727389418088466	11.7466106027115	2629.489	540.771
49.5712503429997	98.460821231343	2672.728	571.588
0.0051599958720033	0.0925199259840592	2613.66	533.824
0.00448999640800287	0.0808199353440517	2635.425	524.31
65.5214475828419	99.949420040464	2638.451	606.328
3.23276741378607	41.2561469950824	2692.725	544.113
1.22170902263278	18.6553650757079	2699.492	540.483
0.0269699784240173	0.483299613360309	2686.305	525.895
0.0612599509920392	1.0904391276487	2673.633	532.387
0.00165999867200106	0.0298799760960191	2630.398	514.231
0.00336999730400216	0.0606599514720388	2674.287	535.085
0.616719506624395	10.3091317526946	2627.558	512.825
24.4477104418316	89.2849685720251	2703.245	574.012
2.06564834748132	29.2375566099547	2695.465	520.597
59.407902473678	99.94780004176	2710.79	598.212
0.108299913360069	1.92185846251323	2705.571	547.01
4.50757639393888	48.7862609709912	2680.512	555.133
30.5724255420596	87.3730101015919	2641.277	568.34
0.0225799819360145	0.40589967528026	2701.183	512.145
0.0415899667280266	0.742499406000475	2712.842	534.626
40.560757551394	95.0966239227009	2712.141	569.824
0.00175999859200113	0.0316799746560203	2698.594	523.944
0.105619915504068	1.86461850830519	2726.921	555.05
0.0092199926240059	0.165599867520106	2655.038	541.602
0.28147977481618	4.90013607989114	2651.315	521.908
9.48441241247007	64.3150285479772	2708.956	558.464
0.000879999296000563	0.0158399873280101	2711.711	551.544
16.7144166284667	85.4333316533347	2700.006	574.791
