0.185309851752119	3.25979739216209	2152.916	10.936
0.6245295003764	10.4450316439747	7046.369	40.122
2.70861783310573	34.30401255679	21518.197	158.852
49.0344007724794	98.0311615750707	31111.418	2688.092
78.6513970788823	100.0	32358.432	4304.457
58.0277335778131	99.6830202535838	36708.277	3241.284
3.66123707101034	39.9056080755135	21800.482	209.893
34.0020527983578	95.9793432165254	33179.948	1880.985
11.1892510485992	77.6371778902577	32966.492	639.523
59.1865726507419	99.916840066528	34626.5	3385.951
73.0726315418948	99.999460000432	31905.589	4129.117
0.0840399327680538	1.50227879817696	1026.394	5.615
0.00814999348000522	0.146519882784094	102.687	0.942
0.274169780664175	4.77701617838706	3186.089	19.528
34.8467021226383	98.400341279727	35092.554	2009.333
0.037499970000024	0.67121946302443	452.02	2.818
0.0556299554960356	0.994679204256637	686.49	3.606
0.555099555920355	9.02843277725378	6217.644	36.405
0.401319678944257	6.7156146275083	4536.054	26.687
0.612789509768392	9.93419205264636	6852.412	39.548
78.6691070647144	100.0	31783.998	4437.292
4.29783656173075	46.5697427442058	25789.733	242.399
6.43108485513212	56.5253547797162	26405.319	364.731
0.00509999592000326	0.0917999265600588	64.788	0.739
11.2894709684232	78.6178171057463	34402.335	634.871
5.51208559033153	48.9729208216633	22756.22	302.188
66.0942071246343	99.975520019584	31850.444	3752.211
4.5323963740829	49.0956807234554	27077.59	261.428
0.270819783344173	4.64651628278697	3182.208	18.836
65.3544477164418	99.938440049248	31002.184	3690.488
25.4214996628003	93.8665049067961	35029.003	1402.179
0.0169499864400108	0.303659757072194	216.498	1.609
0.0992199206240635	1.75463859628912	1192.597	5.906
10.5964015228788	72.3352821317743	30876.026	576.23
0.269029784776172	4.684136252691	3239.265	17.786
50.5717895425684	99.1622806701755	36964.506	2800.743
32.2664241868607	91.3988868808905	31530.01	1819.309
0.153789876968098	2.70917783265773	1872.646	9.439
0.0073399941280047	0.131939894448084	92.836	0.986
65.3939976848018	99.9415000468	35616.541	3726.265
24.3313605349116	88.7928489657208	32881.299	1385.899
51.2476190019048	99.5615203507837	36683.712	2840.729
0.0326999738400209	0.584819532144374	405.56	2.418
0.00552999557600354	0.0995399203680637	70.284	0.81
0.0714399428480457	1.27277898177681	879.657	4.522
0.0120699903440077	0.216899826480139	153.694	1.243
0.0176599858720113	0.317159746272203	222.939	2.541
78.6643970684823	100.0	32362.006	4287.282
0.00807999353600517	0.145259883792093	102.543	1.047
3.21971742422606	41.1148471081223	26976.905	184.949
0.638279489376409	10.3534117172706	7097.441	41.08
38.3815892947286	91.6058867152906	30322.544	2060.425
2.89042768765785	36.5586907530474	23852.557	165.04
51.8669685064252	99.8588801128959	35198.73	2980.121
6.53676477058818	57.4849340120528	27711.687	364.435
43.5849351320519	99.4704404236477	35425.226	2505.541
0.258099793520165	4.43807644953884	3083.035	17.918
0.0254999796000163	0.457559633952293	320.774	2.097
0.276429778856177	4.81787614569908	3349.551	17.964
23.395861283311	85.1849318520545	31318.195	1267.043
0.447899641680287	7.4995140003888	5155.276	30.455
0.0417999665600268	0.747719401824478	514.942	3.084
0.0118999904800076	0.212759829792136	149.462	1.315
0.0798099361520511	1.42199886240091	990.891	5.144
12.473320021344	64.2059486352411	25106.199	651.929
13.3312293350165	67.5804059356752	26054.857	731.139
72.6581618734705	99.998560001152	31614.904	4082.128
7.29060416751667	65.1100879119297	32086.696	405.106
66.0987871209703	99.977140018288	34975.047	3739.938
0.0897499282000574	1.59155872675302	1107.676	5.592
72.9990216007827	99.999280000576	34085.367	3986.36
78.6502270798183	100.0	32042.999	4432.491
43.3072553541957	99.1221407022874	36578.44	2485.177
0.0239699808240153	0.429119656704275	300.205	3.025
0.00520999583200333	0.09377992497606	66.631	0.835
0.00982999213600629	0.176399858880113	124.701	1.041
16.1645370683703	81.6866346506923	32474.982	880.31
72.7062418350065	99.997480002016	33791.874	4134.164
0.0930699255440596	1.64627868297705	1145.044	8.061
0.00528999576800339	0.0952199238240609	66.882	0.802
25.5522295582164	94.5296243763005	35409.769	1425.282
4.62105630315496	50.2476798018562	28233.304	266.506
0.224229820616143	3.9068968744825	2708.968	16.603
15.1012879189697	75.7363794108965	29616.856	850.846
0.0134699892240086	0.241919806464155	166.048	1.333
59.5314823748141	99.962380030096	34989.463	3294.272
0.369709704232237	6.22079502336398	4356.453	23.199
0.0627099498320401	1.11743910604872	780.969	4.304
0.0293799764960188	0.526499578800337	368.857	2.223
0.0369099704720236	0.660419471664423	462.272	2.65
8.7501929998456	59.7860521711583	25479.936	484.784
0.0388099689520248	0.695519443584445	487.954	2.927
0.0852999317600546	1.51235879011297	1054.511	5.394
0.00713999428800457	0.127799897760082	91.192	0.897
0.0215799827360138	0.386639690688247	272.27	1.798
0.0169499864400108	0.304559756352195	214.452	1.457
33.3934832852134	94.3102045518364	33679.015	1849.95
0.403399677280258	6.90569447544442	4736.571	26.817
0.185929851256119	3.2740173807861	2270.981	11.197
0.403529677176258	6.91883446493243	4930.119	27.832
0.694179444656444	11.2152510277992	7764.185	47.004
59.38791248967	99.944020044784	33805.189	3375.161
0.00491999606400315	0.0883799292960566	63.082	0.768
0.00590999527200378	0.106379914896068	73.606	0.83
0.183149853480117	3.21587742729806	2233.637	11.56
42.3766460986831	97.8562017150386	33330.884	2351.913
