0.00060999951200039	0.010979991216007	2638.793	708.298
0.00147999881600095	0.0266399786880171	2556.035	755
0.00152999877600098	0.0275399779680176	2636.265	731.69
0.00213999828800137	0.0385199691840247	2688.927	702.681
0.00545999563200349	0.0982799213760629	2686.749	751.794
0.00675999459200433	0.121679902656078	2674.092	728.614
0.00694999444000445	0.12509989992008	2600.587	713.972
0.017219986224011	0.309239752608198	2687.906	707.426
0.020339983728013	0.365219707824234	2633.91	732.352
0.0241699806640155	0.433259653392277	2595.38	725.584
0.0354599716320227	0.635219491824407	2692.048	726.279
0.0580699535440372	1.03589917128066	2601.927	700.712
0.0936099251120599	1.65833867332906	2674.72	727.028
0.161569870744103	2.84273772580982	2649.955	732.913
0.272549781960174	4.74947620041904	2599.516	755.255
0.424319660544272	7.27433418053266	2645.69	696.178
0.460509631592295	7.71209383032494	2619.96	759.635
0.910699271440583	14.6766482586814	2619.185	706.745
1.01336918930465	15.553967556826	2615.943	720.771
1.79754856196115	25.4562996349603	2657.653	749.87
2.68586785130572	33.9987328010138	2663.39	716.576
3.2813573749141	36.2390110087912	2650.982	743.557
5.38852568917945	48.0372815701747	2646.414	739.69
10.0812119350305	68.3814052948758	2699.222	716.031
15.7205274235781	79.0379367696506	2681.706	730.31
22.2881421694863	81.26597498722	2678.773	771.075
34.8140721487423	98.3018813584949	2680.113	778.681
41.8979464816428	97.1617622705902	2676.905	787.267
51.1498690801047	99.5071603942717	2638.861	793.515
57.9220836623331	99.6580002735998	2656.67	767.07
65.0520779583376	99.9179200656639	2684.334	768.987
72.9179016656787	99.999820000144	2646.245	803.796
78.6721270622983	100.0	2644.98	772.437
