89.108058713553	92.7546457962834	2684.532	715.179
59.0963127229498	62.7414698068242	2689.975	701.987
78.8675469059625	81.324654940276	2665.983	708.272
2.80146775882579	6.44993484005213	2642.976	650.725
39.096508722793	42.7431258054994	2690.89	688.889
74.1008507193194	77.7188978248817	2717.16	716.707
94.0004447996442	96.814902548078	2690.765	726.458
0.600369519704384	3.91895686483451	2689.139	640.344
0.298809760952191	2.94767764185789	2699.122	663.191
9.40256247795002	13.0543095565524	2657.035	639.77
54.0994767204186	57.737473810021	2689.678	726.821
1.89843848124921	5.50457559633952	2653.504	649.395
6.29779496176403	9.91835206531835	2654.661	650.706
1.30008895992883	4.90985607211514	2708.753	647.939
49.0962507229994	52.7219578224337	2697.245	662.848
4.19990664007469	7.84187372650102	2689.09	628.165
64.098488721209	67.7350258119794	2685.496	719.755
34.0971727222618	37.7497498002002	2648.818	684.18
14.103948716841	17.7470858023314	2690.55	677.935
69.0723047421562	72.3628221097423	2697.977	726.987
98.6739510608392	99.999640000288	2667.836	739.109
29.1031567174746	32.736033811173	2690.988	657.417
19.0718947424842	22.3459021232783	2689.983	669.327
0.100869919304065	1.43387885289692	2656.255	628.82
23.7533509973192	26.0337391730087	2710.925	654.496
44.1046147163082	47.7485618011506	2688.377	669.975
84.1038427169258	87.7360698111441	2646.619	716.615
0.897369282104574	4.43609645112284	2658.001	666.854
0.400269679784256	3.35789731368215	2719.339	643.372
0.202179838256129	2.36501810798551	2715.422	633.234
