0.00106999914400068	0.0192599845920123	3.313	0.555
0.00194999844000125	0.0350999719200225	4.149	0.713
0.00262999789600168	0.0473399621280303	5.019	0.724
0.00380999695200244	0.0685799451360439	7.267	0.722
0.00533999572800342	0.0959399232480614	8.783	0.836
0.00895999283200574	0.160559871552103	14.844	1.163
0.0133099893520085	0.238679809056153	22.279	1.897
0.0193799844960124	0.347219722224222	31.154	1.872
0.0264199788640169	0.471959622432302	39.655	2.25
0.0431599654720276	0.768419385264492	64.54	3.409
0.0613899508880393	1.0897191282247	87.357	4.885
0.0936299250960599	1.65275867779306	132.842	7.96
0.141559886752091	2.46491802806558	193.076	10.345
0.145649883480093	2.47265802187358	203.364	10.66
0.247249802200158	4.09265672587462	330.674	15.528
0.444669644264285	7.13879428896457	594.2	32.169
0.509779592176326	7.67699385840491	670.719	31.624
1.04284916572067	14.6640482687614	1419.487	65.134
1.52679877856098	19.0765647387482	1974.761	89.956
2.3360581311535	24.999820000144	2685.884	125.991
3.19029744776204	26.6990186407851	2731.791	155.354
5.38705569035545	37.6079099136721	4147.246	251.416
5.84885532091574	27.5012779989776	2683.382	254.924
12.1132803093758	47.6286818970545	5522.494	516.289
18.0146155883075	51.622518701985	5823.692	758.998
23.5855411315671	46.0623231501415	4992.72	924.97
36.7398806080955	67.214286228571	7531.757	1503.955
47.2745021803983	82.9822736141811	10256.177	1891.435
57.0037443970045	89.4172684661852	10724.39	2347.829
66.3878168897465	94.4759844192125	10732.438	2594.423
74.0096507922794	96.0497231602215	11864.379	2989.653
84.1328826936938	99.99010000792	11659.71	3365.221
90.584607532314	100.0	11912.003	3483.654
