0.138299889360089	2.41163807068954	1624.407	7.22
0.00520999583200333	0.09377992497606	65.177	0.6
0.00201999838400129	0.0361799710560232	25.891	0.463
0.0119199904640076	0.214019828784137	146.037	0.847
0.000909999272000582	0.0163799868960105	12.243	0.423
1.47975881619295	18.3833852932918	11615.621	80.396
57.1692942645646	91.2574069940744	22738.346	2513.283
0.0680099455920435	1.19681904254477	825.983	3.695
46.860452511638	78.3825572939542	19226.349	2093.459
8.09720352223718	42.7703057837554	17465.317	357.77
37.3142901485679	73.6611610710711	21226.882	1706.488
2.39552808357753	26.0961991230407	14470.792	121.133
0.305759755392196	5.09237592609926	3509.476	19.222
16.9027164778268	43.802964957628	13102.55	700.632
82.9685736251411	99.7424202060638	22064.919	5039.711
0.0185299851760119	0.332639733888213	230.152	1.829
0.00841999326400539	0.151379878896097	106.061	1.012
0.949519240384608	13.1813894548884	9052.682	52.186
0.0153999876800099	0.274679780256176	193.011	0.93
0.497169602264318	7.44551404358876	5209.1	28.432
0.14008988792809	2.39363808508953	1658.834	7.38
9.79575216339827	33.2186134251093	10543.281	394.286
5.32706573834741	36.5552707557834	15736.257	251.461
27.2905381675695	63.6171691062647	20729.35	1191.94
0.0302699757840194	0.539279568576345	375.446	1.511
0.42219966224027	6.74171460662831	4686.934	25.323
0.0641899486480411	1.13669909064073	788.408	3.356
0.00177999857600114	0.0320399743680205	23.669	0.47
74.2088606329115	96.4183628653097	18467.55	3484.901
0.0023499981200015	0.0422999661600271	30.628	0.485
66.8787864969708	97.4263620589104	23052.372	3179.673
90.595857523314	100.0	18971.604	5434.553
3.18046745562604	26.577158738273	12142.102	149.094
