68.3633453093237	96.91786246571	2983.197	999.636
1.66828866536907	19.1971646422683	572.747	128.326
1.90493847604922	22.7327218138226	663.945	146.215
88.7071290342968	99.999640000288	2778.367	1216.948
2.31735814611348	22.1426822858542	611.685	143.242
1.19337904529676	15.8074073540741	552.19	94.316
73.0198915840867	98.8208209433433	2940.897	971.022
75.3649097080722	96.6723426621259	2856.835	1168.55
58.8075129539896	91.4807868153705	2751.105	995.971
1.12658909872872	13.1151495078804	911.145	71.981
52.2076582338734	77.6135979091217	2551.573	638.346
52.5463379629296	78.8087969529624	2947.366	618.612
34.0452127638298	69.8109641512287	2112.109	536.556
91.5516967586426	99.999820000144	2795.914	1231.075
85.4037916769667	99.994060004752	2832.405	1218.379
23.5918811264951	54.4465364427708	1736.478	432.455
29.0771467382826	65.4389476488419	2027.205	520.314
34.0633727493018	70.1005839195329	2158.712	555.962
0.897829281736575	13.1698694641044	423.162	80.189
29.0793667365066	65.4191476646819	2549.934	504.319
88.7138590289128	99.999640000288	2933.763	1040.329
84.5432723653821	99.9006400794879	2959.936	1082.786
55.8485953211237	78.9166168667065	2734.19	665.733
1.29135896691283	17.4367660505872	3466.226	95.818
0.902769277784578	13.2240494207605	455.103	77.577
70.8237633409893	93.4579052336758	3043.422	1568.465
85.3806416954866	99.993880004896	3005.017	1672.976
1.69774864180109	16.5839267328586	1007.605	95.087
43.3660353071718	72.8659217072626	2258.254	592.277
75.8277093378325	97.4040420767663	3006.962	984.718
47.7980617615506	74.9056800754559	2881.981	585.964
91.5520067583946	99.999820000144	2964.593	1047.632
1.28901896878483	17.2789061768751	1292.992	93.189
77.5493679605056	99.7931801654559	3181.866	1581.613
14.030368775705	49.0049607960314	2908.193	358.909
81.6774646580283	99.963460029232	2963.77	1022.237
88.5436091651127	99.99820000144	2923.314	1031.626
58.8436629250697	91.7419666064267	3052.108	907.336
53.7132070294344	85.6232315014148	2580.625	710.747
23.8854308916553	57.2232142214286	2593.245	437.875
47.9497916401667	75.5014795988163	2842.342	608.409
45.4982736013811	68.0851255318996	2049.891	572.747
39.006058795153	74.2375206099835	2809.058	560.462
60.4814516148387	83.0929735256212	2807.239	716.246
72.9595316323747	98.6534210772631	2835.875	1174.788
28.9445568443545	62.9986896010483	2880.521	471.164
19.0865947307242	55.4593956324835	2313.471	417.129
81.5216947826442	99.9154000676799	2976.58	989.69
18.8568249145401	51.8716385026892	1371.104	393.232
0.904479276416579	13.2562693949845	2815.61	74.567
85.1176019059185	99.975340019728	2953.345	1027.957
48.8457009234393	81.9625744299405	2629.185	657.852
17.155606275515	42.3325461339631	1879.482	335.036
88.7159090272728	99.999640000288	2934.18	1659.755
33.9945828043338	69.0169847864122	2638.226	535.42
43.2321654142677	72.0188423849261	2511.899	580.331
80.3669757064194	99.2882805693755	2829.401	1204.182
1.28850896919282	17.258386193291	544.886	99.361
68.4108152713478	97.1840822527342	2990.178	951.643
76.1394590884327	97.8407217274226	2961.34	1028.269
39.058198753441	74.947440042048	3528.919	593.335
80.4436356450915	99.3428205257436	3109.95	1676.317
33.5563431549255	64.1787686569851	2556.757	483.787
14.090148727881	50.0934199252641	1351.903	371.468
63.1668594665124	91.5023867980906	2756.563	1054.292
0.883169293464565	12.8842096926322	1004.657	75.943
53.4270472583622	83.3150933479253	2876.115	657.265
43.8890048887961	77.5689579448336	2502.165	629.273
68.0207055834355	95.342323726141	3053.645	1518.779
21.6315226947818	45.8297633361893	1805.088	358.126
61.4155608675513	85.2632317894146	3064.408	703.152
91.5520067583946	99.999820000144	2944.075	1611.83
38.8340889327289	71.86206251035	2164.777	586.136
2.57571793942565	25.1562398750081	748.024	169.345
70.6540934767252	93.1027655177876	3065.935	962.75
19.0716247427002	55.0275759779392	1719.116	405.436
91.5511267590986	99.999820000144	2918.502	1067.129
13.8394189284649	46.4441028447177	1478.494	340.915
12.2527401978078	37.2590701927438	1528.911	275.128
43.68642505086	75.4489196408643	3605.172	582.804
39.073208741433	75.2798997760802	2401.351	594.208
62.553639957088	88.7978889616888	3046.705	739.007
1.89153848676921	22.6340818927345	3577.13	139.36
67.8617457106034	94.6230443015646	2789.551	1116.891
24.0877507297994	60.5080315935747	1815.711	481.21
29.0829367336506	65.4529876376099	2046.437	503.18
2.23315821347343	21.2648229881416	1644.092	134.47
55.2519257984594	77.6170179063857	2914.117	642.372
