0.000559999552000358	0.0100799919360065	8.254	0.403
0.00166999866400107	0.0300599759520192	21.733	0.524
0.00210999831200135	0.0379799696160243	27.297	0.59
0.00247999801600159	0.0446399642880286	31.749	0.554
0.00550999559200353	0.0989999208000634	67.655	0.746
0.00715999427200458	0.128879896896082	88.098	0.951
0.0108199913440069	0.194579844336125	130.673	1.082
0.0117099906320075	0.210599831520135	142.26	1.216
0.0175399859680112	0.315179747856202	215.195	1.489
0.0287099770320184	0.514799588160329	346.629	2.132
0.037519969984024	0.67175946259243	447.672	2.594
0.0770899383280493	1.36817890545688	900.746	4.805
0.0791199367040506	1.4110188711849	952.671	4.95
0.160559871552103	2.82905773675381	1918.178	9.75
0.28185977451218	4.91759606592315	3338.21	17.483
0.321039743168205	5.48657561073951	3730.86	18.633
0.542159566272347	9.0550727559418	6168.283	33.444
0.729579416336467	11.7293306165355	7760.579	40.897
0.884359292512566	13.6679290656567	9126.411	52.925
1.93243845404924	27.2924781660175	17983.589	111.476
3.11240751007399	39.4811684150653	24556.469	176.606
4.65833627333098	50.6935394451684	27865.8	249.922
4.76236619010705	43.3704253036598	19881.684	253.068
11.2820809743352	78.4831772134582	34013.483	613.782
13.0074995940003	66.1899070480744	25072.703	701.857
22.7280118175905	82.771673782661	29058.08	1255.79
33.7474430020456	95.271943782445	31667.624	1903.009
42.3377661297871	97.7615217907826	31161.733	2377.936
51.8725985019212	99.8610401111679	34623.848	2967.695
57.2784741772207	99.4724204220637	35665.453	3140.002
64.9360480511616	99.9058600753119	29776.451	3620.477
72.9154416676467	99.998740001008	31720.178	3916.509
78.6863170509464	99.999640000288	31854.683	4277.449
