38.4207792633766	99.9370000504	40356.219	2173.131
12.444080044736	89.2817285746171	39427.551	714.781
0.153359877312098	2.71403782876974	1887.846	11.266
50.1952098438321	99.997840001728	39680.425	2948.548
52.7594777924178	99.99910000072	39092.728	3081.566
60.5329115736707	99.999820000144	39426.863	3541.883
0.588929528856377	10.0763919388864	6908.685	38.791
0.228799816960146	4.03271677382658	2749.849	13.391
0.409179672656262	7.10837431330055	4830.489	27.895
47.2676021859182	99.99370000504	40779.946	2770.105
0.789019368784505	13.2134294292565	9228.41	50.577
35.5478015617588	99.9109000712799	41186.733	2020.392
1.90949847240122	29.2022766381787	20524.17	113.313
20.2094838324129	95.7804433756453	38006.445	1124.199
0.0501299598960321	0.898019281584575	632.822	3.278
32.5904639276289	99.8497001202399	40250.151	1909.746
0.123059901552079	2.1931182455054	1528.652	7.615
6.4085048731961	69.1356046915162	39534.175	361.602
1.14992908005674	18.6121651102679	12834.817	71.901
58.0878135297492	99.999820000144	40260.852	3317.334
43.710185031852	99.965980027216	38881.845	2571.234
24.7485702011438	98.5079811936151	41303.349	1407.882
55.3833456933234	99.999460000432	39118.081	3244.388
41.7229566216347	99.981640014688	41094.248	2362.4
29.1876666498667	99.6202003038398	40396.213	1720.175
2.77353778116978	39.4185284651772	27642.565	165.834
16.7754965796027	92.7634657892274	40086.953	944.065
4.07228674217061	52.0071783942573	34502.399	249.655
16.3478469217225	95.4443836444931	39843.488	946.013
9.60207231834215	83.1577734737812	39926.391	549.938
