5.38915568867545	37.5989099208721	16107.351	258.784
1.8760984991212	19.3508845192924	10058.279	93.129
75.7394194084645	99.1412206870234	19925.143	4449.824
2.99035760771391	24.6855402515678	10807.902	138.755
0.0123099901520079	0.221219823024142	153.963	0.86
0.280259775792179	4.47461642030686	3105.342	17.197
0.00565999547200362	0.101519918784065	71.934	0.521
83.5762131390295	99.9080200735839	21703.928	4955.051
0.00266999786400171	0.0480599615520308	34.178	0.473
0.117979905616076	2.04335836531331	1422.005	6.283
0.0805099355920515	1.41785886571291	981.249	4.579
90.596967522426	100.0	18590.798	5658.634
27.2849881720095	63.4035092771926	20579.984	1210.818
1.27585897931282	15.552167558266	9691.988	68.207
18.1922254462196	54.1619566704347	18944.353	816.408
0.208329833336133	3.55733715413028	2445.806	13.958
0.0416099667120266	0.741239407008474	513.679	3.269
0.00838999328800537	0.151019879184097	106.201	0.627
0.00276999778400177	0.0498599601120319	35.742	0.431
37.2439902048078	72.8095817523346	20950.704	1686.202
44.8448441241247	69.0983447213242	14902.867	1932.221
0.0273499781200175	0.488699609040313	339.905	1.454
55.5061255950995	81.1138751088999	17659.441	2368.529
66.7460166031867	96.4523828380937	24224.755	3139.843
0.00205999835200132	0.0370799703360237	26.688	0.466
11.2120410303672	39.096148723081	13407.661	468.739
0.292009766392187	4.86071611142711	3315.257	19.131
0.0181099855120116	0.323999740800207	224.09	1.034
0.0586599530720375	1.03949916840067	763.631	3.002
0.804049356760515	11.0869111304711	7690.407	42.141
0.00088999928800057	0.0160199871840103	12.169	0.391
8.07746353802917	42.5658259473392	17788.957	364.178
0.689279448576441	10.4783316173347	7233.241	35.319
