1.58494873204101	24.6038203169437	12772.86	173.997
44.4923444061245	99.987040010368	2715.841	1521.929
58.0836235331012	99.999820000144	2769.087	1531.238
52.9443076445539	99.999460000432	2797.743	1591.46
16.3396269282985	95.4272836581731	2917.981	1406.568
0.539809568152345	9.25163259869392	5654.756	39.53
0.146899882480094	2.60603791516967	1677.625	10.058
29.3835664931468	99.6778002577598	2754.773	1538.922
32.4244240604608	99.8111801510559	2692.502	1548.435
41.3674169060665	99.97030002376	2798.311	1500.534
22.4018020785583	98.3202413438069	2832.78	1506.953
