0.0419699664240269	0.682559453952437	464.025	2.177
8.09273352581318	11.7084506332395	2675.896	200.824
0.14038988768809	1.85345851723319	1245.838	5.577
67.3100161519871	70.9435232451814	5227.331	1701.412
87.3088001529599	90.9481672414662	6208.188	2210.561
0.065569947544042	0.934919252064598	639.507	2.723
1.07652913877669	4.67405626075499	2241.335	28.141
3.60181711854631	7.24841420126864	2458.261	96.6
77.1087283130174	79.625996299203	5719.898	1935.31
27.3122681501855	30.9432352454118	3558.631	660.031
0.00888999288800569	0.1565998747201	106.255	0.608
37.3103001517599	40.9557272354182	3996.536	932.47
0.0127999897600082	0.225899819280145	155.945	0.778
0.0196399842880126	0.338399729280217	233.208	1.065
0.3128297497362	3.00779759376193	1985.039	11.215
0.00189999848000122	0.0340199727840218	24.571	0.428
0.00418999664800268	0.0743399405280476	52.221	0.56
5.39785568171545	9.02483278013378	2578.378	136.718
0.00323999740800207	0.0583199533440373	40.574	0.502
47.3139921488063	50.9462592429926	4434.201	1187.268
97.0439823648141	99.3961004831196	6766.277	3770.177
17.9031756774595	20.241523806781	2231.309	446.972
0.0630299495760403	0.974879220096624	672.912	3.05
1.60295871763303	5.24591580326736	2381.616	42.704
12.1373202901438	15.7733873812901	2855.685	308.893
0.0010899991280007	0.0196199843040126	14.927	0.417
0.0284199772640182	0.477719617824306	338.481	1.518
2.39657808273753	6.01109519112385	2465.51	64.494
0.716659426672459	4.12433670053064	2294.014	24.415
0.163629869096105	1.78109857512114	1206.704	6.208
0.00557999553600357	0.0993599205120636	70.125	0.937
0.471459622832302	3.5879371296503	2231.943	16.503
57.3130941495247	60.950831239335	4871.908	1432.159
