64.100948719241	64.117928705657	2482.636	561.128
1.90099847920122	1.91789846568123	156.674	17.724
44.1009647192282	44.1179647056282	1882.64	410.172
99.1009207192634	99.1178207057434	2967.168	871.113
29.1009767192186	29.1180367055706	1255.535	260.717
59.1009527192378	59.1178927056858	2385.879	565.291
14.100988719209	14.118108705513	728.927	129.569
59.1009527192378	59.1178927056858	2390.738	522.35
94.1009247192602	94.1177847057722	3270.857	821.446
14.100988719209	14.118108705513	1050.516	127.883
0.900999279200577	0.917999265600588	40.896	8.287
94.1009247192602	94.1179647056282	3140.455	820.558
84.1009327192538	84.1178927056858	3027.114	730.727
24.1009807192154	24.1180007055994	1344.628	218.444
34.1009727192218	34.1178927056858	1341.307	314.943
69.1009447192442	69.1179647056282	2391.974	601.674
0.900999279200577	0.917999265600588	54.256	8.369
1.90099847920122	1.91789846568123	77.743	17.14
24.1009807192154	24.1178207057434	1282.84	219.285
14.100988719209	14.117928705657	966.508	125.887
99.1009207192634	99.1178207057434	2987.126	891.805
79.1009367192506	79.1178567057146	2953.229	700.123
19.1009847192122	19.1179647056282	959.282	168.486
49.1009607192314	49.1180007055994	1857.387	456.03
34.1009727192218	34.1178927056858	1645.383	315.534
69.1009447192442	69.1179647056282	2642.246	638.542
64.100948719241	64.117928705657	2359.585	551.428
89.100928719257	89.117928705657	3071.816	802.492
1.90099847920122	1.91789846568123	172.523	17.804
54.1009567192346	54.1180367055706	2039.317	493.938
14.100988719209	14.117928705657	724.187	124.617
79.1009367192506	79.1180367055706	2997.053	696.219
39.100968719225	39.118108705513	1682.16	361.684
49.1009607192314	49.1180007055994	1936.44	446.863
24.1009807192154	24.1180007055994	1025.734	213.824
89.100928719257	89.117928705657	3007.314	790.585
19.1009847192122	19.1181447054842	1091.865	166.61
0.900999279200577	0.917999265600588	121.543	8.32
49.1009607192314	49.1180007055994	1835.942	448.369
39.100968719225	39.117928705657	1736.905	361.671
74.1009407192474	74.1180007055994	2770.006	636.305
94.1009247192602	94.1179647056282	3085.113	814.011
54.1009567192346	54.1180367055706	2178.805	503.475
94.1009247192602	94.1177847057722	3117.669	859.612
1.30099895920083	1.31813894548884	61.938	12.305
1.30099895920083	1.31795894563284	53.135	12.253
69.1009447192442	69.1179647056282	2687.329	624.534
19.1009847192122	19.1179647056282	894.566	174.585
74.1009407192474	74.1180007055994	2689.925	637.719
54.1009567192346	54.1178567057146	2013.474	491.974
34.1009727192218	34.1180727055418	1614.269	317.545
49.1009607192314	49.1180007055994	2116.898	449.422
2.80099775920179	2.8180777455378	194.915	26.483
84.1009327192538	84.1178927056858	2953.959	732.559
34.1009727192218	34.1178927056858	1313.781	316.012
59.1009527192378	59.1178927056858	2108.213	545.551
79.1009367192506	79.1178567057146	2705.718	700.512
89.100928719257	89.117928705657	3199.992	764.362
74.1009407192474	74.1178207057434	2591.453	667.667
89.100928719257	89.117928705657	3193.56	769.712
99.1009207192634	99.1178207057434	3019.832	872.333
79.1009367192506	79.1178567057146	2702.836	670.79
1.30099895920083	1.31795894563284	58.805	13.215
64.100948719241	64.117928705657	2298.603	584.592
99.1009207192634	99.1178207057434	3040.713	882.444
24.1009807192154	24.1180007055994	1031.799	216.037
0.900999279200577	0.917999265600588	53.781	9.301
84.1009327192538	84.1180727055418	2891.915	734.347
1.90099847920122	1.91807846553723	262.85	17.928
69.1009447192442	69.1179647056282	2488.966	638.052
44.1009647192282	44.1179647056282	1922.733	416.958
74.1009407192474	74.1180007055994	2794.313	653.405
44.1009647192282	44.1179647056282	1745.017	415.472
39.100968719225	39.118108705513	1561.757	354.983
39.100968719225	39.117928705657	1547.043	349.364
84.1009327192538	84.1178927056858	3086.571	738.347
29.1009767192186	29.1180367055706	1418.613	265.447
29.1009767192186	29.1178567057146	1394.043	270.535
29.1009767192186	29.1178567057146	1256.064	264.179
1.30099895920083	1.31795894563284	153.055	12.357
54.1009567192346	54.1180367055706	2215.12	478.443
64.100948719241	64.117928705657	2485.133	557.535
44.1009647192282	44.1179647056282	1724.728	398.195
19.1009847192122	19.1179647056282	1117.491	176.181
59.1009527192378	59.1178927056858	2134.82	532.258
