99.0592707525834	99.2915205667835	3059.741	1708.645
39.100688719449	39.4716284226973	1797.796	364.598
34.1003927196858	34.4654724276221	1548.534	316.257
94.1004447196442	94.4626644298685	3200.736	1575.471
94.0997847201722	94.4646444282845	3163.756	1645.92
69.0984947212042	69.4698644241085	2644.079	647.857
19.0981447214842	19.4666244267005	1237.099	185.995
1.30011895990483	1.65959867232106	447.505	13.164
39.099008720793	39.4624484300413	1804.606	372.957
44.1003547197162	44.4677044258365	1850.294	400.668
74.1010607191514	74.4628804296957	2920.753	658.789
94.0987147210282	94.4581644334685	3203.563	1569.809
29.0988267209386	29.4566164347069	1530.127	278.399
89.099738720209	89.4638884288893	3244.043	842.897
39.100418719665	39.4640684287453	1824.812	382.001
0.900189279848576	1.26233899012881	304.185	9.411
19.0999147200682	19.4646444282845	1251.669	187.559
44.0588147529482	44.2925645659483	1819.404	410.912
14.098968720825	14.4610084311933	982.639	131.683
1.89892848085722	2.26637818689745	446.691	18.174
89.101888718489	89.4674884260093	3241.101	834.618
49.1000107199914	49.4657604273917	2100.999	467.927
39.099558720353	39.4656884274493	1799.522	362.055
84.1010827191338	84.4638524289181	3157.714	799.228
54.1000267199786	54.4620164303869	2208.071	496.102
99.1007407194074	99.4646804282557	2991.725	1713.426
94.0983347213322	94.4608644313085	3234.252	1580.115
69.0980447215642	69.4590644327484	2628.393	647.359
34.0992127206298	34.4694324244541	1544.239	337.395
49.1007307194154	49.4605404315677	2062.997	471.789
0.899809280152576	1.26179899056081	310.454	9.414
14.099398720481	14.4595684323453	992.886	134.151
14.099448720441	14.4606484314813	1001.704	133.811
59.0998527201178	59.4616924306461	2351.418	562.978
74.1001307198954	74.4621604302717	2870.741	702.073
59.0994027204778	59.4609724312221	2366.236	555.635
79.1011967190426	79.4729964216029	2933.056	740.535
1.89991848006522	2.26439818848145	446.536	17.79
84.0999527200378	84.4647524281981	3162.201	765.272
24.0987607209914	24.4628804296957	1261.835	233.133
29.0989867208106	29.4641764286589	1517.439	279.928
59.0990627207498	59.4618724305021	2351.432	563.227
74.1005807195354	74.4634204292636	2870.28	668.944
24.1007107194314	24.4654004276797	1281.284	223.884
44.1017047186362	44.4664444268445	1831.091	428.306
0.897979281616575	1.26269898984081	309.677	9.952
99.0909307272554	99.3869204904636	3053.248	1636.397
84.1003827196938	84.4607924313661	3122.136	777.279
89.099398720481	89.4651484278813	3265.06	838.95
54.1008467193226	54.4607564313949	2192.429	518.122
24.0989407208474	24.4693604245117	1285.508	230.392
0.901129279096577	1.26395898883281	313.685	9.718
79.0983667213066	79.4603964316829	2939.405	763.103
99.1008507193194	99.4645004283997	3065.621	1632.529
79.1012167190266	79.4666964266429	2917.601	746.052
69.1017447186042	69.4687844249725	2649.543	646.569
64.099408720473	64.4691084247133	2617.988	583.763
89.101018719185	89.4656884274493	3272.339	808.374
49.0990307207754	49.4625204299837	2093.226	455.244
29.0990567207546	29.4605764315389	1517.497	266.015
24.0988607209114	24.4627004298397	1270.065	231.087
1.29856896114483	1.66697866641707	448.197	14.435
19.0994947204042	19.4623044301565	1258.814	178.305
19.1010047191962	19.4662644269885	1238.804	184.764
64.099268720585	64.4620884303293	2634.289	585.48
84.1008527193178	84.4692524245981	3149.654	763.668
34.1008427193258	34.4672724261821	1551.76	322.224
1.90036847970522	2.26223819020945	450.629	18.209
54.1016967186426	54.4639964288029	2220.286	511.979
54.1021767182586	54.4630964295229	2219.44	512.007
44.1007147194282	44.4635644291485	1827.739	419.948
1.29926896058483	1.66787866569707	455.631	13.523
74.0996407202874	74.4621604302717	2894.975	705.126
29.0990667207466	29.4580564335549	1515.767	277.579
34.0991827206538	34.4645724283421	1591.481	319.119
49.0999507200394	49.4592804325757	2083.752	451.727
14.099738720209	14.4622684301853	985.726	128.655
1.30137895889683	1.66247867001706	448.866	13.697
64.099478720417	64.4628084297533	2617.855	601.344
79.0990467207626	79.4641764286589	2944.547	753.558
69.0996447202842	69.4606844314524	2669.026	632.23
59.0982027214378	59.4654724276221	2383.221	569.863
64.101138719089	64.4613684309053	2620.621	599.094
1.90001847998522	2.25557819553744	451.523	17.773
