2.79897776081779	6.43787484970012	2450.087	74.351
29.0964867228106	32.7263138189489	3680.789	729.832
49.1015007187994	52.7439178048658	4514.891	1219.491
64.096578722737	67.6464658828273	5217.88	1553.145
0.199369840504128	2.3504381196495	1603.189	10.375
24.1019007184794	27.7368978104818	3464.165	583.202
0.401859678512257	3.39821728142618	2169.609	14.646
74.1024507180394	77.7424778060178	5613.465	1869.812
1.89843848124921	5.50457559633952	2405.026	52.597
34.1008227193418	37.7238298209361	3920.319	820.871
68.9008048793561	71.4259228592617	5481.625	1665.433
44.0991047207162	47.7395618083506	4375.662	1068.42
84.0980927215258	87.7411098071122	6119.519	2143.439
0.299119760704191	2.94911764070589	1946.155	11.457
0.599059520752383	3.9036568770745	2273.588	22.094
98.5996411202871	99.9955000036	5787.377	3811.333
19.0981047215162	22.7383018093586	3165.453	480.19
79.1019367184506	82.748273801381	5987.827	1919.71
4.20220663823469	7.83647373082102	2606.461	107.139
14.099258720593	17.7485258011794	2968.644	349.78
6.29658496273203	9.90467207626234	2681.995	159.221
54.1000267199786	57.7079538336369	4732.041	1342.474
89.098118721505	92.7517657985874	6269.573	2348.31
1.29745896203283	4.90301607758714	2362.726	40.102
9.40220247823802	13.0372095702323	2754.747	239.384
59.0981127215098	62.7546097963122	4951.091	1476.016
0.0979899216080627	1.4081388734889	990.231	4.195
94.0932347254122	97.6625218699825	6414.387	3823.019
39.099928720057	42.7388058089554	4080.586	973.024
0.903109277512578	4.43573645141084	2395.578	25.012
