47.4944920044064	99.996220003024	2924.028	799.922
6.19852504117997	67.4751060199152	1786.181	480.646
41.6314266948586	99.978040017568	3018.05	804.977
52.9226276618979	99.998920000864	2841.991	783.72
0.371389702888238	6.46811482550814	305.078	30.312
24.2351306118955	98.1287214970228	2397.716	742.639
55.4739356208515	99.999460000432	2863.56	819.552
22.1188223049422	98.0356615714707	2370.22	709.588
58.0308235753411	99.999820000144	2861.14	807.658
0.577409538072369	9.87497210002232	390.911	47.822
0.130659895472084	2.32163814268949	98.486	10.175
17.7616857906514	94.6590442727646	2316.881	688.505
13.8293589365129	88.999848800121	2213.052	648.084
9.5257223794221	82.6867138506289	2091.417	585.863
44.0590747527402	99.976420018864	3072.401	793.265
60.5322515741987	99.999820000144	2863.26	794.96
30.4577256338195	99.3088005529596	2721.651	741.761
49.988320009344	99.996580002736	2942.443	826.028
0.0607799513760389	1.0859391312487	39.744	4.91
1.18241905406476	19.1392046886362	714.383	129.649
3.78135697491442	48.7893209685432	1471.609	339.112
1.68210865431308	25.9827992137606	907.479	176.58
0.841459326832539	14.063748749001	540.051	84.673
37.2427702057838	99.8417801265759	3015.865	739.881
2.85928771256983	40.4987076010339	1284.47	271.063
29.3620165103868	99.6725802619358	2638.887	727.987
0.217209826232139	3.82121694302645	160.022	18.524
12.9856096115123	91.1782070574343	2244.922	658.608
35.3861516910786	99.8903800876959	2977.277	734.585
0.195239843808125	3.45653723477021	159.695	14.391
