74.0999107200714	77.7266378186897	3022.536	690.11
2.80306775754579	6.42131486294811	719.082	40.201
64.099548720361	67.7407858073714	2671.183	603.214
29.1039667168266	32.7300938159249	1696.996	304.241
0.198899840880127	2.35331811734551	435.58	9.304
9.39388248489401	13.0310895751283	1074.119	108.632
0.298099761520191	2.94191764646588	489.482	12.959
94.0929447256442	97.6396618882705	3103.023	1024.688
1.30173895860883	4.91093607125114	625.942	27.951
68.9300248559801	71.5220427823658	2812.496	651.063
84.1019727184218	87.7580297935762	3222.539	789.118
19.1046347162922	22.7532417974066	1387.171	210.608
89.097808721753	92.7348458121234	3198.028	1004.423
39.091978726417	42.7074858340113	1961.012	398.344
6.29977496018003	9.94967204026237	901.016	74.286
4.20216663826669	7.83611373110902	846.416	53.153
79.1034767172186	82.746653802677	3166.314	760.999
34.1080627135498	37.7333698133042	1751.332	348.658
98.6670410663671	99.999640000288	3043.27	1062.011
0.598569521144383	3.9031168775065	545.776	17.307
1.89720848223321	5.55227555817955	642.801	33.176
24.0995307203754	27.7320378143697	1479.541	249.223
44.1020947183242	47.7323618141105	2035.057	429.512
49.1013107189514	52.7592177926258	2299.036	476.918
0.904259276592579	4.44635644291485	599.666	24.32
59.1013227189418	62.7191498246801	2553.534	568.58
54.1026167179066	57.7282938173649	2361.557	569.625
14.093738725009	17.7341258126994	1186.841	151.906
0.401859678512257	3.39821728142618	518.795	14.896
0.101279918976065	1.44593884324893	307.222	5.111
