0.00199999840000128	0.0179999856000115	2594.841	455.921
0.00299999760000192	0.0199799840160128	2594.235	474.361
0.00399999680000256	0.0199799840160128	2593.324	478.946
0.0049999960000032	0.0219599824320141	2624.677	469.547
0.00699999440000448	0.0239399808480153	2637.61	453.575
0.0099999920000064	0.0260999791200167	2589.355	455.677
0.0129999896000083	0.0298799760960191	2606.964	471.285
0.0199999840000128	0.0379799696160243	2638.77	453.547
0.0289999768000186	0.0460799631360295	2624.892	484.62
0.0429999656000275	0.0599399520480384	2659.797	445.1
0.063999948800041	0.0820799343360525	2664.808	451.624
0.0949999240000608	0.111959910432072	2629.623	434.491
0.141999886400091	0.160019871984102	2610.607	470.703
0.211999830400136	0.228059817552146	2830.43	445.151
0.316999746400203	0.334079732736214	2623.553	435.996
0.474999620000304	0.491939606448315	2607.453	450.79
0.711999430400456	0.727919417664466	2610.506	464.915
1.06699914640068	1.08413913268869	2587.247	436.209
1.59899872080102	1.61603870716903	2632.407	467.03
2.39899808080154	2.41595806723355	2602.527	461.753
3.5979971216023	3.61403710877031	2562.329	479.779
5.39499568400345	5.41205567035546	2635.694	478.551
8.09299352560518	8.11007351194119	2625.532	441.874
