0.00100999919200065	0.0181799854560116	2637	677.939
0.00165999867200106	0.0298799760960191	2649.667	647.246
0.00221999822400142	0.0399599680320256	2682.561	675.051
0.00304999756000195	0.0548999560800351	2673.481	648.889
0.00564999548000362	0.101519918784065	2665.61	680.549
0.00863999308800553	0.155159875872099	2679.646	701.788
0.0101399918880065	0.181979854416116	2649.785	717.956
0.010979991216007	0.196559842752126	2623.233	695.298
0.0158299873360101	0.282599773920181	2691.145	646.266
0.0225399819680144	0.399959680032256	2641.929	688.5
0.0621799502560398	1.10483911612871	2653.355	684.904
0.0931499254800596	1.63961868830505	2659.798	683.431
0.137419890064088	2.38859808912153	2668.778	696.212
0.209839832128134	3.5890171287863	2668.824	688.025
0.215869827304138	3.57335714131429	2645.113	698.903
0.471059623152301	7.60445391643687	2550.416	647.029
0.704869436104451	10.7333914132869	2652.239	667.141
0.964459228432617	11.9368704505036	2630.768	660.381
0.98462921229663	13.7755689795448	2670.117	669.773
2.38851808918553	26.0641591486727	2597.167	692.563
3.51222719021825	30.6548754760996	2660.151	696.046
5.39044568764345	37.6005299195761	2615.904	678.188
8.08750352999718	42.7040658367473	2695.138	703.614
12.1435802851358	47.9987616009907	2623.751	682.825
17.9189956648035	50.5770795383364	2682.665	680.6
26.0854391316487	53.3629373096501	2695.441	694.602
35.2406318074946	60.1725118619905	2657.338	726.322
47.2963821628943	83.2528133977493	2707.025	705.023
55.5039455968435	81.1063151149479	2654.611	733.705
63.7794589764328	86.4568108345513	2648.277	752.088
75.6310294951764	98.9443008445593	2646.143	755.304
84.0762427390058	99.984880012096	2672.523	771.896
90.567227546218	100.0	2699.411	764.731
