59.0986627210698	59.4591724326621	2692.355	1140.52
59.1022827181738	59.4636724290621	2636.147	1203.488
84.1000527199578	84.4638524289181	3664.199	1633.774
0.600859519312385	0.96857922513662	488.386	11.12
4.20167663865869	4.56677634657892	627.497	85.736
19.0999547200362	19.4605044315965	1213.191	380.484
0.299989760008192	0.662219470224424	423.098	5.226
0.100199919840064	0.455399635680291	331.753	2.024
94.0984147212682	94.4621244303004	3995.389	2987.169
0.200989839208129	0.565379547696362	377.506	3.373
29.1006867194506	29.4677764257789	1641.76	561.572
99.1005907195274	99.4655804275357	4026.824	3216.17
29.0989467208426	29.4596764322589	1608.72	578.321
0.200209839832128	0.563399549280361	395.405	4.085
0.299549760360192	0.661139471088423	431.198	5.322
74.1013707189034	74.4636004291197	3304.24	1455.492
44.1007747193802	44.4653644277085	2217.969	857.261
44.0986247211002	44.4698644241085	2189.455	854.75
64.100748719401	64.4656884274493	2977.711	1250.839
0.0997399202080638	0.458459633232293	345.701	2.279
0.600209519832384	0.966959226432619	481.209	11.587
9.40094247924602	9.76679218656625	865.785	188.899
0.199839840128128	0.560159551872359	375.079	3.384
0.600439519648384	0.959039232768614	483.969	10.543
74.0986007211194	74.4619804304157	3307.612	1461.587
34.0997827201738	34.4658324273341	1779.833	679.134
69.1010447191642	69.4705844235325	3098.044	1395.018
64.099418720465	64.4622684301853	2888.8	1288.826
59.1022827181738	59.4636724290621	2761.959	1172.929
84.1000927199258	84.4658324273341	3722.328	1666.661
24.0989307208554	24.4598204321437	1406.54	489.086
9.39889248088602	9.76607218714225	850.937	185.564
79.1004667196266	79.4652564277949	3483.868	1527.887
4.20078663937069	4.56731634614692	662.872	87.389
89.100908719273	89.4651484278813	3743.221	1786.172
6.30054495956403	6.66989466408427	767.245	124.904
0.199519840384128	0.557819553744357	394.571	3.56
0.099949920040064	0.456659634672292	328.075	2.08
2.79946776042579	3.16025747179402	663.244	56.867
14.098748721001	14.4642484286013	1046.776	282.464
2.80002775997779	3.16709746632203	641.583	57.606
59.0991927206458	59.4642124286301	2667.525	1193.209
99.1008507193194	99.4645004283997	4192.884	3141.485
49.1004107196714	49.4627004298397	2399.627	997.256
54.1003467197226	54.4648964280829	2556.567	1091.285
2.79990776007379	3.17159746272203	588.475	59.121
19.0985047211962	19.4639244288605	1228.738	386.315
4.20030663975469	4.56425634859492	621.587	85.713
39.099088720729	39.4680284255773	1908.152	794.251
0.399459680432256	0.763739389008489	439.569	6.471
14.097878721697	14.4676684258653	1072.517	268.746
0.100449919640064	0.45341963726429	347.415	2.076
6.30090495927603	6.66377466898027	765.766	123.398
0.399669680264256	0.762299390160488	437.657	6.636
64.101558718753	64.4655084275933	2941.138	1240.604
94.0981747214602	94.4486244411004	4027.41	3009.564
79.0994567204346	79.4659764272189	3536.586	1548.593
19.0988647209082	19.4630244295805	1224.054	381.106
0.299199760640191	0.662039470368424	416.946	4.791
49.1002407198074	49.4682804253757	2384.91	981.213
9.40111247911002	9.76499218800625	905.642	182.456
84.0989727208218	84.4629524296381	3671.373	1637.987
39.098588721129	39.4656884274493	2078.04	760.591
14.098698721041	14.4647884281693	1073.85	280.891
89.100598719521	89.4631684294653	3902.777	1747.098
74.0980407215674	74.4623404301277	3181.309	1490.153
69.1010347191722	69.4664444268445	2975.919	1409.72
39.100558719553	39.4637084290333	2017.488	744.129
0.298049761560191	0.661139471088423	424.499	5.364
84.0985227211818	84.4629524296381	3685.415	1660.675
54.1005467195626	54.4684964252029	2448.171	1099.326
49.0998607201114	49.4652204278237	2339.491	959.88
89.101018719185	89.4656884274493	3857.049	1770.645
14.100388719689	14.4656884274493	1064.117	276.553
0.401309678952257	0.767339386128491	422.249	7.507
99.0915907267274	99.3833204933436	4207.432	3155.607
64.100088719929	64.4698284241373	2982.772	1233.894
24.0986407210874	24.4619804304157	1435.674	484.162
54.0998167201466	54.4657964273629	2553.662	1045.91
6.29913496069203	6.66557466754027	720.684	136.213
24.1001407198874	24.4695404243677	1472.984	472.073
34.0983827212938	34.4588124329501	1771.174	689.909
89.102068718345	89.4667684265853	3910.53	1769.526
74.0997407202074	74.4652204278237	3245.871	1506.609
29.0998367201306	29.4670564263549	1640.947	565.032
0.599489520408384	0.961199231040615	504.577	11.669
69.1010447191642	69.4705844235325	3105.014	1362.661
99.1008507193194	99.4645004283997	4105.345	3220.172
24.1001307198954	24.4670204263837	1477.751	465.182
54.1009067192746	54.4666964266429	2555.153	1042.891
44.0993047205562	44.4704044236765	2211.866	850.112
29.1005867195306	29.4600364319709	1586.111	572.809
9.40062247950202	9.76319218944625	895.054	187.722
94.0976647218682	94.4556444354845	4041.703	2985.067
49.1025907179274	49.4708004233597	2370.51	959.936
79.1014167188666	79.4663364269309	3384.144	1618.801
44.0995547203562	44.4650044279965	2086.925	889.785
94.0997647201882	94.4644644284285	4018.931	2965.792
69.1010247191802	69.4644644284285	3079.191	1351.491
6.30170495863603	6.66971466422827	794.984	122.008
79.0961767230586	79.4627364298109	3319.826	1594.397
39.100918719265	39.4642484286013	1947.692	787.484
34.0979727216218	34.4654724276221	1748.3	690.748
0.398609681112255	0.763559389152489	460.009	8.073
34.0991227207018	34.4631324294941	1803.58	676.949
19.0996147203082	19.4642844285725	1226.722	387.242
4.19997664001869	4.56461634830692	623.167	79.025
