0.334209732632214	5.43707565033948	2693.467	522.437
44.0450047639962	79.8245361403711	2668.471	553.237
0.301869758504193	5.06141595086724	2711.931	518.375
67.9677256258195	95.1108439113249	2710.141	551.749
53.9408568473145	88.1698694641044	2725.774	539.74
91.5474567620346	99.999820000144	2707.913	605.404
8.52374318100546	35.938411249271	2712.477	500.288
1.80338855728915	21.1501630798695	2714.949	522.355
38.9746788202569	73.8314409348473	2721.033	554.498
19.0698247441402	55.0155159875872	2704.06	512.845
46.3833328933337	70.1531438774849	2665.837	548.553
24.0321207743034	59.2635125891899	2720.129	562.562
14.094578724337	50.2359798112162	2680.285	501.275
80.2079058336753	99.1730806615355	2711.868	581.808
77.5641579486736	99.8047001562399	2737.685	563.724
1.11703910636871	14.6021283182973	2651.868	504.844
34.0715327427738	70.372383702093	2702.959	534.187
63.5852191318247	94.1712446630043	2701.998	558.266
28.7529869976104	60.8455313235749	2705.161	542.009
2.38948808840953	22.8002217598226	2667.052	495.715
5.86746530602776	34.2242726205819	2724.153	524.043
73.1014115188708	99.0596807522554	2676.502	582.4
0.503769596984322	7.77437378050098	2768.324	505.593
84.7918921664863	99.941320046944	2676.177	538.671
0.0852099318320545	1.49777880177696	2716.428	473.514
0.198629841096127	3.40361727710618	2749.259	516.319
0.816169347064522	11.8042105566316	2723.652	483.8
3.9105968715225	30.2383558093154	2695.901	485.844
56.0217651825879	79.3210765431388	2706.36	546.568
88.6725590619528	99.999460000432	2705.166	568.89
