0.000719999424000461	0.0129599896320083	10.013	0.376
0.00100999919200065	0.0181799854560116	14.142	0.557
0.00104999916000067	0.0188999848800121	14.311	0.571
0.00105999915200068	0.0190799847360122	14.68	0.586
0.00107999913600069	0.0194399844480124	14.551	0.566
0.00122999901600079	0.0219599824320141	16.421	0.438
0.00177999857600114	0.0320399743680205	24.322	0.538
0.00211999830400136	0.0381599694720244	27.437	0.792
0.00244999804000157	0.0440999647200282	33.764	0.896
0.00276999778400177	0.0498599601120319	35.14	0.911
0.00289999768000186	0.0521999582400334	39.489	0.957
0.0032799973760021	0.0590399527680378	44.062	1.033
0.00334999732000214	0.0602999517600386	43.952	0.852
0.00381999694400244	0.068759944992044	47.826	0.897
0.00411999670400264	0.0741599406720475	56.605	1.225
0.00419999664000269	0.0755999395200484	55.45	1.205
0.00501999598400321	0.0901799278560577	85.321	1.67
0.00582999533600373	0.104579916336067	74.205	1.569
0.00586999530400376	0.105659915472068	74.624	1.193
0.00607999513600389	0.10925991259207	80.113	1.604
0.0060899951280039	0.10943991244807	83.305	1.671
0.0071799942560046	0.129059896752083	224.608	2.831
0.00876999298400561	0.157499874000101	203.961	2.372
0.00901999278400577	0.161999870400104	188.494	2.812
0.012519989984008	0.224819820144144	480.542	5.641
0.0126099899120081	0.226439818848145	512.252	6.222
0.0127499898000082	0.228779816976146	512.017	4.905
0.0129999896000083	0.233099813520149	499.933	5.635
0.0146899882480094	0.263519789184169	526.343	5.778
0.0161399870880103	0.289079768736185	659.295	8.033
0.0184399852480118	0.330479735616212	701.418	7.971
0.0190899847280122	0.341999726400219	773.828	8.059
0.0197399842080126	0.353879716896226	776.161	8.492
0.0224199820640143	0.400679679456256	829.469	9.907
0.0238499809200153	0.427319658144273	994.7	10.352
0.0269899784080173	0.482039614368309	1095.696	11.237
0.0411399670880263	0.731339414928468	1637.355	19.866
0.0414899668080266	0.740699407440474	1713.881	18.311
0.0415699667440266	0.743219405424476	1662.299	19.386
0.0415799667360266	0.740159407872474	1772.475	18.784
0.0488999608800313	0.861479310816551	1636.103	22.154
0.0576099539120369	1.02221918222465	2178.629	25.588
0.059399952480038	1.05173915860867	2406.586	25.445
0.0601799518560385	1.06739914608068	2416.575	27.209
0.0628899496880403	1.11401910878471	2442.577	30.311
0.0895099283920573	1.57301874158501	3247.567	39.841
0.0935399251680599	1.64735868211305	3308.074	43.408
0.0955699235440612	1.68389865288108	3556.229	43.068
0.114389908488073	1.97837841729727	3266.572	52.414
0.137329890136088	2.38553809156953	4305.668	59.91
0.139129888696089	2.41433806852955	4076.671	65.8
0.141969886424091	2.47625801899358	4437.582	66.231
0.177169858264113	2.95163763868989	3008.799	73.206
0.191409846872123	3.27113738309009	4154.223	90.582
0.206279834976132	3.52925717659426	4698.661	94.659
0.209509832392134	3.5904571276343	5063.489	93.107
0.211659830672135	3.61997710401832	5127.906	94.1
0.261139791088167	4.33115653507477	3341.199	113.159
0.310089751928198	5.17841585726731	5269.975	130.6
0.313939748848201	5.24411580470736	4996.459	131.97
0.317729745816203	5.06699594640324	3186.372	121.203
0.416149667080266	6.64127468698025	4074.887	158.375
0.42213966228827	6.75485459611632	3842.977	163.579
0.465259627792298	7.48223401421279	5467.436	179.786
0.573109541512367	8.58527313178149	3919.376	183.686
0.665709467432426	9.24011260790991	2855.633	174.739
0.695009443992445	10.5384515692387	4936.461	226.67
0.705949435240452	10.7773113781509	5019.897	239.456
0.714019428784457	9.88577209138233	3190.762	178.058
0.717269426184459	10.941831246535	5243.598	250.085
1.05371915702467	14.8609681112255	4163.794	308.516
1.06251914998468	14.9795880163296	5724.211	278.543
1.50963879228897	18.8699249040601	4009.615	285.851
1.58719873024102	20.1043639165089	4425.885	339.306
1.59349872520102	20.1914838468129	4283.725	343.821
1.59778872176902	20.240443807645	4094.07	341.481
2.17486826010539	22.8157017474386	3186.587	299.64
2.22820821743343	23.5787211370231	3525.752	325.135
2.38873808900953	25.9732592213926	4212.69	395.519
2.39346808522553	26.0951191239047	4134.99	381.197
3.40482727613818	29.2582565933947	3378.887	365.026
3.40795727363418	29.2870565703547	3434.284	356.844
3.57671713862629	31.8171345462924	4223.703	415.86
3.5980571215543	32.1119743104205	5053.865	428
3.76892698485841	24.0901007279194	2565.309	333.077
3.95486683610653	25.0791999366401	2614.613	362.162
5.38627569097945	37.5954899236081	5029.686	507.808
5.39130568695545	37.6093499125201	4613.424	515.357
6.03279517376386	28.194097444722	2831.568	463.145
6.59121472702822	30.5265355787715	3190.625	467.406
7.68491385206892	37.6041299166961	4054.8	570.235
7.90183367853306	39.9511480390816	3839.254	581.514
10.0780319375744	34.1699126640699	3474.939	674.75
11.4322908541673	40.5161675870659	3773.616	749.818
11.4327308538153	40.5201275838979	3960.183	775.375
11.8065905547276	43.707205034236	3992.756	797.184
15.5353875716899	39.1676086659131	3752.652	951.809
17.4340160527872	46.6633426693259	5023.055	1054.864
18.0762155390276	52.3806780954575	4995.641	1155.823
18.2073254341397	54.4225964619228	5760.802	1250.517
27.2685881851295	63.0354095716723	6006.938	1778.503
27.2902181678255	63.6054691156247	7221.572	1858.156
27.2929781656175	63.5745091403927	6542.864	1853.702
27.2996981602415	63.7120290303768	6314.456	1792.705
35.0141019887184	59.4924724060221	5829.431	2142.165
35.7226414218869	61.8126705498636	6859.551	2230.86
36.2273410181272	64.002368798105	6239.798	2202.447
37.1384102892718	71.1798630561096	7059.686	2344.473
45.287433770053	70.4175636659491	6734.866	2913.248
46.9941224047021	79.5595763523389	7548.771	3043.077
47.2558421953262	82.6969738424209	8250.874	2971.022
47.2837921729663	83.1151135079092	8412.648	3805.293
54.0358567713146	77.1063583149134	8599.689	3372.867
55.3447757241794	80.5780155375876	8957.981	3407.24
56.9293144565484	88.7032090374328	8256.614	4505.374
57.1970342423726	91.7205466235627	8027.364	4586.139
63.8077689537848	86.5167507865994	8335.887	4141.354
65.9806272154982	92.6369258904593	8182.763	4912.31
66.0601871518503	92.9431056455155	9129.617	4897.019
66.6860466511627	96.1501630798695	8839.025	4829.138
73.9806608154714	96.0229031816774	8539.195	5391.073
74.3725205019836	96.6908826472939	8442.451	5259.822
74.6394202884638	97.1873222501422	8314.099	5702.438
75.4631896294483	98.6314610948311	8873.264	5502.081
82.871103703117	99.7096602322718	8602.942	5784.768
83.3670733063414	99.8597801121759	8763.61	5704.448
83.9361528510777	99.967780025776	9008.981	5860.021
84.1049427160458	99.989560008352	8667.308	5732.297
90.55548755561	100.0	8496.243	6738.742
90.570427543658	100.0	8775.682	6153.282
90.600067519946	100.0	9406.593	5868.852
90.600757519394	100.0	8594.427	6311.27
