0.0946199243040606	1.36709890632087	129.931	3.153
18.2112454310037	21.830022535982	2107.065	421.848
3.5957171234263	7.22969421624463	1206.74	90.857
0.00190999847200122	0.0338399729280217	4.661	0.463
87.2928101657519	90.700307439754	6422.069	2208.607
12.1412002870398	15.7715873827301	1629.359	289.944
77.3144281484575	80.9533152373478	7940.071	1860.068
0.473359621312303	3.5927971257623	757.113	14.852
2.20812823349741	4.74623620301104	745.416	52.79
1.60252871797703	5.23709581032335	965.101	40.232
0.00588999528800377	0.104039916768067	12.2	0.575
0.0182699853840117	0.315899747280202	28.385	1.381
1.06446914842468	4.62113630309096	969.713	26.676
0.0420199663840269	0.682019454384436	59.767	2.734
0.000949999240000608	0.0170999863200109	3.709	0.42
0.0238299809360153	0.399059680752255	36.551	1.068
0.208989832808134	2.41685806651355	341.439	7.548
0.314109748712201	3.00617759505792	576.589	11.2
0.00886999290400568	0.1565998747201	14.687	0.636
57.3082941533647	60.931751254599	6052.502	1316.199
5.39844568124346	9.04463276429379	1422.154	130.269
0.06246995002404	0.974879220096624	86.575	2.275
67.3117861505711	70.9131032695174	6228.25	1617.216
37.3063201549439	40.9416872466502	3359.577	858.903
0.00293999764800188	0.0523799580960335	6.33	0.481
0.00395999683200253	0.0705599435520452	7.436	0.789
8.08801352958918	11.7304106156715	1441.99	199.263
0.137819889744088	1.83329853336117	202.447	5.124
0.0127699897840082	0.223559821152143	19.744	0.697
0.709649432280454	4.12307670153864	853.335	19.394
47.3175321459743	50.9683992252806	3961.183	1131.156
97.1862622509902	99.7798601761119	7140.442	7245.448
27.3152081478335	30.9545752363398	3375.922	634.722
