0.00112999909600072	0.020339983728013	2662.724	509.793
0.00195999843200125	0.0350999719200225	2664.054	507.566
0.00345999723200221	0.0615599507520394	2655.884	512.552
0.00429999656000275	0.0770399383680493	2663.254	489.839
0.00553999556800355	0.0977399218080626	2726.606	513.054
0.00585999531200375	0.103679917056066	2662.732	504.626
0.0123699901040079	0.216359826912138	2699.53	493.091
0.018719985024012	0.319859744112205	2652.508	527.947
0.028089977528018	0.472499622000302	2660.44	506.529
0.0412199670240264	0.669959464032429	2679.758	503.867
0.0620599503520397	0.971639222688622	2706.444	501.181
0.0944499244400605	1.37267890185688	2707.236	517.219
0.14074988740009	1.85579851536119	2710.139	495.796
0.211409830872135	2.42837805729755	2684.397	505.227
0.316579746736203	3.03425757259394	2594.056	488.26
0.472029622376302	3.5904571276343	2697.223	510.625
0.717509425992459	4.12217670225864	2653.453	520.869
1.06700914639268	4.64615628307497	2721.086	482.346
1.60448871640903	5.24861580110736	2702.42	524.756
2.40252807797754	6.05177515857987	2710.529	504.528
3.5944471244423	7.23239421408463	2672.784	525.387
5.39770568183545	9.03707277034178	2661.041	504.794
8.09761352190918	11.7179906256075	2650.361	501.674
12.1305602955518	15.605267515786	2696.598	525.145
18.2112654309877	21.847482522014	2674.781	528.187
27.3023281581375	30.9297352562118	2711.901	527.879
37.3097601521919	40.9373672501062	2634.894	517.822
47.2831221735023	50.6035395171684	2613.675	530.283
57.3111641510687	60.940931247255	2648.314	548.656
67.3143761484991	70.9464032428774	2664.371	565.747
77.3040281567775	80.7846553722757	2630.969	579.874
87.2785901771279	90.5215675827459	2698.539	569.409
97.2232222214222	99.9028000777599	2663.041	584.678
