43.6151551078759	74.7118202305438	2611.008	594.274
53.8414569268345	86.9590104327917	2588.653	722.369
18.1886054491156	46.6390426887658	1762.548	353.208
62.1686602650718	87.4171100663119	2829.064	730.184
23.0818115345508	51.1104191116647	1898.579	397.988
84.5761423390861	99.9083800732959	2932.875	833.29
19.0529947576042	54.750556199555	1475.223	429.001
1.18527905177676	15.615527507578	3026.599	87.671
57.2862641709887	82.8956936834451	3067.231	689.703
88.4101292718966	99.996760002592	2918.235	850.185
1.2468390025288	14.3530085175932	1001.668	86.186
18.5294351764519	48.8795008963993	2890.502	372.863
58.1661834670532	86.6537306770155	3343.707	703.354
39.063168749465	75.2458798032962	2390.781	600.31
14.088388729289	50.2303998156801	1565.243	373.805
26.2025690379448	49.7235202211838	1555.87	405.724
33.4461332430934	63.3889292888566	2084.357	509.194
85.1371118903105	99.976780018576	2818.559	870.879
21.871292502966	46.5094427924458	2807.411	347.951
34.0799527360378	70.366443706845	2179.927	538.906
47.1405222875822	72.4153820676944	2773.605	576.876
28.3044073564741	57.4136540690767	2117.554	450.295
88.7018390385288	99.999820000144	2972.563	879.947
36.0788511369191	59.402832477734	2216.433	489.767
70.327313738149	92.4657460274032	3074.301	765.671
0.809379352496518	11.6812706549835	352.716	56.223
0.898009281592575	13.1853494517204	428.837	80.333
65.9682772253782	89.071668742665	3084.581	737.394
38.8688689049049	72.1776022579182	3034.505	555.733
77.5431079655136	99.7742801805759	2929.595	795.146
53.12788749769	81.4672148262281	2815.692	639.205
62.8655297075762	90.0209879832096	3076.926	710.214
56.9164144668684	81.7078746337003	2489.705	685.523
21.871292502966	46.5094427924458	1294.806	358.152
24.0767807385754	60.2374918100066	1849.184	462.613
88.5246691802647	99.997120002304	2851.939	834.08
73.0406715674628	98.8775208979833	2853.569	804.446
44.0238447809242	79.4377164498268	2410.924	630.895
77.4490580407536	99.6698802640958	3224	821.97
81.0162051870359	99.6929202456638	2938.198	845.647
91.5474567620346	99.999820000144	2956.782	881.867
48.457631233895	78.5411371670903	2596.754	644.272
0.855779315376548	11.2289310168552	355.332	53.528
67.9024756780195	94.7839641728287	3066.597	754.2
1.74917860065712	20.377603697917	3238.145	132.798
1.51950878439297	17.3303861356911	527.415	106.597
1.28666897066482	17.2902461678031	537.397	106.029
0.683399453280437	9.79001216799027	764.43	44.502
85.2271718182625	99.983620013104	3177.757	837.063
88.4295192563846	99.995680003456	2973.132	859.221
34.0766927386458	70.309383752493	2757.278	551.762
42.0242963805629	66.9882064094349	3408.905	536.819
81.5593247525402	99.929260056592	3288.024	800.132
81.4190748647401	99.8801200959039	2936.92	830.337
28.132517493986	56.4826948138441	3103.167	445.558
51.638888688889	75.9039592768326	2625.354	639.124
13.9659188272649	47.9559216352627	2455.158	347.995
52.6721778622577	79.3104565516348	2935.513	655.58
77.5413879668896	99.7827401738079	2814.934	834.375
63.7861889710488	95.8529833176134	3032.906	779.591
29.0887567289946	65.4265276587779	2050.856	521.542
1.65663867468906	19.0623447501242	587.342	125.608
30.6870954503236	53.5033371973302	3033.505	428.009
14.029758776193	48.9554608356313	1297.217	379.441
58.0570135543892	86.0885311291751	2920.407	710.424
63.0539795568164	90.9767872185702	2735.958	755.72
80.5128055897555	99.3876404898876	2857.133	869.733
13.9076388738889	47.3504021196783	2029.849	353.548
65.9285872571302	88.9748288201369	2709.989	749.211
73.1688714649028	99.2729805816155	3089.148	794.78
49.0311407750874	84.5088523929181	2586.567	668.661
0.897199282240574	13.1669894664084	2811.97	78.889
1.29681896254483	17.4801460158832	1306.729	97.195
91.5511267590986	99.999820000144	2774.803	865.218
91.5516967586426	99.999820000144	2941.327	815.773
38.2130994295205	66.9282664573868	2001.775	553.324
41.4318468545225	65.3190677447458	2341.002	556.013
47.4104920716063	73.2907213674229	2764.12	595.711
77.5689879448096	99.8111801510559	2895.655	840.19
85.3244817404146	99.990280007776	2900.734	839.435
16.8271165383068	41.3103269517384	1285.439	312.03
65.2880177695858	87.6190699047441	3101.843	728.962
72.7004718396225	97.8995816803347	2954.131	768.448
91.5474567620346	99.999820000144	2954.221	860.867
