0.000619999504000397	0.0111599910720071	2635.865	520.652
0.000669999464000429	0.0120599903520077	2684.682	532.596
0.000719999424000461	0.0129599896320083	2641.315	518.813
0.000879999296000563	0.0158399873280101	2711.711	551.544
0.00113999908800073	0.0205199835840131	2645.219	510.483
0.00158999872800102	0.0286199771040183	2704.766	545.597
0.00162999869600104	0.0293399765280188	2697.53	532.479
0.00165999867200106	0.0298799760960191	2630.398	514.231
0.00169999864000109	0.0305999755200196	2600.659	536.772
0.00175999859200113	0.0316799746560203	2698.594	523.944
0.00185999851200119	0.0334799732160214	2674.991	531.661
0.00228999816800147	0.0412199670240264	2711.59	534.845
0.00275999779200177	0.0496799602560318	2630.061	515.029
0.00321999742400206	0.0579599536320371	2714.807	518.887
0.00336999730400216	0.0606599514720388	2674.287	535.085
0.00338999728800217	0.0610199511840391	2713.708	515.4
0.00429999656000275	0.0772199382240494	2709.872	529.08
0.00448999640800287	0.0808199353440517	2635.425	524.31
0.00470999623200301	0.0847799321760543	2639.259	513.586
0.00489999608000314	0.0881999294400564	2669.953	537.128
0.0051499958800033	0.0925199259840592	2636.88	522.765
0.0051599958720033	0.0925199259840592	2613.66	533.824
0.00544999564000349	0.0979199216640627	2683.468	524.033
0.00648999480800415	0.116459906832075	2713.584	530.073
0.00800999359200513	0.143999884800092	2670.977	508.293
0.00869999304000557	0.1564198748641	2665.684	525.083
0.0092199926240059	0.165599867520106	2655.038	541.602
0.010889991288007	0.195839843328125	2683.737	529.332
0.0111199911040071	0.199799840160128	2684.385	535.899
0.0118999904800076	0.213839828928137	2678.943	511.327
0.0149299880560096	0.268379785296172	2625.304	533.767
0.0157699873840101	0.283139773488181	2666.487	513.915
0.0199599840320128	0.357839713728229	2698.417	522.447
0.0225799819360145	0.40553967556826	2686.404	527.745
0.0225799819360145	0.40589967528026	2701.183	512.145
0.0226599818720145	0.407339674128261	2715.245	516.158
0.0269699784240173	0.483299613360309	2686.305	525.895
0.0315599747520202	0.566459546832363	2669.745	518.426
0.035939971248023	0.644759484192413	2688.947	541.948
0.0366699706640235	0.657539473968421	2690.331	525.2
0.0415899667280266	0.742499406000475	2712.842	534.626
0.0430599655520276	0.771119383104493	2719.565	534.291
0.0495899603280317	0.884159292672566	2656.397	517.28
0.0508099593520325	0.908639273088582	2619.046	533.336
0.0548199561440351	0.980819215344628	2702.047	520.169
0.0612599509920392	1.0904391276487	2673.633	532.387
0.0631099495120404	1.12643909884872	2588.283	538.034
0.0834799332160534	1.48715881027295	2714.14	535.035
0.099929920056064	1.77209858232113	2667.389	523.81
0.105619915504068	1.86461850830519	2726.921	555.05
0.108299913360069	1.92185846251323	2705.571	547.01
0.119429904456076	2.11859830512136	2613.352	539.253
0.122179902256078	2.16377826897739	2697.873	529.504
0.128269897384082	2.25647819481744	2704.834	546.546
0.168589865128108	2.9654976276019	2692.541	529.133
0.177059858352113	3.119757504194	2699.126	524.938
0.20334983732013	3.54275716579427	2685.665	504.861
0.21838982528814	3.80519695584244	2634.755	518.751
0.241119807104154	4.20407663673869	2650.997	510.795
0.267189786248171	4.57505633995493	2640.307	527.427
0.280459775632179	4.81355614915508	2678.024	542.825
0.28147977481618	4.90013607989114	2651.315	521.908
0.377749697800242	6.46757482594014	2617.93	536.166
0.386839690528248	6.49277480578016	2720.278	508.614
0.419359664512268	7.1906342474926	2638.733	529.415
0.561369550904359	9.377452498038	2677.031	518.979
0.611619510704391	10.2281318174945	2636.166	521.401
0.616719506624395	10.3091317526946	2627.558	512.825
0.717799425760459	11.6015307187754	2639.812	527.261
0.727389418088466	11.7466106027115	2629.489	540.771
0.84303932556854	13.0534095572724	2721.97	518.041
0.847009322392542	13.1209095032724	2629.944	503.777
0.89113928708857	14.3638085089532	2621.727	532.772
0.914499268400585	14.7493682005054	2712.689	509.787
1.22170902263278	18.6553650757079	2699.492	540.483
1.32460894031285	20.2111038311169	2647.851	535.01
1.36200891039287	19.4885844091325	2669.044	538.063
1.7127886297691	24.2450806039355	2687.975	528.858
1.84725852219318	26.1134791092167	2699.714	532.274
2.06564834748132	29.2375566099547	2695.465	520.597
2.89759768192185	36.6467106826315	2688.266	518.861
3.120507503594	39.5915083267933	2682.271	506.614
3.16587746729803	40.3268077385538	2644.141	519.588
3.23276741378607	41.2561469950824	2692.725	544.113
3.24341740526608	35.8601113119109	2688.9	539.487
4.03081677534658	43.721245023004	2667.698	525.764
4.50757639393888	48.7862609709912	2680.512	555.133
4.91354606916314	53.9256168595065	2689.351	546.983
5.02946597642722	45.370943703245	2600.085	535.958
5.44010564791548	48.448041241567	2589.338	514.374
6.63563469149225	58.3825932939254	2632.479	550.658
7.40573407541274	52.3218181425455	2698.451	525.885
7.43891404886876	66.7423266061387	2685.414	560.029
7.76505378795697	54.2433166053467	2672.272	527.878
9.48441241247007	64.3150285479772	2708.956	558.464
