64.100948719241	64.118108705513	2501.491	575.809
1.90099847920122	1.91789846568123	248.205	17.07
69.1009447192442	69.1179647056282	2712.019	614.346
0.900999279200577	0.917999265600588	124.435	7.349
0.400999679200257	0.417959665632267	48.478	3.313
79.1009367192506	79.1180367055706	2953.829	721.791
34.1009727192218	34.1180727055418	1588.645	308.149
89.100928719257	89.117928705657	3178.028	784.334
44.1009647192282	44.1179647056282	1915.016	387.157
4.20099663920269	4.2179366256507	392.056	36.781
1.30099895920083	1.31795894563284	147.787	11.27
6.30099495920403	6.31799494560404	615.669	53.705
39.100968719225	39.117928705657	1748.083	354.537
0.200999839200129	0.21815982547214	20.514	1.746
19.1009847192122	19.1179647056282	1072.416	172.762
74.1009407192474	74.1180007055994	2796.79	676.24
49.1009607192314	49.1178207057434	2110.478	441.616
59.1009527192378	59.1178927056858	2382.753	535.379
9.40099247920602	9.41813246549403	730.991	82.812
0.600999519200385	0.617939505648396	80.033	4.869
0.100999919200065	0.118079905536076	14.53	1.009
14.100988719209	14.117928705657	959.069	129.402
94.1009247192602	94.1179647056282	3107.853	985.823
29.1009767192186	29.1180367055706	1443.609	262.465
2.80099775920179	2.8178977456818	317.137	24.571
24.1009807192154	24.1180007055994	1302.526	209.829
99.1009207192634	99.1178207057434	3029.942	1044.129
0.300999759200193	0.318059745552204	44.638	2.483
84.1009327192538	84.1180727055418	3128.254	757.997
54.1009567192346	54.1180367055706	2232.123	492.595
