0.887139290288568	14.8062481550015	2721.137	552.967
0.408029673576261	7.09037432770054	2705.801	531.293
4.28768656985074	54.2321566142747	2695.357	534.18
9.28078257537394	81.4213148629481	2683.461	571.375
0.132509893992085	2.36051811158551	2682.927	564.628
1.67739865808107	25.9170992663206	2683.107	538.075
0.117959905632075	2.10275831779335	2717.322	545.858
0.204389836488131	3.61421710862631	2697.457	557.989
2.85034771972182	40.4076276738979	2718.36	516.827
0.59416952466438	10.1656718674625	2702.66	537.754
9.03526277178978	80.0650159479872	2716.977	532.704
0.339349728520217	5.92649525880379	2698.775	531.089
9.60117231906215	83.0755135395892	2704.941	587.647
0.126439898848081	2.24765820187344	2686.821	542.388
1.47133882292894	22.9229816616147	2659.96	537.072
0.401149679080257	6.97319442144446	2696.459	555.667
0.614139508688393	10.4822916141667	2719.444	550.231
0.116629906696075	2.07647833881733	2696.475	510.811
6.06481514814788	66.4478468417225	2690.568	580.758
1.64663868268905	25.4625996299203	2707.671	517.739
5.70607543513965	63.3147693481845	2707.529	529.088
1.30089895928083	20.9575632339494	2680.256	537.064
4.27372658101874	54.1243367005306	2670.951	532.608
0.43675965059228	7.53137397490082	2713.004	541.446
1.05355915715267	17.141206287035	2693.466	530.239
0.740759407392474	12.430790055368	2707.879	537.751
0.225209819832144	3.96701682638654	2709.819	542.919
6.33787492970006	68.6130651095479	2670.376	525.378
4.17262666189867	53.0344375724499	2697.905	547.242
2.51890798487361	36.1263310989351	2672.931	568.672
0.600869519304385	10.2709717832226	2712.826	527.952
0.882319294144565	14.7167882265694	2718.702	541.611
0.0607199514240389	1.0864791308167	2701.716	545.351
6.12084510332392	66.8429465256428	2718.662	522.708
0.242939805648155	4.27391658086673	2678.554	543.623
0.0520599583520333	0.932939253648597	2729.233	542.998
1.28084897532082	20.6119635104292	2682.564	563.581
0.0675499459600432	1.20815903347277	2689.302	549.151
1.17400906079275	19.0159047872762	2728.782	527.994
0.20310983751213	3.5969371224503	2729.042	537.84
0.254119796704163	4.47209642232286	2689.894	527.197
7.63663389069289	71.7178826256939	2666.907	555.465
1.84777852177718	28.3587973129621	2714.496	557.915
2.85004771996182	40.4101476718819	2676.12	522.98
0.170979863216109	3.03047757561794	2699.395	549.357
0.0662199470240424	1.18277905377676	2709.593	540.84
0.831599334720532	13.9004888796089	2705.831	546.032
0.274839780128176	4.82885613691509	2716.691	559.923
0.404979676016259	7.0327743737805	2727.356	540.605
0.167939865648107	2.9744976204019	2701.43	560.713
2.40841807326554	34.7297122162302	2704.928	526.243
3.79296696562643	48.9147808681753	2752.374	545.939
