28.7003070397544	99.4506404394876	2710.006	560.678
2.49012800789759	35.7895513683589	2656.112	564.843
58.0726535418772	100.0	2699.653	602.895
0.360289711768231	6.27515497987602	2676.526	518.83
0.112559909952072	2.00123839900928	2699.934	544.482
3.72802701757839	48.2133214293429	2706.147	552.134
0.268439785248172	4.72463622029102	2716.91	514.917
32.2291742166606	99.7751801798559	2704.871	561.143
18.761264990988	96.3244029404777	2709.742	549.548
36.7828105737515	99.7874201700639	2721.626	573.776
44.6211443030846	99.988120009504	2734.871	579.507
55.3459257232594	99.999460000432	2686.89	579.094
0.433609653112278	7.47197402242078	2693.06	507.339
6.19906504074797	67.4108460713231	2694.066	562.641
35.4230416615667	99.8900200879839	2715.955	603.484
8.1310734951412	74.7078602337118	2727.426	555.026
46.6995826403339	99.985780011376	2708.389	613.011
11.8306605354716	86.9786304170957	2695.545	532.278
0.204809836152131	3.62267710185832	2736.471	539.603
1.23562901149679	19.9502840397728	2697.077	546.183
0.0606399514880388	1.08467913225669	2730.097	529.352
22.0315323747741	97.9525016379987	2732.511	560.6
0.759049392760486	12.7324698140241	2686.475	551.052
52.6088579129137	99.996580002736	2679.279	595.727
26.1898790480968	99.3799004960796	2715.993	596.029
60.5065815947347	100.0	2728.845	583.786
1.85909851272119	28.5101771918582	2711.845	531.696
50.2442898045682	99.997120002304	2698.555	596.724
41.3450269239785	99.966160027072	2668.686	592.066
16.0697071442343	94.9051040759167	2711.61	579.063
