0.000839999328000538	0.0151199879040097	12.628	0.397
0.000919999264000589	0.0165599867520106	12.652	0.424
0.000949999240000608	0.0170999863200109	13.046	0.396
0.000979999216000627	0.0176399858880113	12.934	0.377
0.00110999911200071	0.0199799840160128	15.003	0.42
0.00122999901600079	0.0221399822880142	16.479	0.404
0.00165999867200106	0.0298799760960191	21.84	0.429
0.00190999847200122	0.034379972496022	25.89	0.487
0.00194999844000125	0.0350999719200225	26.026	0.436
0.00195999843200125	0.0352799717760226	25.495	0.422
0.00196999842400126	0.0354599716320227	25.773	0.439
0.00216999826400139	0.039059968752025	27.943	0.479
0.00221999822400142	0.0399599680320256	29.428	0.444
0.00231999814400148	0.0417599665920267	30.199	0.492
0.0023399981280015	0.042119966304027	30.585	0.448
0.00285999771200183	0.0514799588160329	36.947	0.528
0.00351999718400225	0.0633599493120405	45.779	0.512
0.00411999670400264	0.0739799408160473	52.055	0.874
0.00479999616000307	0.0863999308800553	61.688	0.682
0.00495999603200317	0.0892799285760571	61.264	0.541
0.00535999571200343	0.0964799228160617	67.752	0.564
0.00739999408000474	0.132839893728085	93.439	0.693
0.00795999363200509	0.142739885808091	98.586	0.713
0.0081199935040052	0.145979883216093	101.154	0.659
0.0081199935040052	0.146159883072094	101.227	0.636
0.00821999342400526	0.147419882064094	101.129	0.666
0.00872999301600559	0.1569598744321	108.421	0.582
0.0112099910320072	0.201419838864129	140.921	0.786
0.0122399902080078	0.219599824320141	149.503	0.736
0.0122399902080078	0.219959824032141	152.846	0.776
0.0144199884640092	0.259199792640166	175.189	0.859
0.0157899873680101	0.283499773200181	193.441	1.022
0.0178099857520114	0.319859744112205	218.407	1.032
0.0208299833360133	0.372959701632239	254.226	1.096
0.0211199831040135	0.379079696736243	257.79	1.194
0.023469981224015	0.420299663760269	292.646	1.257
0.0245699803440157	0.440639647488282	302.765	1.284
0.0316699746640203	0.567179546256363	397.604	1.711
0.0372099702320238	0.667079466336427	466.465	1.894
0.037459970032024	0.672659461872431	467.366	2
0.043789964968028	0.782639373888501	536.871	2.182
0.0504599596320323	0.902339278128578	618.441	2.661
0.0547699561840351	0.979919216064627	684.263	2.86
0.0548099561520351	0.975779219376624	672.864	2.903
0.0564999548000362	1.00853919316865	679.13	2.997
0.0565099547920362	1.00871919302465	697.189	3.175
0.0583199533440373	1.03985916811267	729.818	3.093
0.0825699339440528	1.46375882899294	999.117	4.54
0.0839999328000538	1.49705880235296	1039.793	4.814
0.115739907408074	2.05451835638531	1394.616	6.132
0.120089903928077	2.13245829403336	1436.864	6.354
0.122949901640079	2.1806982554414	1517.752	7.021
0.145719883424093	2.56823794540964	1776.093	8.361
0.146409882872094	2.57615793907365	1757.916	8.301
0.151139879088097	2.6629178696657	1848.747	8.67
0.160719871424103	2.8090777527378	1949.965	10.337
0.17133986292811	3.01445758843393	2083.334	8.892
0.263099789520168	4.57955633635493	3115.706	17.208
0.279309776552179	4.87367610105912	3338.563	15.477
0.279429776456179	4.87169610264312	3379.673	18.17
0.282749773800181	4.85189611848311	3377.21	17.531
0.346949722440222	5.9362152510278	4067.956	19.731
0.355549715560228	6.07679513856389	4192.81	21.952
0.380809695352244	6.52373478101218	4436.872	23.825
0.39088968728825	6.55253475797219	4479.008	24.057
0.414669668264265	6.95861443310845	4840.119	22.62
0.504179596656323	8.4421732462614	5780.57	31.024
0.588089529528376	9.83195213443829	6857.962	35.22
0.641589486728411	10.3705117035906	7023.095	38.268
0.67207946233643	10.8556113155109	7423.625	36.598
0.759869392104486	12.2398102081518	8207.975	42.138
0.9380492495606	15.1419478864417	10543.873	56.301
0.965109227912618	14.8053481557215	10348.51	54.015
1.19132904693676	18.1952854437716	12433.921	68.113
1.32223894220885	20.2127238298209	14032.847	76.641
1.36117891105687	20.8213033429573	14441.912	78.066
1.67045866363307	23.6629610696311	16168.474	94.827
1.85620851503319	26.2065390347688	17791.729	104.01
1.99202840637727	28.2164174268661	19437.419	109.059
2.01270838983329	28.4955972035222	19230.268	108.87
2.46752802597758	31.296394962884	20280.824	134.847
2.84428772456982	35.904031276775	23035.316	148.559
2.99476760418592	33.4819532144374	19815.205	156.649
3.24566740346608	41.4314668548265	27303.406	170.786
3.26539738768209	41.6798666561067	27045.772	179.049
3.70585703531437	40.3050277559778	23088.074	195.745
4.31582654733876	46.6140227087818	26079.619	219.829
4.70032623973901	51.1491190807047	28517.73	247.54
4.94580604335516	44.7074642340286	22228.498	252.073
5.3183457453234	47.4335620531504	24386.61	268.349
6.38951488838809	56.1149551080359	28557.125	333.199
7.17148426281259	63.7482090014328	33061.318	362.576
7.29740416207667	51.6622986701611	24872.563	363.613
7.76484378812497	54.1716766626587	26242.779	387.13
9.25680259455793	62.7353498117201	29944.722	456.992
10.7287914169669	73.482061214351	33725.717	557.869
13.3476893218485	67.5530459575632	31386.25	669.461
14.4505584395532	72.4139420688463	33250.64	709.138
15.7524973980021	79.1810366551707	36090.635	818.318
15.8875172899862	79.9611560310752	36292.182	816.275
20.0277539777968	74.2989005608795	34403.796	974.941
21.5008827992938	78.6644370684503	36665.996	1060.023
23.9246408602873	87.1597102722318	39267.958	1210.265
25.3314797348162	93.4512452390038	41456.85	1472.755
