0.424849660120272	6.78293457365234	4514.767	28.193
1.57506873994501	19.8435441251647	12457.405	87.128
0.464249628600297	7.47539401968478	5070.791	31.267
56.9525744379404	89.029548776361	38581.351	2812.62
37.2847601721919	73.5259811792151	32891.019	1874.09
46.6239427008458	76.4808588153129	33213.783	2305.351
12.0352903717677	46.4990028007978	21023.294	581.359
0.00594999524000381	0.106559914752068	73.47	0.836
0.00558999552800358	0.100259919792064	69.852	0.836
1.05328915736867	14.8786080971135	9928.74	63.786
0.0068799944960044	0.123479901216079	84.375	0.853
0.0645599483520413	1.13129909496072	760.141	4.099
0.0060999951200039	0.10943991244807	76.81	0.877
0.00900999279200577	0.161999870400104	111.919	1.017
37.2573301941358	72.9859816112147	32729.099	1855.97
47.2078922336862	82.2905341675727	37148.79	2262.379
55.5395955683235	81.211435030852	35724.013	2669.655
63.7032390374088	86.2580909935272	38539.458	3028.219
0.172829861736111	2.94677764257789	2003.141	10.68
5.32520573983541	36.5576107539114	17502.261	264.488
0.09372992501606	1.65167867865706	1110.002	5.873
2.15772827381738	22.5989819208145	12587.653	115.745
0.0570399543680365	1.00709919432064	676.521	4.018
1.29538896368883	15.7942673645861	9805.975	69.129
0.904849276120579	12.493610005112	8387.844	55.148
16.0248771800983	40.614807508154	18320.047	719.758
12.1205403035678	47.8860816911346	22443.686	587.509
0.0018699985040012	0.0336599730720215	24.376	0.599
57.1371542902766	91.0435671651463	40673.998	2854.145
0.175229859816112	2.99087760729791	2063.864	10.303
0.000589999528000378	0.0106199915040068	8.413	0.41
0.311709750632199	5.21081583134734	3592.679	20.989
0.00424999660000272	0.076499938800049	55.184	0.745
1.63154869476104	16.9387064490348	9443.042	86.272
0.0277899777680178	0.496439602848318	335.104	2.121
0.0383799692960246	0.681839454528436	469.167	2.656
0.0279299776560179	0.498959600832319	347.256	2.211
0.14022988781609	2.44007804793756	1681.327	8.832
0.0271699782640174	0.485999611200311	337.81	2.084
3.58596713122629	32.0275543779565	16681.225	192.907
18.0291955766435	51.9042184766252	23725.985	870.515
0.00288999768800185	0.0520199583840333	37.095	0.657
9.0620227503818	31.0082151934278	14294.804	403.012
0.0182499854000117	0.327239738208209	225.333	1.558
0.0070299943760045	0.12563989948808	87.104	0.89
0.460309631752295	7.37297410162072	5136.787	30.973
0.132019894384084	2.29607816313747	1589.244	8.229
0.711779430576456	10.8538113169509	7555.157	44.763
8.06569354744516	42.3496461202831	20231.478	396.952
0.0627099498320401	1.11293910964871	772.688	4
0.000979999216000627	0.0176399858880113	13.36	0.435
5.38013569589144	37.57964993628	18505.118	274.884
27.2960581631535	63.6522690781847	29112.926	1367.061
55.9801652158678	82.9685936251251	37090.5	2693.618
5.06367594905924	33.2726133819093	15612.188	257.579
0.0272199782240174	0.486539610768311	335.6	3.228
46.821292542966	78.0130175895859	35176.762	2215.327
1.54739876208099	19.3899444880444	12287.814	88.804
0.0089099928720057	0.160199871840103	112.628	1.073
7.85835371331703	39.4626284298973	17896.812	395.482
0.235759811392151	3.9095968723225	2711.004	13.615
0.00284999772000182	0.0512999589600328	36.915	0.626
0.0301099759120193	0.535139571888342	372.572	2.237
0.000989999208000634	0.0178199857440114	12.961	0.462
36.3857108914313	65.0163079869536	28953.106	1774.975
5.12047590361928	33.8426729258617	15988.783	266.943
16.4554868356105	42.0400463679629	18720.976	782.366
0.0837599329920536	1.46897882481694	1020.713	7.369
0.00411999670400264	0.0741599406720475	52.45	0.73
0.0125999899200081	0.225539819568144	157.851	1.244
1.8822484942012	19.3899444880444	10820.465	100.92
0.00304999756000195	0.054719956224035	38.451	0.621
0.0419299664560268	0.747719401824478	512.624	2.912
0.0182799853760117	0.326879738496209	230.411	1.515
2.37625809899352	19.9310240551808	10024.231	118.282
26.630858695313	56.4970948023242	25551.234	1256.482
0.0112999909600072	0.202139838288129	142.317	1.258
0.00104999916000067	0.0188999848800121	14.246	0.471
0.209459832432134	3.5927971257623	2504.184	13.296
0.461789630568296	7.43273405381276	5187.601	28.278
0.00503999596800323	0.0905399275680579	63.403	0.784
0.215619827504138	3.57479714016229	2467.109	15.654
0.00270999783200173	0.0487799609760312	34.508	0.576
1.34415892467286	16.4298468561225	10452.584	74.006
0.711369430904455	10.8521913182469	7614.022	45.359
0.0190499847600122	0.340739727408218	238.923	1.654
0.139699888240089	2.43485805211356	1665.796	8.383
0.0619699504240397	1.0985391211687	759.298	4.144
2.9627676297859	24.4520804383356	12035.565	150.452
0.123589901128079	2.14181828654537	1464.143	7.572
0.03130997495202	0.555119555904355	389.82	2.254
0.00826999338400529	0.148499881200095	106.131	0.937
17.7963157629474	49.4409204472636	21936.882	879.605
0.553119557504354	7.82549373960501	5416.155	32.387
0.107269914184069	1.83833852932918	1251.154	6.286
3.58474713220229	31.8716745026604	16900.63	183.817
24.0242107806314	46.950622439502	21344.875	1102.613
7.94004364796508	40.5109475912419	18804.745	400.014
0.0580399535680371	1.01753918596865	712.859	4.102
0.590929527256378	8.87561289950968	6150.559	35.351
0.50016959986432	7.51031399174881	5155.993	27.434
11.0817311346151	38.4387892489686	17547.977	516.869
36.3645409083673	64.9029080776735	29493.799	1726.449
0.00168999864800108	0.0304199756640195	22.353	0.509
0.00175999859200113	0.0316799746560203	22.9	0.531
0.00193999844800124	0.0349199720640224	25.669	0.575
27.3089481528415	63.6805290555768	29712.865	1320.65
0.00893999284800572	0.160559871552103	110.64	1.052
47.1576122739102	81.5464147628682	36879.109	2322.276
0.0079699936240051	0.143099885520092	107.667	0.966
0.192879845696123	3.20849743320205	2243.329	11.587
6.53994476804419	30.2725557819554	14086.549	314.23
0.0026599978720017	0.0478799616960306	34.971	0.576
0.025059979952016	0.448199641440287	312.837	2.059
0.00191999846400123	0.0345599723520221	24.861	0.512
2.39218808624953	26.0794591364327	15136.057	134.701
0.928589257128594	12.8091497526802	8796.96	54.155
