0.000589999528000378	0.0106199915040068	2.283	0.491
0.000729999416000467	0.0131399894880084	2.816	0.487
0.000869999304000557	0.01565998747201	2.446	0.503
0.00101999918400065	0.0183599853120118	6.322	0.491
0.00142999885600092	0.0257399794080165	7.442	0.504
0.001559998752001	0.028079977536018	3.36	0.555
0.00160999871200103	0.0289799768160185	2.935	0.671
0.00176999858400113	0.0318599745120204	9.248	0.535
0.00179999856000115	0.0323999740800207	4.32	0.553
0.00195999843200125	0.0352799717760226	4.672	0.594
0.00219999824000141	0.0395999683200253	3.843	0.651
0.0023499981200015	0.0422999661600271	11.597	0.607
0.00274999780000176	0.0494999604000317	3.563	0.673
0.00279999776000179	0.0503999596800323	5.579	0.679
0.003129997496002	0.0563399549280361	5.439	0.662
0.00347999721600223	0.0626399498880401	4.405	0.993
0.00385999691200247	0.0694799444160445	7.93	0.733
0.00465999627200298	0.0838799328960537	5.063	0.782
0.00471999622400302	0.0849599320320544	6.222	0.816
0.00545999563200349	0.0982799213760629	25.256	0.832
0.0056199955040036	0.101159919072065	5.633	0.899
0.00623999500800399	0.112139910288072	28.393	0.876
0.00670999463200429	0.120779903376077	10.622	0.992
0.00788999368800505	0.141839886528091	13.249	1.04
0.00847999321600543	0.152639877888098	9.955	1.134
0.00997999201600639	0.179099856720115	8.225	1.214
0.0101199919040065	0.182159854272117	44.142	1.278
0.0101499918800065	0.182339854128117	8.305	1.503
0.010929991256007	0.196379842896126	47.578	1.286
0.0120199903840077	0.216359826912138	11.974	1.565
0.0144199884640092	0.259199792640166	20.357	1.513
0.0145899883280093	0.262079790336168	67.141	1.497
0.0150699879440096	0.271079783136173	12.433	1.614
0.0157299874160101	0.282239774208181	24.131	1.512
0.0161799870560104	0.290879767296186	16.998	1.736
0.0215699827440138	0.387179690256248	20.25	2.324
0.0273199781440175	0.489239608608313	24.233	2.525
0.0303099757520194	0.543599565120348	127.595	2.283
0.0309499752400198	0.554219556624355	24.452	3.506
0.0325399739680208	0.583739533008374	44.256	2.698
0.0434899652080278	0.777059378352497	185.513	3.485
0.0451599638720289	0.807839353728517	37.057	3.884
0.0481299614960308	0.85877931297655	39.293	4.104
0.0508999592800326	0.911159271072583	66.658	3.891
0.0566099547120362	1.01303918956865	39.077	5.794
0.0596199523040382	1.06613914708868	258.398	4.025
0.0831799334560532	1.48409881272095	109.198	6.455
0.0834199332640534	1.48571881142495	51.186	8.076
0.0893299285360572	1.58183873452901	112.783	6.452
0.0978599217120626	1.73663861068911	86.114	7.515
0.0994899204080637	1.76903858476913	430.767	6.782
0.120499903600077	2.13983828812937	87.468	10.992
0.136209891032087	2.40065807947354	87.468	12.311
0.144039884768092	2.53853796916962	623.041	10.244
0.164299868560105	2.89277768577785	116.434	12.875
0.173559861152111	3.05891755286596	219.519	14.236
0.246499802800158	4.23395661283471	145.806	20.424
0.261459790832167	4.55903635277092	173.987	19.287
0.273639781088175	4.77053618357105	1139.889	19.006
0.28100977519218	4.89383608493113	352.334	22.117
0.284059772752182	4.95701603438717	181.277	24.94
0.384109692712246	6.58619473104422	482.848	29.024
0.403749677000258	6.77195458243633	235.894	33.741
0.420519663584269	7.21007423194061	1732.24	30.141
0.42220966223227	7.25057419954064	324.823	34.465
0.447459642032286	7.4982540013968	242.734	36.473
0.456529634776292	7.6620538703569	1791.398	31.902
0.639489488408409	10.7056714354629	800.671	47.293
0.76495938803249	12.3474501220399	2743.602	77.227
0.883039293568565	14.2433886052891	505.387	96.108
0.944509244392605	15.2836077731138	649.312	95.91
0.959879232096614	15.5082475934019	1170.505	88.136
1.06892914485668	16.3558669153065	3607.484	90.175
1.23492901205679	18.8449049240761	624.58	130.053
1.32259894192085	20.237023810381	1576.192	127.907
1.34461892430486	20.5630035495972	694.553	144.154
1.37863889708888	19.7366242107006	4081.54	129.545
1.63141869486504	23.1107215114228	752.374	148.546
1.94483844412924	25.1893598485121	1823.388	171.493
2.08475833219333	29.5813563349149	2263.477	204.39
2.09995832003334	29.7894361684511	950.369	223.474
2.46171803062558	31.229435016452	5401.42	216.635
2.46956802434558	31.314214948628	952.686	222.94
3.08333753332997	34.335332531734	3887.037	224.592
3.2756573794741	41.8292665365868	1287.662	310.025
3.62883709693032	39.5574883540093	1167.859	272.362
4.70596623522701	51.2225590219528	3136.779	338.119
4.72276622178702	51.4578188337449	1480.891	368.695
6.20835503331597	54.5523763580989	3992.847	391.648
6.53032477574018	57.3736941010447	2617.775	403.914
6.85109451912439	60.4155116675907	1847.029	433.356
7.38136409490872	66.1238471009223	1718.421	496.236
7.48613401109279	52.6333978932817	3584.486	359.054
8.54130316695747	58.4662932269654	2389.498	399.839
9.63716229027017	65.2198878240897	1867.797	493.062
11.2117710305832	78.0004175996659	1969.437	593.136
13.1314494948404	66.6719466624427	3647.465	494.531
13.6536590770727	68.8440049247961	1726.396	512.567
15.7780873775301	79.3480765215388	2191.08	574.173
16.8670065063948	86.6395106883915	2977.887	609.558
22.5996819202545	82.2262742189806	2261.926	611.414
23.7442710045832	86.4370108503913	2347.196	663.267
23.7714609828312	86.5462707629834	2946.477	638.552
25.6569894744084	95.1583638733089	3104.732	716.659
31.213035029572	88.8387489290009	2435.943	703.139
32.1387542889966	91.1134071092743	3667.709	687.257
33.8833728933017	95.6866634506692	2565.454	833.413
34.7254922196062	98.0660815471348	2824.645	755.346
40.4091276726979	94.8491241207007	3006.588	768.178
43.3557253154197	99.1982806413755	2710.907	791.613
43.5239951808039	99.4040204767836	2625.976	712.787
43.5710851431319	99.4587404330076	2832.391	791.837
49.9179500656399	98.7074210340632	2793.103	763.336
50.4286296570963	99.0541007567194	2840.928	786.769
51.8334285332572	99.8491601206719	2866.99	803.68
51.8375785299372	99.8488001209599	2742.853	823.579
56.3902048878361	99.1412206870234	2842.704	784.649
57.6695138643889	99.5752003398397	2766.422	801.85
57.6881038495169	99.5815003347997	2847.1	791.553
57.7175738259409	99.5973403221277	2782.724	825.804
65.3886976890418	99.939160048672	2700.615	832.977
65.61278750977	99.952480038016	2846.247	818.591
66.2891269686984	99.984880012096	2855.367	820.484
66.5732867413706	99.992980005616	2808.505	808.801
72.9396316482947	99.998920000864	2850.268	832.016
72.9922516061987	99.99910000072	2854.177	849.863
73.0195315843747	99.999820000144	2894.656	804.723
73.0366915706467	99.999640000288	2843.731	808.411
78.6361570910743	100.0	2825.96	849.827
78.6470370823703	100.0	2848.936	862.128
78.6502470798023	100.0	2915.42	864.819
78.6537970769623	100.0	2623.183	795.284
