0.000449999640000288	0.00809999352000518	2.127	0.472
0.000669999464000429	0.0120599903520077	2.27	0.466
0.000779999376000499	0.014039988768009	3.05	0.577
0.000849999320000544	0.0152999877600098	4.931	0.463
0.00159999872000102	0.0287999769600184	3.601	0.556
0.00163999868800105	0.0295199763840189	3.519	0.667
0.00189999848000122	0.0341999726400219	9.736	0.584
0.00194999844000125	0.0350999719200225	4.733	0.629
0.00203999836800131	0.0367199706240235	16.425	0.574
0.00257999793600165	0.0464399628480297	5.242	0.922
0.00283999772800182	0.0511199591040327	5.204	0.683
0.00291999766400187	0.0525599579520336	5.267	0.669
0.00300999759200193	0.0539999568000346	5.807	0.623
0.00339999728000218	0.0610199511840391	16.243	0.708
0.0034399972480022	0.0619199504640396	6.206	0.761
0.00344999724000221	0.0620999503200397	6.569	0.69
0.00567999545600364	0.102059918352065	9.073	0.877
0.00573999540800367	0.103139917488066	9.837	1.303
0.00606999514400389	0.10889991288007	27.535	0.849
0.00634999492000406	0.114299908560073	10.33	0.943
0.00795999363200509	0.142919885664091	12.351	1.124
0.0085999931200055	0.154079876736099	13.15	1.05
0.00900999279200577	0.161819870544104	40.161	1.101
0.00926999258400593	0.166139867088106	13.385	1.214
0.010889991288007	0.195479843616125	15.233	1.402
0.0121499902800078	0.21815982547214	17.355	1.861
0.0128699897040082	0.231659814672148	20.402	1.311
0.0128999896800083	0.232019814384148	57.319	1.374
0.0165499867600106	0.295919763264189	23.417	1.69
0.0182299854160117	0.325619739504208	26.854	1.998
0.0185599851520119	0.332819733744213	27.632	1.774
0.0186399850880119	0.333179733456213	81.685	1.732
0.0190499847600122	0.340379727696218	26.916	2.677
0.0197499842000126	0.352619717904226	86.579	1.755
0.0221899822480142	0.395819683344253	30.182	2.527
0.0258199793440165	0.460079631936294	35.562	2.455
0.0279299776560179	0.495719603424317	39.351	3.137
0.0381099695120244	0.679499456400435	49.677	3.335
0.0419299664560268	0.748079401536479	56.214	4.666
0.0426799658560273	0.759959392032486	183.091	3.117
0.0587399530080376	1.04291916566467	74.673	4.678
0.0595199523840381	1.04669916264067	82.622	4.288
0.0611699510640391	1.08557913153669	84.016	6.136
0.0618699505040396	1.0947591241927	84.514	4.366
0.0619899504080397	1.0983591213127	257.927	4.101
0.0751899398480481	1.30751895398484	97.993	5.672
0.0804399356480515	1.4095788723369	343.767	4.964
0.0923599261120591	1.63115869507304	119.453	7.106
0.0942399246080603	1.65815867347306	128.689	9.192
0.118369905304076	2.04803836156931	151.133	10.71
0.12493990004808	2.13245829403336	511.341	7.451
0.128889896888083	2.23919820864143	543.983	8.655
0.139379888496089	2.42603805916955	213.898	9.391
0.191259846992122	3.25385739691408	256.403	14.137
0.195579843536125	3.34457732433814	250.094	14.07
0.204269836584131	3.49199720640223	257.514	17.206
0.232259814192149	3.85055691955446	300.022	17.129
0.294969764024189	4.90985607211514	384.029	23.02
0.299859760112192	4.78691617046706	384.846	23.617
0.3124997500002	5.22467582025934	421.596	24.627
0.314469748424201	5.24393580485136	1252.065	23.053
0.424659660272272	6.78617457106034	531.982	32.756
0.467879625696299	7.52201398238881	1727.742	31.898
0.473329621336303	7.62767389786088	646.733	34.447
0.584269532584374	8.77787297770162	731.045	38.891
0.628869496904403	9.47087242330206	2074.516	40.766
0.636369490904407	9.59615232307814	835.821	45.153
0.700889439288449	10.7087314330149	831.467	56.651
0.770889383288493	10.6199915040068	849.045	49.947
0.855559315552548	11.7970105623916	2389.198	72.442
1.05233915812867	14.8566481146815	1121.104	94.94
1.05940915247268	14.9507880393696	1157.823	93.984
1.51795878563297	18.9507448394041	1411.317	126.211
1.565828747337	19.7080042335966	3392.721	123.188
1.567208746233	19.7326642138686	1417.056	133.059
1.59480872415302	20.2186638250689	1428.801	139.604
1.74336860530512	18.0084455932435	1011.133	123.627
2.09056832754534	21.6795426563659	2316.69	140.549
2.26393818884945	24.0074807940154	1481.272	164.331
2.28721817022546	24.3512805189756	1371.077	176.482
3.125277499778	26.0324791740167	1153.634	171.531
3.33832732933814	21.842802525758	941.458	150.628
3.53836716930626	31.1309750952199	2584.067	210.225
3.58561713150629	31.8741945006444	1541.06	228.459
3.5973971220823	32.1274542980366	1689.454	226.941
4.694506244395	29.7971761622591	1173.511	213.693
4.8394061284751	31.0560951551239	1172.267	242.562
5.35970571223543	37.1165103067918	2483.923	262.973
7.07417434066053	33.0715535427572	1206.745	238.51
7.79967376026099	38.7879889696088	1378.845	289.691
8.06660354671716	42.4945460043632	2599.868	315.526
8.07902353678117	42.6621258702993	1837.553	311.249
9.29013256789395	31.6524346780523	1135.889	251.752
9.94028204777436	33.6720330623736	1198.284	254.043
12.0503203597437	46.6948426441259	2519.096	322.028
12.1149103080718	47.7293018165585	1893.94	350.381
15.0924179260657	38.0447695641843	1312.431	297.955
15.5086975930419	39.137008690393	1798.492	298.216
17.143666285067	44.9700840239328	1461.255	334.675
18.1160555071556	53.14963748029	1820.094	391.024
24.2219706224235	47.4278020577584	1592.292	387.055
27.2423782060974	62.6773898580881	3062.047	477.743
27.2853181717455	63.3975692819446	2194.863	502.044
27.2916681666655	63.5116891906486	2316.674	505.66
34.2598725921019	57.5405539675568	2352.56	463.106
36.7688905848875	67.5066059947152	2105.138	543.654
36.8197605441916	67.9254656596275	2225.613	534.13
37.2915301667759	73.5803411357271	2473.807	594.662
46.3347529321977	74.6976002419198	2341.628	617.662
46.4017028786377	75.0912599269921	2449.351	590.787
47.2388322089342	82.5178739857008	2821.704	660.681
47.2683921852863	83.1368934904852	3734.675	637.223
56.4404948476041	85.3136317490946	2731.602	695.859
56.7112646309883	87.1273102981518	2786.967	717.522
56.7705645835483	87.563989948808	2668.287	713.495
57.1397742881806	91.0900071279943	3396.681	749.61
64.117158706273	87.1748302601358	2781.846	728.548
64.4080084735932	87.8716097027122	3302.062	721.04
66.7009266392587	96.3710229031817	2894.022	784.28
66.8012065590348	96.9628624297101	2968.545	807.879
75.6739794608164	99.0811007351194	2956.864	832.484
75.7653493877205	99.2447206042235	2827.194	810.223
75.9284292572566	99.5395603683517	2837.761	830.596
76.0010391991686	99.6673602661118	2857.925	800.789
82.869593704325	99.6999402400478	2934.598	870.049
83.9511228391017	99.971920022464	2977.628	832.651
84.0080227935818	99.980920015264	2894.696	809.202
84.0746827402538	99.988660009072	2863.945	839.881
90.563627549098	100.0	2992.348	840.186
90.57563753949	100.0	2965.813	836.827
90.589947528042	100.0	2837.715	844.864
90.599117520706	100.0	2903.893	850.453
