5.39500568399545	5.39513568389145	160.605	45.359
0.00200999839200129	0.00215999827200138	2.375	0.416
97.3099321520543	97.3100821519343	2816.803	988.639
0.0420099663920269	0.042119966304027	6.641	0.616
0.14100988719209	0.14111988710409	9.016	1.322
0.00600999519200385	0.00629999496000403	2.735	0.373
0.0130099895920083	0.0131399894880084	3.235	0.49
0.0280099775920179	0.0282599773920181	5.266	0.552
47.3099721520223	47.3102621517903	1401.262	404.49
77.3099481520415	77.3101181519055	2229.573	684.319
0.0940099247920602	0.0943199245440604	7.539	0.912
0.211009831192135	0.211139831088135	11.682	1.684
8.09200352639718	8.09207352634118	239.939	67.928
2.39800808159353	2.39813808148954	77.706	19.303
0.00399999680000256	0.00413999668800265	2.25	0.389
57.3099641520287	57.3101541518767	1660.746	491.28
27.3099881520095	27.3102981517615	861.971	234.975
67.3099561520351	67.3102261518191	1976.351	563.938
3.5970071223943	3.5971171223063	111.695	29.837
1.59900872079302	1.59911872070502	52.301	13.144
0.0630099495920403	0.0631799494560404	6.132	0.735
0.474009620792303	0.474119620704303	21.041	4.563
0.00300999759200193	0.00305999755200196	2.403	0.409
18.2069954344037	18.2071654342677	534.113	152.16
1.06599914720068	1.06613914708868	37.956	8.118
0.00900999279200577	0.00917999265600588	3.358	0.451
0.711009431192455	0.711179431056455	26.42	5.307
37.3099801520159	37.3101901518479	1089.874	328.041
87.3099301520559	87.3101901518479	2520.551	753.85
12.1380002895998	12.1381102895118	358.955	102.193
0.0190099847920122	0.0192599845920123	5.272	0.511
0.00100999919200065	0.00107999913600069	1.373	0.382
0.316009747192202	0.316079747136202	15.547	2.412
