0.568049545560364	8.82989293608565	4824.781	37.085
63.7854389716488	95.8025833579333	3778.171	1555.261
85.2535317971746	99.987580009936	2945.124	1657.461
72.8787716969826	98.380901295279	3436.957	1595.927
1.89765848187321	22.7057218354225	6605.494	136.144
13.3702093038326	42.5307259754192	2395.815	331.092
77.5771579382736	99.8115401507679	2894.955	1622.119
62.8929096856723	90.1450078839937	4398.198	757.4
0.0996699202640638	1.74959860032112	1125.643	6.692
2.78632777093778	28.2192974245621	5790.305	189.535
23.465211227831	53.5177371858103	3283.152	413.255
0.888989288808569	13.0204695836243	6751.696	76.697
81.4421548462761	99.8785000971999	2913.566	1626.186
16.9978464017229	41.7785065771947	3106.129	322.865
67.5814459348432	93.5236051811159	4138.85	1449.385
30.8116353506917	53.7740569807544	3334.21	437.33
0.880469295624564	11.4974908020074	5054.56	54.023
66.9299364560508	91.4636868290505	4084.335	1498.688
23.7250410199672	55.5110555911555	3316.491	413.577
91.5717867425706	100.0	2948.29	1652.75
0.400899679280257	6.5667547465962	3922.458	28.581
0.277949777640178	4.63715629027497	2777.827	17.834
58.5651531478775	89.081028735177	4229.792	714.915
43.811904950476	76.499038800769	4118.97	609.382
3.93346685322652	23.0759815392148	2613.901	154.437
52.0383283693373	77.0195983843213	4132.754	640.83
88.5430191655847	99.99820000144	2958.218	1662.151
24.0972607221914	60.4767116186307	5292.278	459.481
9.41169247064602	44.7314042148766	5032.53	323.788
63.0940695247444	91.0545471563623	4382.054	765.344
0.903249277400578	13.2164894268085	6892.342	81.925
44.0645647483482	79.8621561102751	5564.122	635.795
0.880599295520564	11.5122507901994	4699.054	50.894
0.519859584112333	7.54793396165283	3807.86	31.887
0.728269417384466	10.4194716644227	5244.825	47.145
81.6835346531723	99.970840023328	2944.235	1564.394
0.394279684576252	6.46667482666014	3878.557	28.055
81.6817646545883	99.968680025056	2888.6	1627.499
76.498808800953	98.3441813246549	3324.761	1613.67
0.194259844592124	3.32261734190613	2082.976	13.293
0.258989792808166	4.30901655278676	2589.304	16.971
88.4780392175686	99.998740001008	2891.37	1650.624
36.8004005596796	61.2908509673192	3511.275	476.324
7.86846370522904	32.5306539754768	2897.364	239.436
45.2100738319409	67.4864460108432	3663.862	539.845
43.8400149279881	76.7337586129931	4058.257	607.206
72.9569316344547	98.6015811187351	2955.566	1534.979
88.7323890140888	99.999640000288	2935.849	1646.365
2.80402775677779	28.4754372196502	5615.576	181.468
35.4036316770947	57.8985736811411	3491.814	473.862
14.042838765729	49.2796405762875	4387.276	348.86
38.3125393499685	67.4967060026352	3692.385	537.875
27.9631876294499	55.5697355442116	3506.167	426.301
19.0844547324362	55.3710157031874	5033.865	410.744
4.79952616037907	26.9974584020333	2914.04	184.368
51.7350086119931	76.1188791048967	3663.4	636.934
6.19380504495596	37.9763696189043	3949.986	274.844
14.083068733545	49.9010000791999	4902.034	364.335
2.80320775743379	28.4694972244022	5594.554	181.652
58.5406631674695	89.010648791481	4400.116	729.595
0.300049759960192	5.03333597333122	3077.102	20.874
70.7558733953013	93.2732253814197	4122.112	1529.964
0.182459854032117	3.126057499154	1990.329	12.773
53.6943370445304	85.2229118216705	4206.722	704.859
91.5676267458986	100.0	2968.045	1663.315
48.6753810596952	80.0524159580672	3933.124	617.494
81.4911348070922	99.8947000842399	2978.942	1641.64
84.9747520201984	99.962020030384	2938.495	1580.928
1.27986897610482	17.171086263131	8038.982	97.775
85.1313918948865	99.979120016704	2947.968	1580.295
1.30848895320884	17.5958859232913	7396.615	97.043
27.4253480597216	53.2772573781941	3238.579	409.464
62.6323098941521	89.015148787881	4278.141	707.447
0.481999614400308	7.41293406965274	4119.215	32.684
88.4680192255846	99.996580002736	2989.054	1652.376
91.5641267486986	100.0	2958.568	1604.265
29.1051667158666	65.4799876160099	5415.511	508.938
47.5272619781904	73.7203810236952	3399.155	613.02
56.249145000684	79.8119361504511	3996.109	637.907
1.89790848167321	22.6562218750225	6853.083	140.682
84.6876722498622	99.922960061632	2934.703	1650.343
0.277169778264177	4.61933630453096	2781.08	20.876
24.1150407079674	60.5499715600228	5323.407	454.266
68.5407351674119	97.8292017366386	3313.84	1598.559
0.0895299283760573	1.568158745473	1034.771	6.193
28.4054272756582	58.0756935394452	3187.793	446.118
0.181379854896116	3.10535751571399	1939.864	11.845
9.27629257896594	42.6522258782193	3698.341	311.269
0.599349520520384	9.39905248075802	5266.505	42.403
0.0991799206560635	1.74311860550512	1156.965	7.219
0.398639681088255	6.51959478432417	3874.039	29.616
32.0041843966525	56.9163144669484	3480.295	481.029
0.403069677544258	6.61535470771623	3984.663	29.702
13.7082090334328	45.0802439358049	3117.209	346.794
0.601309518952385	9.41309246952602	5353.914	39.914
0.098479921216063	1.72781861774511	1137.961	6.41
34.0021227983018	69.0738647409082	4653.27	554.018
77.4911280070976	99.7026402378878	2947.83	1563.859
3.87782689773848	29.8216561426751	3193.494	205.792
45.8162533469973	68.798464961228	3532.232	578.379
9.40599247520602	44.6689442648446	5059.118	327.729
58.6655630675495	89.9759880192096	4537.661	746.706
6.31007495194004	39.7616081907134	5127.059	275.937
4.0677667457866	32.2053942356846	4193.862	212.72
66.8278965376828	91.2151070279144	4529.556	1419.764
39.089168728665	75.2041198367041	5556.148	566.686
17.5918759264993	43.8524649180281	2999.692	326.892
1.18136905490476	13.6708090633527	3909.033	80.218
1.98553841156927	18.9928648057082	3117.162	121.059
34.0781127375098	70.0557639553888	5475.176	547.201
51.9104284716572	76.618018705585	3975.576	624.081
0.200869839304129	3.4448372441302	2187.436	15.359
1.85847851321719	21.9567424346061	6380.147	137.516
18.8471849222521	51.9864784108173	3241.979	389.024
77.5798279361376	99.8142401486079	2900.223	1558.01
43.9176748658601	77.7003578397137	4525.215	633.493
3.80679695456244	29.0512567589946	3231.463	185.619
91.5722167422266	100.0	2962.366	1565.5
70.5321435742851	92.8547257162194	4412.808	1472.968
2.45396803682557	19.2576445938843	2807.391	129.772
