0.00117999905600076	0.0210599831520135	2679.91	515.201
0.00198999840800127	0.0356399714880228	2610.652	507.579
0.00306999754400196	0.054719956224035	2639.006	517.741
0.00384999692000246	0.0682199454240437	2614.302	499.076
0.00631999494400404	0.112139910288072	2653.754	518.067
0.00868999304800556	0.153359877312098	2655.377	539.074
0.0130899895280084	0.228779816976146	2652.059	516.227
0.018799984960012	0.326159739072209	2671.014	502.653
0.0277099778320177	0.464399628480297	2636.555	516.533
0.0431499654800276	0.700199439840448	2671.951	515.804
0.0615199507840394	0.966959226432619	2665.507	510.541
0.0949799240160608	1.38077889537688	2634.357	507.937
0.138899888880089	1.80989855208116	2676.308	620.507
0.212489830008136	2.43557805153756	2687.683	519.516
0.318159745472204	3.03497757201794	2677.969	516.555
0.474409620472304	3.60287711769831	2650.345	495.836
0.712699429840456	4.12505669995464	2689.942	502.665
1.07110914311269	4.64669628264297	2689.146	521.956
1.60255871795303	5.24285580571536	2622.964	529.955
2.39645808283353	6.03485517211586	2712.219	508.456
3.6002571197943	7.24427420458064	2645.617	528.194
5.39395568483545	9.04319276544579	2707.886	537.432
8.09353352517318	11.7332906133675	2710.162	519.21
12.1407802873758	15.7845473723621	2696.976	520.055
18.2092154326277	21.849642520286	2643.702	553.426
27.3064781548175	30.9399952480038	2689.504	566.456
37.3133701493039	40.9523072381542	2651.793	543.925
47.3112421510063	50.9647992281606	2636.235	551.385
57.3174841460127	60.959111232711	2670.838	533.479
67.3070261543791	70.9699832240134	2635.262	554.611
77.3158681473055	80.9468352425318	2668.208	561.271
87.3092601525919	90.8844472924422	2639.331	563.05
97.0929923256061	99.5152603877917	2655.1	576.145
