38.8620289103769	72.1313422949262	2295.827	570.371
49.0388207689434	84.368632505094	2890.473	697.074
14.065288747769	49.6200203039838	1901.449	353.58
34.0897027282378	70.288323769341	2512.527	536.635
61.9775304179757	86.7779305776555	2797.144	696.609
24.0988107209514	60.2578317937346	3120.447	460.631
23.9114308708553	57.6589938728049	2057.524	451.451
0.199949840040128	3.42629725896219	825.228	16.05
0.302049758360193	5.06231595014724	419.131	21.349
0.399999680000256	6.54983476013219	507.428	30.205
3.58143713485029	26.9821584142733	1145.098	181.167
0.197109842312126	3.38795728963417	259.084	16.694
6.28059497552402	39.3791084967132	1611.777	269.734
77.5922379262097	99.8171201463039	2917.1	815.613
1.20846903322477	15.9791272166982	3066.416	94.519
0.219579824336141	3.63185709451432	282.062	16.375
9.41608246713403	44.6970242423806	1748.897	321.88
0.835139331888535	10.946691242647	828.07	53.507
0.397099682320254	6.50519479584416	511.834	32.11
39.091078727137	75.1157399074081	3378.506	573.829
0.302129758296193	5.07779593776325	1202.243	22.371
60.3721617022706	82.838093729525	2594.836	683.465
1.89668848264921	22.7006818394545	1595.661	153.057
58.2049034360773	86.7871105703115	2750.945	708.225
0.0662799469760424	1.16441906846475	93.164	4.497
91.5705067435946	100.0	2942.848	841.192
88.7103690317048	99.999640000288	2952.848	873.22
0.603519517184386	9.45575243539805	782.387	43.472
14.095598723521	50.2248198201441	1990.82	356.923
73.1563514749188	99.2006206395035	2925.49	837.723
3.10030751975398	23.2604813916149	1133.995	153.146
88.5610391511687	99.99820000144	2971.854	860.214
53.8540769167385	86.9863704109037	2914.583	685.876
30.5352155718275	53.177357458114	2294.787	447.594
0.902019278384577	13.2038894368885	2808.738	79.865
88.5336391730887	99.999280000576	2951.6	834.424
19.1106447114842	55.5027755977795	2063.546	406.867
50.8184093452725	73.8206409434872	2899.247	573.916
44.0899547280362	80.2315158147873	2795.125	648.8
39.096778722577	75.3328197337442	2667.661	574.319
0.402449678040258	6.59627472298022	1550.438	30.577
1.13189909448072	14.8602481118015	1107.516	89.477
0.100049919960064	1.75877859297713	129.444	9.426
0.0842899325680539	1.47473882020894	110.681	6.374
4.20151663878669	34.327772537782	1604.721	229.76
80.0558659553072	99.0661607470714	3007.618	845.862
91.5717867425706	100.0	2958.133	844.022
19.0818447345242	55.2032558373953	1997.789	432.692
0.823449341240527	11.8391305286956	933.489	73.501
85.3992016806387	99.995680003456	2916.615	880.371
85.3481017215186	99.992260006192	2963.036	852.247
81.6159847072122	99.9460000432	2920.175	898.007
37.3601301118959	63.0840095327924	2071.175	490.637
1.18136905490476	13.6708090633527	903.916	81.032
0.157339874128101	2.68991784806572	209.696	13.424
45.1660938671249	67.3995060803951	2720.148	544.079
2.79480776415379	28.4063172749462	1720.84	183.705
85.4321716542627	99.997120002304	2932.571	852.409
0.29756976194419	4.97843601725119	385.23	24.954
0.386009691192247	6.29891496086803	516.294	27.129
73.0341415726867	98.8282009374392	2946.598	817.956
53.122117502306	81.329154936676	2564.553	647.647
47.5775919379264	73.9104608716313	2383.786	584.835
26.8735085011932	51.511278790977	1740.707	416.558
29.0272467782026	64.3985484811612	2260.24	504.27
6.25876499298801	39.027208778233	1779.175	278.369
0.899129280696575	13.1959694432244	1083.761	80.683
34.1046427162858	70.4892036086371	2485.075	557.657
2.80323775740979	28.3938972848822	1508.373	186.627
0.602289518168385	9.39347248522201	2114.303	42.772
70.2072738341809	92.197366242107	2895.151	784.46
0.135519891584087	2.31335814931348	183.25	10.541
77.5846279322976	99.8131601494719	2954.026	827.536
23.387001290399	52.9674776260179	1784.484	408.234
9.40341247727002	44.7315842147326	2841.674	321.518
19.1062147150282	55.2694957844034	2131.981	423.775
67.9081856734515	94.8066441546847	3007.02	774.385
63.7726189819048	95.6042235166212	3283.44	758.718
0.575979539216369	8.98505281195775	706.939	41.791
14.111998710401	50.2615397907682	1847.602	364.53
30.2521057983154	52.5747179402256	1826.583	412.892
57.843003725597	85.0076319938944	2707.749	727.228
6.26292498966001	39.098848720921	2608.173	261.722
29.1120367103706	65.4794476164419	2379.7	500.226
44.0899047280762	80.2282758173793	2716.962	638.897
6.30619495504404	39.7648481881214	1706.208	262.015
2.79441776446579	28.2893173685461	2931.263	186.725
44.0842347326122	80.1798558561153	3646.803	645.098
19.0853047317562	55.3810956951234	3010.052	419.936
8.74266300586959	37.3533901172879	1341.602	263.611
1.01563918748865	13.2449294040565	1047.329	76.313
68.3378153297477	96.7812425750059	2979.903	802.592
75.5938895248884	97.0348623721101	2967.337	803.666
9.41743246605403	44.7299642160286	1871.388	335.662
28.8718369025305	62.2313502149198	2630.805	488.602
4.16168667065066	33.7146930282456	2575.749	226.898
91.5691167447066	100.0	2980.279	885.589
50.6904994476004	73.5155411875671	2403.844	588.806
80.0120959903232	99.0316007747194	2970.197	806.279
1.89692848245721	22.6832218534225	3099.072	143.154
77.0845883323293	99.1673206661435	2960.266	829.195
63.3951492838806	92.7402458078033	2952.966	737.951
14.096328722937	50.2755797795362	2847.96	366.475
0.899919280064576	13.1824694540244	1040.422	87.413
91.5671567462746	100.0	2962.511	836.757
22.3074721540223	47.8860816911346	1609.522	368.667
1.79779856176115	21.0895031283975	1322.973	137.142
70.254863796109	92.2931261654991	2955.25	740.323
0.488199609440312	7.55225395819683	616.041	37.351
55.5041755966595	78.11723750621	2965.715	650.444
88.6682290654168	99.998920000864	2956.039	840.531
85.3481017215186	99.992260006192	2969.571	830.037
58.1561234751012	86.4924508060394	2726.159	689.513
67.5802259358193	93.5439451648439	3385.661	751.803
45.6917734465812	68.4982252014198	2210.932	571.221
2.80363775708979	28.4831772134582	1649.629	183.592
44.0160847871322	79.0994967204026	2734.2	636.24
80.3032757573794	99.2449006040795	2946.939	825.415
66.7991165607068	91.0871271302983	2846.418	731.603
0.098439921248063	1.73357861313711	425.456	6.77
