89.089318728545	92.6907458474033	2707.107	806.492
98.6235911011271	99.998920000864	2706.258	796.496
94.0881647294682	97.6326418938865	2689.864	729.693
98.5946011243191	99.996220003024	2661.908	756.421
94.0685547451562	97.3309621352303	2651.146	810.23
94.0936847250522	97.7136418290865	2710.973	733.362
89.098558721153	92.7434858052113	2711.751	793.819
94.0144447884442	96.91696246643	2682.402	537.051
98.6691110647111	100.0	2686.958	532.32
89.041418766865	92.0953063237549	2682.747	706.916
98.6253210997431	99.998020001584	2691.047	703.464
88.9301488558809	91.5027467978026	2714.076	711.37
