29.1013567189146	32.7335138131889	11956.594	776.658
69.1028547177162	72.7298418161266	26168.324	1747.364
9.40291247767002	13.0462095630323	4943.094	254.191
0.199179840656127	2.32937813649749	1442.135	8.465
74.0899507280394	77.7291578166737	27892.264	1868.869
49.0972107222314	52.7359978112017	19092.268	1252.596
84.0958327233338	87.7389498088401	31416.279	2120.296
4.20153663877069	7.84943372045302	3219.527	118.241
94.0386747690602	97.0899423280461	34662.722	2379.832
14.100268719785	17.7503257997394	6819.559	370.869
64.102978717617	67.7301658158674	24531.142	1620.568
6.30032495974003	9.95147203882237	4038.459	170.365
39.100088719929	42.7391658086674	15565.953	991.792
2.80305775755379	6.44777484178013	2820.579	80.727
24.0955707235434	27.7289778168177	10483.575	628.093
78.9986968010426	81.8164145468684	29411.227	2000.004
59.1022227182218	62.7306698154641	22688.41	1481.259
98.6235911011271	99.998920000864	35606.887	2599.597
0.291169767064186	2.25323819740944	1146.025	12.43
0.898829280936575	4.42097646321883	2054.318	31.867
89.097458722033	92.7296258162993	32776.902	2350.089
1.89916848066522	5.53121557502754	2397.501	59.03
1.30063895948883	4.90769607384314	2241.246	39.917
0.299389760488192	2.93759764992188	1655.608	12.878
0.601959518432385	3.9047368762105	1886.7	25.191
54.0949667240266	57.738373809301	20876.279	1380.352
0.100449919640064	1.43549885160092	1009.662	5.168
34.1030127175898	37.7562297950162	13958.459	859.275
19.0946447242842	22.7501817998546	8518.078	495.249
44.0908247273402	47.6652218678225	17086.154	1175.701
