0.00088999928800057	0.0160199871840103	12.468	0.397
0.0020299983760013	0.0365399707680234	25.407	0.709
0.00289999768000186	0.0516599586720331	36.44	0.535
0.0035999971200023	0.0638999488800409	45.305	0.853
0.00626999498400401	0.111959910432072	78.611	0.613
0.009369992504006	0.164339868528105	111.872	0.639
0.0129699896240083	0.226619818704145	157.884	0.883
0.0186599850720119	0.321299742960206	223.974	1.088
0.0271699782640174	0.458279633376293	313.768	1.33
0.0428799656960274	0.696779442576446	475.949	1.923
0.0621599502720398	0.970199223840621	667.62	2.802
0.0939899248080601	1.37123890300888	949.188	4.079
0.138609889112089	1.83095853523317	1238.132	5.81
0.210339831728135	2.41199807040154	1482.27	7.618
0.316779746576203	3.02399758080194	1591.574	10.794
0.474419620464304	3.60449711640231	1782.507	18.731
0.711529430776455	4.10399671680263	1927.845	18.914
1.06962914429668	4.65767627385898	2125.527	28.46
1.59223872620902	5.18777584977932	2270.429	46.6
2.39564808348153	6.03665517067586	2567.555	62.977
3.5987971209623	7.25849419320465	3026.884	91.774
5.40031567974746	9.02645277883778	3568.511	137.865
8.09509352392518	11.7336506130795	4396.955	203.918
12.1350102919918	15.7778873776901	6075.585	298.67
18.2095454323637	21.846222523022	8287.421	428.528
27.3050381559695	30.8890552887558	10998.299	670.922
37.3107401514079	40.9699472240422	15086.831	876.185
47.3083421533263	50.9421192463046	18402.52	1123.557
57.3148341481327	60.960191231847	21415.605	1405.259
67.3113461509231	70.9501832398534	24645.945	1576.165
77.1826982538414	79.9082360734111	27722.223	1884.064
87.3112801509759	90.9463672429062	31459.015	2231.363
96.9732724213821	99.2247406202075	34441.608	3827.264
