24.0999907200074	24.1000007199994	2673.299	509.462
89.099938720049	89.100108719913	2692.414	592.09
59.0999627200298	59.1000727199418	2654.139	553.519
2.80000775999379	2.80025775979379	2657.918	509.736
9.40000247999802	9.40013247989402	2692.208	534.68
0.400009679992256	0.400139679888256	2672.205	495.474
1.90000847999322	1.90007847993722	2699.838	535.176
79.0999467200426	79.1002167198266	2699.854	577.478
6.30000495999603	6.30017495986003	2717.267	499.451
4.20000663999469	4.20029663976269	2635.838	532.952
14.099998720001	14.100108719913	2705.608	535.531
74.0999507200394	74.1001807198554	2698.079	591.026
29.0999867200106	29.1002167198266	2703.681	545.096
44.0999747200202	44.1001447198842	2694.415	537.618
34.0999827200138	34.1000727199418	2692.259	526.358
1.30000895999283	1.30013895988883	2663.337	524.168
99.0999207200634	99.1000007199994	2681.313	590.801
0.600009519992384	0.600299519760384	2714.02	511.456
69.0999547200362	69.0999647200282	2698.864	562.151
0.200009839992128	0.200159839872128	2723.663	552.698
39.099978720017	39.100288719769	2696.445	564.653
0.300009759992192	0.300239759808192	2679.068	525.143
19.0999947200042	19.1001447198842	2700.307	498.884
0.100009919992064	0.100259919792064	2701.413	508.838
64.099958720033	64.100108719913	2704.872	554.454
94.0999347200522	94.1001447198842	2710.319	585.585
49.0999707200234	49.1001807198554	2660.319	539.617
84.0999427200458	84.1000727199418	2717.257	596.975
0.900009279992576	0.900179279856576	2729.382	502.725
54.0999667200266	54.1002167198266	2709.589	549.969
