0.600719519424385	0.96875922499262	2658.005	624.807
6.29944496044403	6.66323466941226	2643.378	670.858
54.0992167206266	54.4623764300989	2664.371	675.626
79.1009467192426	79.4661564270749	2648.088	732.832
4.19921664062669	4.56119635104292	2642.115	688.279
24.0996607202714	24.4666604266717	2710.338	683.854
49.1003507197194	49.4672004262397	2657.903	712.185
64.099728720217	64.4622684301853	2659.317	725.428
44.1002347198122	44.4707644233885	2680	711.625
69.1010047191962	69.4626644298685	2631.419	701.064
0.300019759984192	0.663119469504424	2677.316	664.398
19.1007547193962	19.4705844235325	2680.843	668.049
94.0993647205082	94.4619444304445	2708.801	709.263
34.0987627209898	34.4651124279101	2662.404	691.718
99.0988107209514	99.4544204364636	2671.002	760.088
89.099768720185	89.4604684316253	2702.712	714.319
0.400569679544256	0.763199389440488	2709.146	664.4
74.0991307206954	74.4592804325757	2716.196	726.99
1.30015895987283	1.66553866756907	2710.885	655.777
2.79946776042579	3.16745746603403	2670.852	674.172
14.099168720665	14.4604684316253	2686.456	662.182
9.40004247996602	9.76337218930225	2700.564	650.892
59.1003427197258	59.4638524289181	2660.762	700.664
0.201099839120129	0.565379547696362	2679.456	634.017
0.901329278936577	1.26611898710481	2691.547	678.41
84.0991627206698	84.4669124264701	2659.39	735.237
39.099378720497	39.4683884252893	2672.535	697.799
29.0999367200506	29.4602164318269	2657.986	667.834
1.89940848047322	2.26673818660945	2677.874	666.51
0.100109919912064	0.458999632800294	2662.957	643.009
