0.000519999584000333	0.00935999251200599	2652.046	528.732
0.00138999888800089	0.025019979984016	2736.819	523.198
0.0021799982560014	0.0392399686080251	2690.284	513.599
0.00263999788800169	0.0475199619840304	2699.178	525.927
0.00513999588800329	0.0925199259840592	2662.26	509.327
0.0065599947520042	0.118079905536076	2662.256	510.249
0.00685999451200439	0.123299901360079	2680.435	530.959
0.0121599902720078	0.21797982561614	2669.175	540.628
0.0198299841360127	0.356579714736228	2667.911	540.902
0.0261099791120167	0.4694396244483	2663.904	518.695
0.0563799548960361	1.00709919432064	2665.183	545.368
0.0841799326560539	1.49831880134496	2682.028	531.702
0.104949916040067	1.86101851118519	2691.05	542.038
0.161439870848103	2.8137577489938	2683.932	508.093
0.179649856280115	3.16853746517003	2672.108	531.832
0.29614976308019	5.08697593041926	2636.511	510.137
0.4692196246243	7.84259372592502	2720.493	535.311
0.87468930024856	14.101008719193	2644.208	539.9
1.30686895450484	19.9817840145728	2668.618	515.361
1.54906876074499	22.0080423935661	2703.259	535.363
2.46383802892958	31.257514993988	2641.235	528.27
3.55172715861827	38.7757489794008	2631.31	529.518
5.32821573742741	47.5104219916624	2683.474	514.267
10.889631288295	74.7917401666079	2661.688	570.013
15.0102079918336	75.1652398678081	2862.364	551.907
25.1729498616401	92.6756258594993	2624.089	570.973
34.8147421482063	98.2842413726069	2660.866	577.734
43.3915752867398	99.2265406187675	2667.646	577.166
51.7531885974491	99.8147801481759	2617.568	581.843
59.1263726989018	99.9040600767519	2680.645	615.439
66.3566369146905	99.987040010368	2705.173	581.101
72.6234619012305	99.997660001872	2712.222	582.371
78.6312470950023	100.0	2692.441	611.565
