18.3448853240917	95.6638034689572	41188.113	1190.477
38.6959290432568	99.961840030528	42011.771	2723.419
25.3846596922722	98.9282808573753	41966.448	1667.454
6.36870490503608	68.9602848317721	39333.461	339.675
19.7937041650367	95.1974238420609	40899.075	1292.697
14.023828780937	89.5708083433533	40899.174	721.582
1.67713865828907	25.8945992843206	18117.821	92.523
28.0333475733219	99.1860406511675	41269.061	1905.212
0.18788984968812	3.32369734104213	2313.151	9.98
2.8168977464818	39.9367480506016	27588.926	156.468
0.560659551472359	9.58391233287013	6681.67	33.308
60.5095815923347	100.0	44328.301	4212.18
55.5272955781635	100.0	43340.263	3857.696
0.391929686456251	6.81479454816436	4752.9	25.295
52.8320477343618	99.998740001008	44130.397	3637.797
1.14175908659273	18.5075851939318	12666.891	66.077
0.118669905064076	2.11283830972935	1472.595	6.176
41.1114271108583	99.954280036576	43057.744	2802.63
9.372772501782	81.9359344512524	39746.807	505.23
0.263679789056169	4.64147628681897	3242.31	14.92
50.1945298443761	99.998020001584	43007.659	3492.718
0.0522599581920334	0.935639251488599	642.038	2.637
34.9706020235184	99.8304401356479	42683.94	2340.177
46.4767428186057	99.982180014256	43454.324	3151.333
30.2215058227953	99.2305006155995	41649.138	2044.48
44.4005444795644	99.98470001224	43124.65	3122.814
3.94903684077053	50.6258594993124	33469.799	211.464
0.867529305976555	14.4730684215453	9888.033	50.45
10.996001203199	83.6354930916055	39970.342	578.951
58.0462835629732	100.0	44060.871	4016.886
