78.6319170944663	100.0	42182.238	3601.476
1.84389852488118	26.0475991619207	17178.736	108.909
0.0363999708800233	0.651419478864417	446.393	2.955
0.0504199596640323	0.897839281728575	611.194	3.544
6.06915514467588	53.3686973050422	26987.901	304.365
0.100779919376064	1.79243856604915	1211.828	6.509
0.000779999376000499	0.014039988768009	11.329	0.501
0.407169674264261	6.82685453851637	4710.001	27.53
0.0107499914000069	0.192959845632123	134.537	1.123
0.00134999892000086	0.0242999805600156	17.825	0.513
10.4191116647107	70.8924032860774	33602.353	497.035
51.8429985256012	99.8513201189439	42223.116	2450.695
65.4148976680819	99.93880004896	43329.892	2923.593
25.6370994903204	95.0696239443008	41105.293	1212.497
0.264439788448169	4.59539632368294	3182.119	18.512
0.00236999810400152	0.0426599658720273	30.879	0.648
0.893999284800572	13.7829489736408	9562.477	56.501
0.0216299826960138	0.388079689536248	264.22	1.88
34.8343721325023	98.3434613252309	41725.541	1624.48
0.404019676784259	6.91127447098042	4808.266	25.431
0.918849264920588	14.8172281462175	10344.684	60.614
57.9286236571011	99.6518802784958	42923.086	2710.445
0.00340999727200218	0.0611999510400392	44.047	0.66
0.161979870416104	2.85029771976182	1990.195	11.598
0.00338999728800217	0.0610199511840391	43.886	0.676
42.250656199475	97.6612618709905	42372.523	1994.32
4.03240677407458	43.6701250638999	25115.589	209.417
0.00665999467200426	0.119699904240077	85.63	0.892
13.6566290746967	68.8593049125561	32054.508	653.693
0.0335299731760215	0.598499521200383	420.78	2.645
72.6411118871105	99.997480002016	43882.15	3293.213
0.0158499873200101	0.284579772336182	199.419	1.438
3.18584745132204	40.56998754401	26372.803	176.388
