0.000989999208000634	0.0178199857440114	13.792	0.471
0.00181999854400116	0.032759973792021	24.176	0.52
0.00190999847200122	0.034379972496022	24.758	0.853
0.00373999700800239	0.0673199461440431	50.646	0.746
0.00424999660000272	0.0763199389440488	53.755	0.713
0.00775999379200497	0.139679888256089	98.718	1.481
0.00876999298400561	0.157859873712101	110.489	0.939
0.0170999863200109	0.307079754336197	213.459	1.525
0.0208599833120134	0.374039700768239	263.514	1.683
0.029759976192019	0.532259574192341	367.19	2.404
0.0401099679120257	0.716219427024458	487.011	4.326
0.0576399538880369	1.02941917646466	717.436	3.92
0.112269910184072	1.98971840822527	1392.08	7.781
0.163239869408104	2.87189770248184	1941.571	9.543
0.204329836536131	3.55877715297828	2393.159	11.352
0.426299658960273	7.30421415662867	5009.891	29.499
0.604859516112387	10.0983519213185	6744.236	38.571
0.935419251664599	15.1122479102017	10601.923	58.212
1.44558884352893	22.1741822606542	15531.247	86.178
1.76118859104913	24.9109000712799	16937.56	102.523
3.05926755258596	38.7663889868888	24963.04	183.624
4.66041627166698	50.6683394653284	29277.277	264.069
5.3168857464914	47.4204220636624	24653.331	296.432
7.61316390946887	53.3388173289461	25799.214	407.735
12.1674402660478	62.8757496994002	29570.25	646.848
25.068019945584	92.180806255355	40645.992	1433.171
31.5846647322682	89.7337082130334	40981.991	1730.508
38.2436794050565	91.3691869046505	40752.501	2048.92
51.618048705561	99.7521401982878	43634.202	2859.988
56.28057497554	99.0859607312314	42564.347	3097.301
66.0834271332583	99.976960018432	42606.944	3754.499
72.9730216215827	99.999640000288	42718.425	4148.742
78.6385670891463	100.0	44359.621	4419.309
