0.00100999919200065	0.00107999913600069	1.68	0.396
0.00100999919200065	0.00107999913600069	1.523	0.438
0.00100999919200065	0.00107999913600069	1.837	0.43
0.00100999919200065	0.00125999899200081	1.876	0.467
0.00199999840000128	0.00215999827200138	1.964	0.462
0.00200999839200129	0.00215999827200138	1.941	0.447
0.00200999839200129	0.00215999827200138	2.703	0.467
0.00200999839200129	0.00215999827200138	2.241	0.472
0.00299999760000192	0.00323999740800207	2.3	0.497
0.00300999759200193	0.00323999740800207	2.03	0.45
0.00300999759200193	0.00323999740800207	1.86	0.495
0.00300999759200193	0.00323999740800207	2.713	0.64
0.00400999679200257	0.00413999668800265	2.894	0.451
0.00400999679200257	0.00413999668800265	2.672	0.435
0.00400999679200257	0.00413999668800265	3.357	0.477
0.00400999679200257	0.00431999654400277	2.57	0.432
0.00599999520000384	0.00611999510400392	3.383	0.979
0.00600999519200385	0.00611999510400392	2.642	0.499
0.00600999519200385	0.00629999496000403	3.086	0.505
0.00600999519200385	0.00629999496000403	2.793	0.547
0.00899999280000576	0.00917999265600588	3.028	0.593
0.00899999280000576	0.00917999265600588	2.907	0.599
0.00900999279200577	0.00917999265600588	5.058	0.508
0.00900999279200577	0.00917999265600588	2.828	0.497
0.0130099895920083	0.0131399894880084	3.284	0.561
0.0130099895920083	0.0131399894880084	5.557	0.563
0.0130099895920083	0.0131399894880084	3.461	0.575
0.0130099895920083	0.0133199893440085	2.984	0.586
0.0189999848000122	0.0192599845920123	3.96	0.649
0.0190099847920122	0.0190799847360122	7.197	0.676
0.0190099847920122	0.0190799847360122	4.444	0.599
0.0190099847920122	0.0192599845920123	4.49	0.659
0.0280099775920179	0.028079977536018	5.135	0.767
0.0280099775920179	0.028079977536018	9.635	0.729
0.0280099775920179	0.028079977536018	4.721	0.856
0.0280099775920179	0.0282599773920181	5.181	0.756
0.0419999664000269	0.042119966304027	6.354	0.972
0.0420099663920269	0.042119966304027	5.948	0.891
0.0420099663920269	0.042119966304027	4.99	0.873
0.0420099663920269	0.042119966304027	16.438	0.838
0.0629999496000403	0.0631799494560404	6.803	1.065
0.0630099495920403	0.0631799494560404	20.102	1.118
0.0630099495920403	0.0631799494560404	7.083	1.107
0.0630099495920403	0.0631799494560404	7.466	1.155
0.0939999248000602	0.0941399246880602	11.816	1.405
0.0940099247920602	0.0941399246880602	8.428	1.367
0.0940099247920602	0.0941399246880602	30.045	1.394
0.0940099247920602	0.0941399246880602	7.126	1.451
0.14099988720009	0.14111988710409	11.639	1.899
0.14100988719209	0.14129988696009	11.361	2.479
0.14100988719209	0.14129988696009	40.103	1.921
0.14100988719209	0.14129988696009	8.918	1.873
0.210999831200135	0.211139831088135	11.529	2.761
0.211009831192135	0.211139831088135	58.126	2.676
0.211009831192135	0.211139831088135	15.837	2.52
0.211009831192135	0.211139831088135	15.953	2.452
0.316009747192202	0.316079747136202	83.331	3.704
0.316009747192202	0.316079747136202	31.183	3.543
0.316009747192202	0.316079747136202	15.214	3.796
0.316009747192202	0.316259746992202	30.404	3.623
0.474009620792303	0.474119620704303	29.321	5.108
0.474009620792303	0.474119620704303	30.146	4.89
0.474009620792303	0.474299620560304	115.966	5.325
0.474009620792303	0.474299620560304	20.278	5.191
0.710999431200455	0.711179431056455	40.823	7.169
0.710999431200455	0.711179431056455	26.001	8.017
0.711009431192455	0.711179431056455	167.036	7.666
0.711009431192455	0.711179431056455	63.474	7.694
1.06599914720068	1.06631914694468	61.409	11.657
1.06600914719268	1.06613914708868	255.112	11.647
1.06600914719268	1.06613914708868	90.514	11.59
1.06600914719268	1.06613914708868	38.818	11.65
1.59899872080102	1.59929872056102	53.156	17.698
1.59900872079302	1.59911872070502	84.813	16.727
1.59900872079302	1.59911872070502	381.353	17.269
1.59900872079302	1.59929872056102	133.604	17.545
2.39799808160153	2.39813808148954	124.259	24.363
2.39800808159353	2.39813808148954	569.827	26.095
2.39800808159353	2.39813808148954	199.714	26.234
2.39800808159353	2.39831808134553	80.239	23.424
3.5969971224023	3.5972971221623	110.289	36.797
3.5970071223943	3.5971171223063	109.146	39.697
3.5970071223943	3.5971171223063	181.871	37.128
3.5970071223943	3.5972971221623	183.724	37.806
5.39499568400345	5.39531568374745	1260.599	57.857
5.39500568399545	5.39513568389145	265.01	55.169
5.39500568399545	5.39513568389145	158.907	55.489
5.39500568399545	5.39513568389145	272.016	54.015
8.09199352640518	8.09207352634118	401.367	85.43
8.09199352640518	8.09225352619718	396.182	85.812
8.09200352639718	8.09225352619718	239.952	86.301
8.09200352639718	8.09225352619718	1803.033	87.459
12.1380002895998	12.1381102895118	946.077	120.389
12.1380002895998	12.1381102895118	363.193	124.849
12.1380002895998	12.1382902893678	989.764	129.516
12.1380002895998	12.1382902893678	361.946	123.348
18.2069954344037	18.2071654342677	855.859	186.177
18.2069954344037	18.2071654342677	516.809	184.231
18.2069954344037	18.2071654342677	4186.288	194.636
18.2069954344037	18.2071654342677	1428.348	188.34
27.3099881520095	27.3101181519055	1303.544	281.869
27.3099881520095	27.3101181519055	798.315	264.035
27.3099881520095	27.3101181519055	6078.691	287.89
27.3099881520095	27.3102981517615	2144.155	282.108
37.3099801520159	37.3100101519919	1064.023	370.424
37.3099801520159	37.3100101519919	1821.846	373.161
37.3099801520159	37.3101901518479	2888.358	379.838
37.3099801520159	37.3101901518479	8684.15	386.069
47.3099721520223	47.3100821519343	10458.484	534.416
47.3099721520223	47.3102621517903	1367.682	498.954
47.3099721520223	47.3102621517903	3470.051	490.32
47.3099721520223	47.3102621517903	2357.653	465.01
57.3099541520367	57.3101541518767	2711.381	593.19
57.3099641520287	57.3099741520207	12664.047	600.593
57.3099641520287	57.3101541518767	1640.374	559.4
57.3099641520287	57.3101541518767	2815.224	570.298
67.3099561520351	67.3100461519631	3224.843	676.407
67.3099561520351	67.3100461519631	1919.674	684.986
67.3099561520351	67.3102261518191	3118.293	677.08
67.3099561520351	67.3102261518191	10768.81	706.942
77.3099381520495	77.3099381520495	3628.317	782.882
77.3099481520415	77.3101181519055	6014.649	767.023
77.3099481520415	77.3101181519055	17602.253	789.272
77.3099481520415	77.3101181519055	2228.821	757.819
