59.0991527206778	62.7315698147441	21800.089	1495.848
89.085728731417	92.5577259538192	32421.003	2356.297
14.106158715073	17.7553657957074	6642.066	347.498
44.0991247207002	47.7397418082066	17067.442	1115.123
54.0952267238186	57.739813808149	20331.581	1370.084
0.301059759152193	2.93903764876988	1620.389	10.018
0.399569680344256	3.35699731440215	1710.774	12.988
69.0986247211002	72.7516217987026	25859.616	1755.049
4.19927664057869	7.84151372678902	3294.726	111.454
34.0940927247258	37.7117698305841	13523.549	860.537
2.8103077517538	6.44399484480412	2631.465	78.058
1.30174895860083	4.91453606837115	2151.397	38.748
94.0537747569802	97.1768822584942	34595.465	3676.796
6.29681496254803	9.93131205495036	3889.329	168.282
79.1014567188346	82.743053805557	29670.555	1938.569
1.90625847499322	5.54201556638755	2420.925	55.763
0.600419519664384	3.89213688629049	1829.125	17.592
0.200609839512128	2.3441381246895	1425.182	10.335
39.095078723937	42.7373658101073	15733.198	950.455
9.39902248078202	13.0325295739763	5053.208	242.048
49.1013407189274	52.7230378215697	18680.855	1241.206
24.0985607211514	27.7239378208497	10054.587	591.441
84.0938327249338	87.6143899084881	31548.099	2065.748
19.0973047221562	22.7305618155505	8555.504	467.291
73.8629009096793	76.3217389426088	27448.057	1798.523
29.0998967200826	32.7281138175089	11653.718	732.374
98.6691110647111	100.0	34863.446	3932.204
0.897869281704575	4.41287646969882	2057.067	28.861
64.094528724377	67.7310658151473	24506.3	1557.022
0.099979920016064	1.43675885059292	994.773	4.281
