2.75659779472176	27.7098978320817	15252.833	157.085
1.90006847994522	22.7296618162705	13898.998	106.328
39.054798756161	74.6473802820958	34230.671	1906.36
43.753114997508	75.8710193031846	34169.773	2100.558
58.7884029692776	91.1360870911303	40384.358	2904.449
27.8339477328418	54.9906760074592	24673.686	1360.048
91.5671567462746	100.0	43626.472	4355.272
0.191919846464123	3.29003736797011	2292.351	11.472
19.0847447322042	55.1544758764193	25612.113	955.783
9.39571248343001	44.7242042206366	21456.781	470.286
67.5091159927072	93.2672853861717	42016.251	3159.705
0.394579684336253	6.46631482694814	4528.32	27.425
24.1148407081274	60.5058715953027	28336.087	1182.639
76.0838391329287	97.7127418298065	43081.276	3666.447
1.07386914090469	14.046288762969	9250.133	61.312
62.7894797684162	89.6939282448574	40721.146	3012.616
72.5479819616144	97.4584020332784	43012.818	3551.619
0.89138928688857	13.0678095457524	9012.099	54.855
47.3192221446223	72.9118216705427	32617.545	2301.897
84.6347422922062	99.92170006264	44354.454	3871.369
14.080628735497	49.8965000827999	23275.126	715.651
53.9344968524025	87.9104896716083	39649.726	2606.862
0.192959845632123	3.21605742715406	2216.102	14.29
0.0760799391360487	1.33721893022486	911.591	4.969
0.361009711192231	5.60303551757159	3922.836	21.543
80.9883452093238	99.6700602639518	43535.342	3872.24
4.10293671765063	32.752593797925	16506.614	218.335
6.29879496096403	39.7022082382334	19179.896	326.299
34.1039327168538	70.370403703677	32280.514	1716.87
88.6215891027287	99.998560001152	44591.158	4087.043
