94.1006047195162	94.4606844314524	2671.271	539.938
94.0993647205082	94.4619444304445	2708.801	709.263
99.0988107209514	99.4544204364636	2671.002	760.088
89.099768720185	89.4604684316253	2702.712	714.319
94.1006647194682	94.4628444297245	2677.863	558.531
89.100668719465	89.4640684287453	2722.029	629.551
94.0990147207882	94.4574444340444	2683.837	732.153
99.0983107213514	99.4668404265277	2669.672	743.181
99.0920207263834	99.3797204962236	2664.45	802.45
89.099898720081	89.4619084304733	2658.616	596.684
89.099818720145	89.4622684301853	2701.614	702.176
99.0609107512714	99.2855805715355	2673.256	772.988
