69.0999547200362	69.1001447198842	2636.624	714.123
39.099978720017	39.100108719913	2675.398	688.471
0.200009839992128	0.200159839872128	2696.804	666.34
19.0999947200042	19.1001447198842	2661.137	690.694
49.0999707200234	49.1000007199994	2681.53	698.286
0.400009679992256	0.400139679888256	2646.444	655.593
14.099998720001	14.100288719769	2649.39	658.544
79.0999467200426	79.1002167198266	2683.618	729.78
1.30000895999283	1.30013895988883	2703.977	640.544
2.80000775999379	2.80007775993779	2686.409	636.967
9.40000247999802	9.40013247989402	2680.682	660.089
94.0999347200522	94.1001447198842	2656.455	738.806
74.0999507200394	74.1000007199994	2638.22	720.47
59.0999627200298	59.1000727199418	2676.814	718.578
6.30000495999603	6.30017495986003	2697.665	636.512
64.099958720033	64.100108719913	2696.871	706.721
24.0999907200074	24.1001807198554	2701.409	694.96
0.900009279992576	0.900179279856576	2690.942	677.239
0.600009519992384	0.600119519904384	2703.814	659.75
1.90000847999322	1.90007847993722	2683.068	676.908
0.300009759992192	0.300239759808192	2697.721	640.989
34.0999827200138	34.1002527197978	2684.121	694.577
4.20000663999469	4.20011663990669	2690.423	671.343
29.0999867200106	29.1002167198266	2666.908	646.444
0.100009919992064	0.100259919792064	2708.924	674.916
44.0999747200202	44.1001447198842	2695.683	692.441
89.099938720049	89.100108719913	2684.005	730.772
99.0999307200554	99.1001807198554	2709.747	760.236
84.0999427200458	84.1000727199418	2636.376	701.056
54.0999667200266	54.1002167198266	2707.903	703.455
