29.0416967666426	64.3989084808732	2520.49	536.952
1.22728901816879	16.3564069148745	2724.834	529.931
0.45374963700029	6.98453441237247	2639.648	510.854
5.45118563905149	30.8579153136677	2689.357	489.559
23.7053110357512	55.3450957239234	2701.212	561.816
0.100189919848064	1.76237859009713	2699.95	534.379
0.400029679976256	6.54767476186019	2672.423	519.648
1.29732896213683	17.4927460058032	2710.393	503.232
46.5780727375418	70.6931434454852	2505.892	584.663
58.8371729302617	91.6575466739627	2687.414	555.929
38.2491394006885	67.0528263577389	2717.244	553.422
56.7366146107083	81.0622151502279	2706.648	562.482
49.0757107394314	84.8704721036223	2688.567	551.061
3.57517713985829	26.9375184499852	2712.094	543.068
24.0740307407754	59.8195321443743	2673.911	505.962
0.842109326312539	11.0829511336391	2470.408	523.196
4.93269605384316	27.7043178365457	2716.472	526.474
2.55626795498564	19.8566841146527	2668.182	529.987
0.0991799206560635	1.74239860608112	2484.008	510.653
2.8069177544658	28.5445571643543	2673.032	490.024
0.099979920016064	1.75589859528112	2709.121	501.537
32.6763538589169	59.305092555926	2714.736	530.372
2.48326801338559	24.0235007811994	2726.463	529.095
0.159599872320102	2.68163785468972	2521.729	483.695
53.8019269584584	86.2735709811432	2470.614	599.456
1.33579893136085	15.3223077421538	2484.568	514.069
4.12468670025064	33.0839735328212	2486.25	531.736
0.0965499227600618	1.69667864265709	2691.772	491.454
0.349329720536224	5.68583545133164	2705.785	495.064
1.27353898116882	14.6177883057694	2697.302	498.83
0.598909520872383	9.369892504086	2519.568	511.768
0.201039839168129	3.44915724067421	2701.526	518.096
48.7636409890872	80.9734752212198	2647.938	543.355
0.549829560136352	7.93043365565308	2693.993	497.926
17.188236249411	42.3872660901871	2700.511	519.879
0.287049770360184	4.80815615347508	2672.785	489.11
2.79797776161779	28.4451972438422	2713.68	517.969
6.30705495435604	39.7302882157694	2669.28	508.445
31.5883347293322	55.6865554507556	2706.13	565.334
63.8148089481528	96.0032831973734	2679.233	574.326
50.3646697082642	72.8227217418226	2716.779	569.049
19.0818447345242	55.2032558373953	2729.8	550.683
1.89610848311321	22.6677418658065	2704.882	499.567
1.8781984974412	22.3138621489103	2712.215	529.323
19.0648947480842	54.8328161337471	2676.425	566.611
44.0878447297242	80.2064958348033	2526.563	559.288
0.596799522560382	9.36485250811799	2704.007	528.244
33.0589735528212	61.0554111556711	2696.58	520.055
9.39109248712601	44.6421242863006	2701.593	518.977
27.1865282507774	52.4762580189936	2669.329	508.427
19.1036747170602	55.4835156131875	2471.495	543.578
6.15617507505994	37.3879500896399	2510.566	509.215
14.110208711833	50.2712597829922	2698.44	509.734
38.993318805345	73.6669210664631	2704.295	552.244
0.377549697960242	6.16751506598795	2694.747	509.794
63.8009189592648	95.8621633102694	2701.639	579.793
9.28174257460594	42.6995658403473	2508.973	535.773
0.200819839344129	3.45059723952221	2687.66	505.562
0.194959844032125	3.34583732333014	2456.711	522.536
0.862899309680552	12.562009950392	2722.689	529.083
0.600859519312385	9.40391247687002	2716.964	514.246
39.035868771305	74.3458805232956	2500.013	565.947
58.9040128767897	92.3329061336751	2706.348	584.061
44.0789547368362	79.9625960299232	2700.393	583.499
63.7232190214248	95.1918438465249	2735.69	564.508
14.111968710425	50.2647797881762	2496.424	561.751
14.092558725953	50.2635197891842	2704.403	555.05
4.20126663898669	34.345592523526	2695.713	534.879
0.873879300896559	12.7249098200721	2720.352	497.478
43.8320649343481	76.6649986680011	2649.51	544.298
33.8343929324857	66.7023666381067	2543.139	534.51
0.397219682224254	6.53525477179618	2523.281	505.424
2.78946776842579	28.3258573393141	2517.548	506.393
24.0652507477994	59.6418722865022	2507.132	529.124
0.198619841104127	3.40757727393818	2724.998	512.023
9.40133247893402	44.6977442418046	2726.299	540.756
1.22564901948078	16.2316670146664	2684.192	503.154
21.6002627197898	45.6681234655012	2687.804	515.254
53.7178370257304	85.5649115480708	2695.666	593.173
12.3217501425999	37.488570009144	2669.975	497.056
57.859243712605	85.0591119527104	2515.737	564.304
54.0229267816586	89.068248745401	2725.588	581.33
0.299789760168192	5.03621597102722	2707.114	500.227
28.6940370447704	60.2648517881186	2706.457	536.658
35.950621239503	59.0964727228218	2721.895	554.37
48.7386110091112	80.6302154958276	2700.571	562.838
9.31026255178996	43.3432453254037	2719.147	523.51
0.893949284840572	13.1300894959284	2493.427	520.64
0.29666976266419	4.97987601609919	2708.01	510.305
25.4149196680643	47.8761816990546	2770.748	565.414
63.3826692938646	92.6588858728913	2504.647	576.49
44.0916047267162	80.1785958571233	2710.429	581.217
