0.598209521432383	3.89789688168249	1828.8	21.695
93.8647049082361	96.3152229478216	32663.74	3650.789
34.0938027249578	37.7391298086962	13086.405	869.317
2.80141775886579	6.43931484854812	2682.934	75.272
44.0989047208762	47.7366818106546	16787.871	1088.773
89.097998721601	92.7334058132754	32174.057	2289.373
79.0993867204906	82.7164138268689	28421.022	2036.814
14.100598719521	17.7494258004594	6333.044	363.457
74.1062607149914	77.7649777880178	27056.086	1828.21
1.30110895911283	4.89923608061114	2101.965	40.165
54.0930867255306	57.738733809013	20370.339	1335.361
4.19861664110669	7.84223372621302	3096.089	108.976
69.0972147222282	72.7473018021586	25092.862	1764.871
49.0937407250074	52.7284378172497	18581.024	1216.042
0.299999760000192	2.93237765409788	1589.537	9.97
0.100649919480064	1.44485884411292	976.386	4.412
6.29747496202003	9.92591205927035	3723.015	167.442
24.0953907236874	27.7350978119218	9941.574	592.606
