3.00334759732192	33.5571931542455	5424.825	489.89
0.377539697968242	6.46649482680414	8390.677	171.261
0.0181999854400116	0.326879738496209	732.718	9.445
41.3373769300985	96.2813829748936	10071.123	2406.731
0.00758999392800486	0.136259890992087	298.008	4.388
0.0740399407680474	1.31849894520084	3240.521	36.267
2.98689761048191	37.8165297467762	6285.517	600.071
0.00261999790400168	0.0471599622720302	35.408	1.155
0.0295699763440189	0.529559576352339	1234.045	15.486
0.818239345408524	13.1628494697204	8874.857	314.768
7.24398420481264	64.5281483774813	6974.211	814.751
10.4780916175267	71.3524829180137	7390.997	926.485
0.0399899680080256	0.715139427888458	1724.073	18.69
0.142009886392091	2.4998380001296	5105.474	68.206
0.00548999560800351	0.0988199209440632	76.091	1.991
50.6553294757364	99.1923406461275	9976.589	3193.402
0.245839803328157	4.28273657381074	7531.11	111.548
0.00220999823200141	0.0397799681760255	29.671	1.048
29.2610965911227	84.307792553766	11108.741	1818.838
0.000759999392000486	0.0136799890560088	11.091	0.464
78.6541170767063	100.0	10562.039	4635.088
72.9325916539267	99.999640000288	10650.63	4322.524
0.0170599863520109	0.306719754624196	526.329	7.099
0.00162999869600104	0.0293399765280188	22.616	0.823
59.2841225727019	99.9280000576	9602.754	3337.621
13.6551490758807	68.8526449178841	8172.686	1051.096
21.6273426981258	79.0820367343706	9577.366	1378.852
0.00689999448000442	0.123839900928079	94.242	2.276
2.13399829280137	30.3476157219074	10908.853	559.621
0.101459918832065	1.80089855928115	4207.543	48.55
0.411609670712263	6.90029447976442	7244.569	178.407
66.6179867056106	99.995140003888	9413.7	3862.222
1.00432919653664	15.4162676669859	8415.402	346.845
