19.1004447196442	19.4621244303005	623.365	182.201
0.600059519952384	0.965159227872618	67.691	6.434
0.200399839680128	0.56303954956836	49.74	3.415
29.1004167196666	29.4657964273629	931.707	273.407
14.099368720505	14.4646084283133	474.229	128.109
84.0999727200218	84.4640324287741	2573.913	745.361
59.0976227219018	59.457552433958	1818.793	574.875
34.1015527187578	34.4606124315101	1090.228	327.318
0.0996999202400638	0.45323963740829	45.206	2.199
1.90062847949722	2.26151819078545	105.004	17.56
89.099208720633	89.4602884317693	2675.036	794.282
0.300109759912192	0.666719466624427	45.938	4.298
54.1008867192906	54.4553564357149	1665.005	489.027
0.399609680312256	0.760499391600487	57.061	5.129
4.20113663909069	4.56479634816292	170.778	40.374
79.0999067200746	79.4670564263549	2401.986	755.036
64.099238720609	64.4599284320573	2001.297	587.106
1.29905896075283	1.67165866267307	83.449	13.579
6.30065495947603	6.66017467186026	247.908	57.057
69.1003047197562	69.4662644269885	2136.288	644.454
99.0609107512714	99.2855805715355	3024.607	1623.605
39.101448718841	39.4682084254333	1244.505	344.307
9.40117247906202	9.76553218757425	332.92	87.069
94.1000747199402	94.4635644291485	2818.8	1634.316
24.1012807189754	24.4646804282557	791.333	232.605
0.900039279968576	1.26683898652881	73.052	9.022
44.1007347194122	44.4632044294365	1368.354	405.761
2.80034775972179	3.16097747121802	133.414	27.614
74.0996207203034	74.4672004262397	2218.167	691.411
49.0993307205354	49.4648604281117	1530.953	461.248
