49.979260016592	99.995680003456	42574.502	2937.875
31.4715848227321	99.6063403149277	42105.476	1792.854
0.963669229064617	15.7642073886341	10984.62	58.194
0.20377983697613	3.5980171215863	2500.247	15.326
22.5280819775344	98.435981251215	40593.509	1321.081
60.5079115936707	100.0	43104.174	3542.123
15.5074175940659	93.5236051811159	40412.816	895.394
0.113749909000073	2.02247838201729	1394.728	7.255
40.8744973004022	99.946180043056	41892.246	2396.8
19.5524143580685	97.5417419666064	41431.753	1097.835
24.7561001951198	98.509961192031	41556.877	1419.586
55.5103955916835	99.999280000576	42653.205	3251.889
0.0677899457680434	1.21463902828878	846.156	4.561
44.6145343083726	99.988840008928	43049.469	2548.556
38.0734395412484	99.9148600681119	42517.409	2154.045
0.270249783800173	4.75217619825904	3249.429	16.382
52.9175776659379	99.998740001008	43063.203	3093.781
0.288629769096185	5.04359596512323	3514.933	18.668
58.0427035658372	100.0	43759.786	3337.637
35.6469514824388	99.9188200649439	41495.901	2091.69
12.8383297293362	90.7775273779781	41282.415	732.77
0.798339361328511	13.3592293126166	9301.771	48.044
4.23359661312271	53.7249170200664	36123.457	248.082
27.2583181933454	98.8150609479512	41021.061	1598.603
7.46942402446078	70.7043034365573	37516.435	428.461
1.80144855884115	27.6951378438897	19473.735	108.65
47.4654220276624	99.99280000576	43648.445	2696.7
6.36801490558808	68.9266248587001	39214.066	377.725
0.611849510520392	10.4561916350467	7268.061	41.942
2.83395773283381	40.1705678635457	27602.541	170.245
