30.4327556537955	86.9847504121997	2667.804	463.919
32.7292038166369	92.6167659065873	2446.363	614.909
33.2793033765573	94.0501047599162	2688.089	470.127
33.8143829484936	95.5027035978371	2642.306	739.316
42.7093958324833	98.3089013528789	2458.259	632.249
43.4006552794758	99.2526405978875	2676.787	439.138
43.4260552591558	99.2737005810395	2662.38	772.518
43.5009651992278	99.3734205012636	2647.767	502.134
47.3197021442383	96.4313228549417	2641.876	456.186
50.3200497439602	98.9781408174873	2695.346	762.03
51.8036885570492	99.8367401306079	2459.209	650.52
51.8444585244332	99.8542001166399	2689.145	439.409
56.4119248704601	99.1489606808315	2463.681	653.794
57.4859540112368	99.5174203860637	2717.014	490.852
58.0426835658531	99.6875202499838	2650.336	753.357
59.1132727093818	99.9020800783359	2715.065	477.93
65.678757456994	99.95680003456	2704.412	772.042
66.4861268110986	99.991180007056	2637.82	547.969
66.6564266748587	99.995860003312	2614.949	441.942
66.6595266723787	99.995140003888	2419.745	681.701
72.5845819323345	99.997480002016	2708.543	539.3
72.9875016099987	99.999820000144	2656.952	523.411
73.0180715855427	99.999820000144	2715.368	796.636
73.0352615717907	99.999820000144	2502.384	668.515
78.6425770859383	100.0	2478.035	670.426
78.6466570826743	100.0	2668.733	541.933
78.6469470824423	100.0	2642.667	774.498
78.6498670801063	100.0	2652.557	531.837
