0.0732899413680469	1.30643895484884	310.957	5.88
72.9812216150227	99.999820000144	29001.989	3310.37
24.5167203866237	89.6563082749534	21287.848	1161.213
51.8308085353532	99.8448401241279	24242.866	2418.958
0.119909904072077	2.13137829489736	510.091	5.617
1.59819872144102	22.6882618493905	5515.22	87.148
57.1315342947726	99.4151804678556	23145.565	2609.263
0.00318999744800204	0.0574199540640368	14.872	0.648
0.00282999773600181	0.0509399592480326	15.409	0.617
6.16022507181994	54.1398166881467	10988.538	309.344
0.00709999432000454	0.127259898192081	31.947	0.899
0.00197999841600127	0.0356399714880228	10.102	0.579
37.6493098805521	90.4070876743299	27043.952	1752.871
8.50099319920544	58.2247334202133	12449.89	397.585
0.0538299569360344	0.964079228736617	237.072	2.974
15.8429973256021	79.705376235699	18657.689	720.897
0.0232299814160149	0.417419666064267	102.208	1.632
0.253499797200162	4.36013651189079	1057.489	13.998
0.226259818992145	3.93965684827452	955.409	11.5
65.8504673196261	99.965980027216	27010.697	3053.408
0.000869999304000557	0.01565998747201	5.368	0.479
0.0111799910560072	0.200879839296129	50.215	1.13
0.0123899900880079	0.222839821728143	55.418	1.097
33.8608629113097	95.6308634953092	24486.393	1608.515
2.80348775720979	35.3312717349826	8524.21	146.253
0.737739409808472	11.9050104759916	2919.912	44.044
0.0017199986240011	0.0309599752320198	9.304	0.539
0.179849856120115	3.16889746488203	771.646	9.714
0.963249229400617	14.7810481751615	3643.459	55.281
4.42661645870683	47.9445816443347	10353.633	222.576
0.0334699732240214	0.599399520480384	147.571	3.453
0.403389677288258	6.76835458531633	1649.812	22.433
78.6383570893143	100.0	30122.203	3590.693
