94.1019747184202	94.4680644255485	9818.876	1893.832
94.1000747199402	94.4635644291485	9763.868	1956.668
89.101858718513	89.4687484250013	9049.487	1794.903
99.0993307205354	99.4636004291197	10179.965	2034.889
89.100668719465	89.4640684287453	9374.156	1776.244
94.1003247197402	94.4675244259805	9962.438	1902.12
89.099138720689	89.4608284313372	9205.192	1829.62
99.0983107213514	99.4668404265277	10102.02	1985.62
89.099528720377	89.4676684258653	9133.993	1834.679
99.0983107213514	99.4668404265277	10024.646	2039.684
94.0995647203482	94.4646444282845	9753.905	1933.495
99.0956907234474	99.4493804404956	10229.941	2043.832
