21.1304330956535	44.4684244252605	2715.715	548.043
50.5999595200324	73.3211413430869	2717.992	571.498
19.0607647513882	54.7777361778111	2685.305	554.57
61.5507207594234	85.5614915508068	2708.717	578.629
14.116158707073	50.2239198208641	2698.048	550.449
0.18683985052812	3.18905744875404	2710.33	492.805
1.65457867633706	19.0456047635162	2645.897	513.694
14.088638729089	50.1436398850881	2685.645	536.494
14.115478707617	50.2881797694562	2706.016	528.204
2.62772789781768	25.7808393753285	2697.097	516.68
34.0959327232538	70.288503769197	2670.711	550.454
0.403809676952258	6.61823470541224	2707.528	515.025
34.0284027772778	69.4178444657244	2753.716	568.628
2.72277782177774	27.1725982619214	2679.347	543.571
0.300289759768192	5.02271598182721	2688.237	527.007
28.17278746177	56.6634146692683	2696.567	533.785
4.19796664162669	34.309772552182	2681.046	524.915
18.758504993196	50.9003592797126	2713.334	542.697
9.26670258663793	42.5672659461872	2736.304	539.22
1.90380847695322	22.7069818344145	2677.44	516.076
0.401179679056257	6.5631547494762	2700.873	518.832
0.295779763376189	4.95791603366717	2647.712	496.918
38.1090695127444	66.3600069119945	2672.825	543.907
38.4163192669446	68.1551454758836	2698.438	574.56
33.7658529873176	65.9283672573062	2704.55	521.8
49.0384507692394	84.4593524325181	2690.413	549.412
24.0675307459754	59.6643722685022	2699.954	525.901
0.0907199274240581	1.59371872502502	2648.491	502.014
1.29855896115283	17.4711460230832	2701.569	511.546
24.0884807292154	60.4520516383587	2712.293	531.702
9.34046252762998	43.6652650677879	2688.786	543.167
53.9746468202825	88.4002692797846	2659.296	584.123
6.16937506449995	37.6934098452721	2668.708	536.747
0.56232955013636	8.72081302334958	2667.582	500.312
54.0064567948346	88.8970688823449	2689.485	560.271
0.201999838400129	3.46841722526622	2713.447	533.26
4.07768673785061	23.6860010511992	2734.222	551.316
1.85308851752919	21.873042501566	2704.49	536.14
62.3921000863199	88.1408894872884	2685.773	590.809
33.3620933103253	62.7900697679442	2720.074	586.553
0.853609317112546	12.4018100785519	2705.019	556.883
63.6800590559528	94.7054842356126	2675.608	590.044
0.879719296224563	12.8267897385682	2700.863	532.172
4.16762666589867	24.0586007531194	2697.061	523.956
49.0517807585754	84.6344922924062	2688.218	562.061
0.198989840808127	3.41171727062618	2738.311	520.454
0.597039522368382	9.34937252050198	2700.973	509.325
4.19721664222669	34.2811525750779	2707.499	522.628
3.5905771275383	27.0743183405453	2691.222	522.915
50.8184093452725	73.8206409434872	2680.304	572.872
24.0809507352394	60.1971718422625	2676.638	547.733
18.9859848112122	53.5917171266263	2731.089	523.819
19.1065147147882	55.4860356111715	2725.615	541.71
41.1278170977463	64.4689284248573	2677.497	530.654
39.064918748065	74.7274802180158	2682.083	553.688
0.0533199573440341	0.9376192499046	2707.464	549.694
58.2049034360773	86.7871105703115	2706.832	571.652
0.0790599367520506	1.38167889465688	2686.726	535.009
57.4582740333808	83.4403732477014	2713.858	586.527
44.0497947601642	79.5833363333309	2692.435	571.39
0.399799680160256	6.5649547480362	2735.977	513.58
0.299449760440192	5.02451598038722	2718.389	491.192
1.30004895996083	17.4671860262512	2646.873	517.982
0.897169282264574	13.1272094982324	2680.963	514.66
0.336229731016215	5.48279561376351	2715.076	529.874
45.1660938671249	67.3995060803951	2657.751	535.303
0.901259278992577	13.2064094348725	2727.107	520.681
28.9632968293625	63.3975692819446	2702.606	546.837
0.199799840160128	3.42431726054619	2660.349	502.116
13.9350888519289	47.7959017632786	2733.472	528.76
0.601499518800385	9.41273246981402	2700.942	504.862
2.80346775722579	28.4561772350582	2703.862	530.923
9.40294247764602	44.7047642361886	2700.635	551.837
0.263889788888169	4.40441647646682	2732.553	525.864
43.0160655871475	70.8765632987494	2724.017	566.298
0.098379921296063	1.72961861630511	2692.401	502.971
39.063518749185	74.7546601962718	2727.65	554.324
1.29855896115283	17.4711460230832	2655.747	528.016
2.79355776515379	28.4181972654422	2669.322	518.993
4.75915619267505	26.7989185608652	2739.066	498.865
28.4093572725142	58.0884735292212	2716.643	513.995
1.29729896216083	17.4358660513072	2719.03	497.152
4.2138366289307	34.365932507254	2704.608	525.031
58.2049034360773	86.7871105703115	2712.914	567.315
29.0782267374186	65.1651678678657	2704.708	556.317
48.9429408456473	83.0051335958931	2726.903	541.429
63.8089289528568	95.9532432374054	2714.312	574.521
1.90227847817722	22.7672817861746	2696.294	514.702
7.64050388759689	31.5325547739562	2686.681	527.429
42.0781863374509	67.110246311803	2705.278	566.93
58.2944733644213	87.2894901684079	2670.447	578.122
0.481649614680308	7.42697405842075	2667.05	493.98
