35.6091915126468	99.9206200635039	41351.535	2093.866
29.3113065509548	99.6664602668318	41310.177	1721.81
55.4995156003875	99.999280000576	43284.723	3263.103
4.27738657809074	54.1549366760507	36174.265	252.197
0.403709677032258	7.01711438630849	4835.24	28.156
31.7055346355723	99.6590802727358	42320.891	1858.263
11.9415604467516	87.464270028584	40151.951	691.83
2.79432776453779	39.6730482615614	27403.032	174.229
0.065629947496042	1.17539905968075	824.078	4.53
5.06770594583524	57.9392536485971	34298.608	292.821
1.0970591223527	17.7796657762674	12453.597	67.812
58.0524235580612	100.0	43454.48	3291.048
52.6695578643537	99.998380001296	43371.207	3024.657
0.717859425712459	12.0677303458157	8415.952	46.231
0.606329514936388	10.3658317073346	7238.306	39.389
49.6126803098558	99.992080006336	43534.717	2840.415
7.39369408504473	70.328103737517	37817.113	412.382
18.3777252978198	95.7032234374212	41532.137	1035.326
0.169699864240109	3.00509759592192	2095.68	9.975
38.4961992030406	99.943480045216	42243.253	2262.25
60.5064715948227	100.0	43883.42	3424.535
0.132889893688085	2.36627810697751	1658.131	8.894
1.8783084973532	28.7888169689464	20045.131	118.867
47.4721320222944	99.994240004608	42701.549	2721.098
15.9057072754342	94.5028043977565	40350.831	923.472
21.827732537814	97.7534217972626	41522.741	1266.705
0.231179815056148	4.0679967456026	2808.075	16.683
43.770554983556	99.969040024768	42939.039	2558.443
24.5822803341757	98.379281296575	41093.765	1434.091
41.0599271520583	99.953020037584	42265.918	2406.244
