0.00101999918400065	0.0183599853120118	14.349	0.527
0.00175999859200113	0.0316799746560203	23.553	0.526
0.0026599978720017	0.0478799616960306	35.051	0.634
0.00269999784000173	0.0485999611200311	34.702	0.581
0.00442999645600284	0.079739936208051	57.522	0.749
0.00693999444800444	0.12491990006408	89.491	0.947
0.0116999906400075	0.210239831808135	147.309	1.243
0.0142899885680091	0.256319794944164	174.499	1.343
0.0177199858240113	0.317519745984203	217.259	1.66
0.0320999743200205	0.575099539920368	395.884	2.437
0.0467299626160299	0.833399333280533	574.074	3.37
0.0503899596880322	0.896759282592574	616.468	3.318
0.106259914992068	1.8759584992332	1307.66	6.806
0.117309906152075	2.07755833795333	1411.907	7.185
0.262669789864168	4.57703633837093	3107.452	18.339
0.378599697120242	6.48125481499615	4445.99	27.655
0.395509683592253	6.64343468525225	4610.527	25.794
0.928459257232594	15.0110879911296	10502.934	57.773
1.26180899055281	18.1990654407476	12643.08	74.625
1.32080894335285	20.2075038339969	14030.249	87.703
3.15240747807402	40.0478079617536	25487.794	177.712
4.693466245227	51.0627191498247	28837.211	280.123
7.26038419169265	64.6941082447134	32212.26	412.516
10.990211207831	75.7295394163685	35412.401	621.539
16.4541868366505	83.7083930332856	37255.756	932.841
25.03284997372	92.0126863898509	40667.436	1379.767
34.5138223889421	97.4512020390384	41780.776	1984.566
43.5013551989158	99.3737805009756	42543.571	2504.804
51.7873885700891	99.8300801359359	43054.04	2866.182
57.0705043435965	99.3970004823996	41503.645	3270.74
66.6338566929146	99.995680003456	43356.99	3669.892
72.9919716064227	99.99910000072	43738.664	4127.486
78.6528370777303	100.0	42903.338	4432.91
