12.1184503052398	47.8236217411026	1766.676	348.054
0.17147986281611	2.92265766187387	212.214	13.26
2.38970808823353	26.0546191563047	1498.439	174.461
83.9454728436217	99.971560022752	2847.868	850.224
0.00865999307200554	0.1558798752961	12.803	1.754
0.00160999871200103	0.0289799768160185	3.6	0.569
0.00347999721600223	0.0626399498880401	6.082	0.701
0.14121988702409	2.45627803497757	175.921	10.468
0.0189699848240121	0.340019727984218	26.407	1.813
47.2632921893662	83.0720935423252	2763.872	659.473
27.2750581799535	63.0919295264564	2192.221	468.661
5.02150598279521	32.834673732261	1279.864	233.286
57.1607942713646	91.4552268358185	2931.829	724.468
8.09520352383718	42.8419457264434	1698.07	306.817
75.6758994592804	99.0839807328154	2881.212	837.724
66.5520167583866	95.4069436744451	2918.858	781.875
0.393349685320252	5.95421523662781	462.51	27.461
0.0120799903360077	0.216719826624139	18.29	1.257
18.2010154391876	54.4886564090749	1975.156	412.307
0.0933199253440597	1.64249868600105	120.829	7.108
0.00623999500800399	0.112139910288072	9.854	1.45
1.06152915077668	15.0065879947296	1131.395	86.039
1.59498872400902	20.2004838396129	1435.956	132.568
0.470549623560301	7.58375393299685	579.413	33.596
0.314239748608201	5.27147578281937	394.476	24.86
3.22067742345806	27.0527183578253	1184.354	176.91
0.00102999917600066	0.0185399851680119	2.993	0.505
36.2986909610472	64.5303083757533	2106.244	502.572
0.0270999783200173	0.485279611776311	37.037	3.187
0.0422999661600271	0.748259401392479	56.335	3.097
0.0278199777440178	0.495899603280317	37.354	2.121
0.00273999780800175	0.0493199605440316	5.562	0.667
90.599027520778	100.0	2934.072	856.912
