0.000879999296000563	0.0158399873280101	12.298	0.498
0.00214999828000138	0.0386999690400248	27.405	0.642
0.00244999804000157	0.0439199648640281	32.114	0.601
0.00278999776800179	0.0502199598240321	35.176	0.607
0.0053199957440034	0.0953999236800611	68.412	0.889
0.00586999530400376	0.105479915616068	75.329	0.923
0.0112299910160072	0.201419838864129	135.407	1.315
0.0200399839680128	0.357839713728229	249.199	1.967
0.0244399804480156	0.435419651664279	292.748	2.402
0.024919980064016	0.445679643456285	299.469	2.316
0.0486199611040311	0.853019317584546	565.579	4.12
0.0597899521680383	1.05911915270468	707.753	4.743
0.0716599426720459	1.2515389987688	767.123	5.726
0.168389865288108	2.8101577518738	1667.956	12.089
0.189059848752121	3.22325742139406	2017.2	14.233
0.4694096244723	7.0374543700365	3712.777	34.365
0.475629619496304	7.64855388115689	4442.27	35.688
0.712379430096456	9.81629214696628	4078.069	50.649
1.50340879727296	18.688845048924	6450.333	124.042
2.1868182505454	23.0192815845747	4702.62	146.37
3.39144728684217	29.0622367502106	3895.548	193.978
5.37980569615544	37.55264995788	4973.097	274.184
7.90992367206106	40.1655278675777	3296.785	275.076
12.0281403774877	46.3515829187337	3837.009	339.533
17.8089557528354	49.5370403703677	3046.908	357.188
26.7384886092091	57.2799141760687	3510.474	427.244
37.2918901664879	73.5862811309751	5676.841	559.725
47.2683821852943	83.2189734248213	5274.723	669.592
56.9705444235645	89.2779485776411	4123.186	716.832
65.9789772168182	92.6860658511473	4099.162	773.324
75.2441598046722	98.2622813901749	3231.954	780.103
83.8901028879177	99.964180028656	2929.552	834.741
90.579307536554	100.0	2922.059	843.211
