0.00085999931200055	0.0154799876160099	2666.116	672.359
0.00197999841600127	0.0356399714880228	2747.293	696.575
0.0032799973760021	0.0579599536320371	2697.437	698.643
0.00378999696800243	0.0680399455680435	2615.285	712.711
0.00603999516800387	0.107639913888069	2681.895	686.254
0.00903999276800579	0.159299872560102	2690.536	698.433
0.0131599894720084	0.228959816832147	2663.014	696.232
0.0189699848240121	0.32741973806421	2686.964	705.085
0.0277299778160177	0.465299627760298	2618.417	682.82
0.0433399653280277	0.706859434512452	2592.619	704.134
0.0643199485440412	0.998459201232639	2675.119	674.879
0.09377992497606	1.36943890444888	2637.079	656.213
0.139319888544089	1.84715852227318	2686.682	741.983
0.211989830408136	2.43197805441756	2637.819	704.817
0.319279744576204	3.03119757504194	2643.581	694.613
0.473079621536303	3.58163713469029	2636.673	709.661
0.708309433352453	4.12649669880264	2633.061	679.535
1.06534914772068	4.61897630481896	2636.503	679.727
1.59988872008902	5.20523583581133	2689.677	667.702
2.09204832636134	4.42097646321883	2626.303	676.023
3.5998171201463	7.23131421494863	2656.953	699.466
5.39870568103546	9.03509277192578	2661.681	716.891
8.09021352782918	11.7437306050155	2635.781	696.131
12.1400402879678	15.7838273729381	2671.18	718.191
18.2008154393477	21.7942025646379	2657.283	700.933
27.3074881540095	30.9581752334598	2630.318	666.203
37.3073201541439	40.9357472514022	2617.088	729.782
47.3060821551343	50.9671392262886	2677.806	709.822
57.3131041495167	60.953531237175	2638.303	729.514
67.3074461540431	70.9465832427334	2635.356	730.37
77.3103081517535	80.9551152359078	2669.582	751.111
87.3097401522079	90.9407872473702	2688.858	786.982
97.0308823752941	99.3498405201276	2666.353	785.113
