99.0999207200634	99.1000007199994	2759.728	1646.919
79.0999467200426	79.1002167198266	2243.069	588.28
0.100009919992064	0.100079919936064	6.696	0.876
54.0999667200266	54.1000367199706	1562.489	388.249
1.30000895999283	1.30013895988883	43.061	9.527
19.0999947200042	19.1001447198842	551.51	139.135
9.40000247999802	9.40031247975002	265.028	72.417
89.099938720049	89.100108719913	2506.099	662.894
39.099978720017	39.100108719913	1102.37	297.767
14.099998720001	14.100108719913	399.869	105.953
0.300009759992192	0.300239759808192	12.861	2.065
6.30000495999603	6.30017495986003	184.662	49.346
69.0999547200362	69.1001447198842	1953.656	514.662
64.099958720033	64.100108719913	1827.61	473.364
0.900009279992576	0.900179279856576	29.57	6.684
74.0999507200394	74.1001807198554	2100.368	550.739
44.0999747200202	44.1001447198842	1234.476	308.787
59.0999627200298	59.1002527197978	1656.71	443.314
4.20000663999469	4.20011663990669	124.186	30.201
0.200009839992128	0.200159839872128	10.279	1.504
94.0999347200522	94.1001447198842	2649.762	1527.403
29.0999867200106	29.1002167198266	826.912	211.983
1.90000847999322	1.90007847993722	64.346	13.249
34.0999827200138	34.1002527197978	999.105	245.574
49.0999707200234	49.1000007199994	1389.527	370.849
24.0999907200074	24.1001807198554	677.127	178.028
0.400009679992256	0.400319679744256	16.033	2.79
84.0999427200458	84.1000727199418	2363.506	602.797
0.600009519992384	0.600119519904384	22.05	4.361
2.80000775999379	2.80025775979379	89.367	20.054
