0.596829522536382	10.1975318419745	6134.93	45.845
60.5065815947347	100.0	2770.101	1532.4
0.0514699588240329	0.92213926228859	617.61	3.526
27.9586376330899	99.1473406821274	2733.593	1465.852
41.5735067411946	99.973720021024	2738.72	1497.196
58.0670935463252	100.0	2811.117	1602.486
21.6865826507339	97.6007819193745	2835.303	1497.28
32.4266640586688	99.8126201499039	2808.219	1546.691
55.3868756904994	99.999820000144	2786.141	1526.578
18.771134983092	96.3688629049097	2806.091	1486.336
52.6617978705617	99.996760002592	2785.171	1515.692
38.2272594181925	99.924580060336	2792.928	1495.788
23.6351310918951	97.6317418946065	2836.3	1509.934
0.115509907592074	2.05451835638531	1354.198	8.028
0.167829865736107	2.9748576201139	1950.182	12.285
35.1631118695105	99.8605001115999	2778.844	1492.971
44.3389045288764	99.983080013536	2775.215	1516.506
0.959719232224614	15.7060674351461	8875.798	93.469
50.2426498058802	99.997660001872	2749.922	1576.578
2.6563478749217	37.9236296610963	18038.713	261.819
