78.6550970759223	100.0	10397.131	5355.676
0.000849999320000544	0.0152999877600098	11.673	0.538
0.00175999859200113	0.0316799746560203	22.42	0.749
3.82076694338645	41.5146267882986	5754.387	588.296
65.7813873748901	99.962560029952	8835.176	4730.888
0.59366952506438	9.93059205552636	8646.275	252.293
0.700939439248449	11.3173109461512	7701.071	270.581
0.00220999823200141	0.0397799681760255	28.17	0.591
0.00798999360800511	0.143819884944092	100.226	1.983
0.0235899811280151	0.423719661024271	973.158	11.542
72.9635516291587	99.999640000288	10042.53	5084.513
0.00363999708800233	0.0655199475840419	46.881	1.149
0.210979831216135	3.67289706168235	6221.876	101.245
14.9955280035776	75.0966599226721	7727.256	1064.798
0.0267899785680171	0.480419615664307	1111.899	12.815
0.167309866152107	2.94407764473788	5860.14	76.112
2.6565078747937	33.6207331034135	5580.68	554.893
8.86522290782167	60.3777116978306	6953.251	818.501
0.0833999332800534	1.48535881171295	3429.785	39.502
0.320539743568205	5.49287560569952	7206.976	146.761
0.0449999640000288	0.803699357040514	1878.643	21.419
42.7923957660834	98.433821252943	8315.182	3493.441
0.0107099914320069	0.192419846064123	258.254	3.532
0.0795499363600509	1.4124588700329	3073.758	36.099
0.00192999845600124	0.0347399722080222	26.749	0.734
1.89079848736121	26.6727386618091	8216.245	517.818
0.868289305368556	13.4234892612086	6857.937	303.408
51.3968588825129	99.6378402897278	8562.356	3961.065
0.0149799880160096	0.269099784720172	552.82	6.229
34.8153421477263	98.2871213703029	7388.301	2888.192
7.23776420978863	64.4568684345053	6910.996	798.327
59.34406252475	99.93970004824	8528.898	4358.972
19.7082542333966	73.405201275839	9034.264	1408.778
