4.33856652914678	46.936942450446	4516.05	304.557
72.5694519444384	99.99730000216	2818.003	1006.451
0.429289656568275	7.3508341193327	1716.107	29.593
0.00104999916000067	0.0188999848800121	5.943	0.443
43.4757852193718	99.3368805304956	2748.305	1000.974
1.82734853812117	25.8099993520005	5215.037	167.256
0.00986999210400632	0.177119858304113	44.637	0.764
0.0217399826080139	0.39005968795225	93.98	1.267
50.9725392219686	99.3935804851356	2774.566	965.499
16.2697869841704	82.4030340775727	3901.933	595.583
1.03576917138466	15.8925472859622	3465.808	88.195
34.2208426233259	96.6277026978378	3092.894	958.879
7.08814432948454	62.8482097214322	4492.902	435.524
23.8612609109913	86.9023104781516	3631.462	659.136
0.0759499392400486	1.35053891956886	325.874	4.132
0.0849699320240544	1.51289878968097	366.457	6.434
0.00212999829600136	0.0383399693280245	10.991	0.506
0.00377999697600242	0.0678599457120434	18.014	0.566
0.0362999709600232	0.651059479152417	156.495	2.183
0.148369881304095	2.61395790883367	634.846	9.972
0.0564199548640361	1.00889919288065	247.705	3.077
2.87277770177784	36.2892309686152	6300.719	249.736
0.908519273184581	14.6352482918014	3363.14	85.464
10.7880813695349	73.9612208310233	4174.929	491.591
0.00332999733600213	0.0599399520480384	15.921	0.476
0.251139799088161	4.3707565033948	1062.508	15.639
0.0159599872320102	0.286919770464184	71.471	1.034
0.423089661528271	7.08785432971654	1683.917	28.481
78.6319070944743	100.0	2931.574	1061.205
59.41766246587	99.950140039888	2861.32	1038.603
65.8613873108902	99.967960025632	2892.229	982.349
0.000849999320000544	0.0152999877600098	5.189	0.43
0.00792999365600507	0.142739885808091	38.915	1.057
