0.323839740928207	5.05313595749123	2830.922	23.969
0.600319519744384	9.39527248378201	5230.284	46.259
68.4010452791638	97.1066823146542	3681.268	787.841
91.5717867425706	100.0	2944.279	863.69
0.299269760584192	5.01551598758721	3094.768	22.753
80.9591152327078	99.6520602783518	2907.238	837.889
53.2222674221861	81.9089344728524	4276.633	652.838
67.208966232827	92.2911461670831	4355.808	773.906
4.07801673758661	32.3448941240847	3960.469	224.372
0.202309838152129	3.47561721950622	2197.121	15.056
0.397509681992254	6.50843479325217	3832.292	28.762
4.19476664418668	34.30221255823	5230.29	230.525
38.8070889543288	71.5211427830858	3826.478	567.676
1.19320904543276	15.7377474098021	7125.68	92.394
20.5181835854531	43.0860255311796	2781.045	335.086
0.0964399228480617	1.69487864409708	1094.336	7.343
0.601469518824385	9.43451245239004	5266.81	46.555
49.0657607473914	84.8359121312703	5710.066	685.328
0.40578967536826	6.62687469850024	3871.049	32.155
18.1253354997316	46.3182829453736	2650.16	343.722
91.5691167447066	100.0	2967.18	841.75
4.10177671857863	23.7866209707032	2757.819	171.062
63.6053691157047	94.1759246592603	4030.88	799.334
1.58179873456101	18.1027655177876	4072.911	115.13
91.5651967478426	100.0	2958.791	871.926
84.7189122248702	99.929440056448	2935.58	881.58
31.1261850990519	54.4769564184349	3124.828	441.017
0.897309282152574	13.1194695044244	6730.714	83.209
0.0987399210080632	1.73465861227311	1148.228	7.76
2.8127277498178	28.5058571953142	5188.28	190.452
84.6876722498622	99.922960061632	2937.035	859.064
48.6662410670071	79.9672760261792	4070.964	631.312
80.8971252822998	99.6225403019678	2931.866	851.109
88.6979690416248	99.999820000144	2967.357	816.352
14.088588729129	50.2120398303681	4911.802	385.345
17.9758056193555	45.5230435815651	2891.29	361.78
77.5922379262097	99.8171201463039	2882.187	838.971
41.2906769674584	64.8780680975455	3579.318	545.042
0.0823699341040527	1.44197884641692	937.289	6.692
88.7413990068808	99.999640000288	2922.32	893.282
1.89782848173721	22.6666618666705	6805.752	147.274
0.201469838824129	3.45959723232221	2196.966	15.088
0.898689281048575	13.1543894764884	6798.219	84.111
17.152776277779	42.259646192283	2799.14	326.708
66.2733569813144	89.7965281627775	4432.724	735.05
85.1862418510065	99.983260013392	2918.25	852.712
49.0588907528874	84.7923521661183	5705.193	689.881
14.096588722729	50.2242798205761	4861.169	373.472
9.39495248403801	44.6113443109246	4905.707	328.179
0.101419918864065	1.78235857411314	1159.364	7.586
8.44824324140541	35.4671716262627	2726.816	248.071
2.72297782161774	27.1455982835214	4406.715	185.729
71.2513529989176	94.2918445665243	4133.923	797.018
0.846469322824542	12.2720301823759	6215.859	78.665
34.0204227836618	69.3393645285084	4991.697	567.03
0.583379533296373	8.40509327592538	4281.405	39.839
0.338019729584216	5.48675561059551	3187.485	26.906
1.22519901984078	16.1990870407304	7403.275	102.057
71.0091231927015	93.789464968428	4227.447	764.497
4.02874677700258	23.481161215071	2766.721	156.576
60.7760413791669	83.6639330688535	4177.945	737.493
60.5441015647188	83.1584934732052	4256.323	701.033
53.9574968340025	88.1867894505684	4996.586	728.254
0.293539765168188	4.90841607326714	2978.464	23.808
2.6534678772257	26.1240991007207	4650.684	176.479
50.2157898273681	72.5266219787024	4030.891	610.118
88.7387190090248	99.999640000288	2971.863	890.42
36.1987310410152	59.6780522575582	3368.915	471.874
61.7776805778555	86.1905910475272	4434.273	711.34
58.9444128444697	92.9243856604915	4451.727	756.949
29.0991867206506	65.4544276364579	5428.836	511.238
4.18641665086668	34.0786527370778	4908.348	235.229
0.200589839528128	3.4430372455702	2196.333	15.352
48.9607208314233	83.2358934112853	4720.756	704.777
6.31335494931604	39.7182282254174	4957.022	257.451
1.78320857343314	20.7619033904773	5805.899	130.886
24.1140507087594	60.5026315978947	5472.444	485.331
58.7884029692776	91.1360870911303	4467.663	707.35
2.78946776842579	28.3258573393141	5245.814	178.511
43.5423551661159	74.0200807839354	4015.797	610.256
39.042678765857	74.4207604633916	5053.872	584.26
58.7110530311576	90.2546277962978	4203.555	747.521
65.691557446754	88.4337492530006	4262.995	716.34
37.7370398103682	64.4620884303293	3591.977	500.09
23.9777408178073	58.5015731987414	4359.484	472.206
42.4426760458592	68.3769052984758	3572.051	557.836
26.1256890994487	49.4880804095357	3273.674	398.137
84.4639824288141	99.8929000856799	2953.46	852.594
88.7413990068808	99.999640000288	2954.165	859.507
9.40054247956602	44.6365442907646	4892.861	328.297
80.1397858881713	99.1088207129434	2970.048	841.657
26.0829891336087	49.3896204883036	3253.483	399.126
0.588279529376377	9.16865266507787	5085.568	44.547
0.153019877584098	2.56571794742564	1592.439	11.857
77.5639779488176	99.7982201614239	2941.817	817.511
1.30530895575284	17.5244259804592	8209.702	99.582
1.8707885033692	22.2157622273902	7019.573	145.172
51.7378286097371	76.1190591047527	3926.91	595.747
77.5798279361376	99.8142401486079	2872.092	840.785
14.064308748553	49.6022003182397	4377.989	388.072
58.3983232813414	87.9211096631123	4178.017	736.495
4.19625664299469	34.2248126201499	5514.26	228.48
73.2022314382149	99.3071805542556	2937.082	795.087
24.0605307515754	59.8467121226303	4552.349	458.134
72.4339820528144	97.1151423078862	3583.007	801.713
33.7881929694456	66.3004269596584	3815.402	509.9
91.5705067435946	100.0	2992.969	852.574
0.382629693896245	6.21971502422798	3703.991	28.926
81.287594969924	99.8200001439999	2929.31	814.649
1.28946896842483	17.2945661643471	7401.436	99.395
6.29679496256403	39.6500082799934	4862.352	287.857
31.3618049105561	55.0867959305633	3174.903	436.705
9.39100248719801	44.6153043077566	4812.52	320.682
0.283789772968182	4.73975620819503	2876.143	22.976
76.3708889032889	98.1452814837748	3450.466	822.163
13.989448808441	48.502581197935	3982.028	373.565
19.1151647078682	55.4723556221155	5476.673	410.496
0.201629838696129	3.46175723059422	2219.222	17.377
41.0018971984822	64.1710286631771	3705.46	526.627
29.0855367315706	65.3133077493538	4886.997	526.142
