0.000969999224000621	0.0174599860320112	6.093	0.519
0.00203999836800131	0.0365399707680234	10.009	0.584
0.00298999760800191	0.0536399570880343	13.942	0.613
0.00372999701600239	0.0667799465760427	18.146	0.708
0.00610999511200391	0.107999913600069	27.514	0.915
0.00902999277600578	0.160019871984102	40.78	1.139
0.012509989992008	0.21923982460814	54.601	1.384
0.0192399846080123	0.329579736336211	81.017	1.705
0.0283499773200181	0.475199619840304	125.792	2.36
0.0403899676880259	0.6249595000324	138.724	2.7
0.0426999658400273	0.692819445744443	162.768	2.857
0.079739936208051	1.03625917099266	200.099	3.941
0.0942399246080603	1.37051890358488	289.246	5.909
0.209609832312134	2.42099806320155	256.058	10.64
0.317199746240203	3.02867757705794	267.675	12.8
0.474609620312304	3.61745710603432	271.613	17.767
0.709879432096454	4.11389670888263	287.387	21.612
1.06533914772868	4.61663630669096	274.026	25.487
1.59828872136902	5.22053582357134	295.47	32.506
2.39581808334553	6.03863516909187	319.228	40.323
3.5968771224983	7.24247420602063	364.433	49.553
5.39702568237945	9.03041277566978	413.49	68.544
8.09082352734118	11.7295106163915	459.528	92.514
12.1094503124397	15.4024076780739	522.173	132.536
18.2012854389716	21.844782524174	759.513	204.038
27.3066281546975	30.9408952472838	1064.753	292.334
37.1898402481278	39.9142480686015	1227.297	375.7
47.3111421510863	50.9505792395366	1653.731	465.196
57.3055941555247	60.936611250711	1965.802	552.21
67.3100161519871	70.9311032551174	2280.618	661.429
77.3063681549055	80.9502552397958	2517.341	744.364
87.3133201493439	90.9449272440582	2841.143	846.132
97.0054123956701	99.2956605634715	3119.812	925.074
