6.30000495999603	6.30017495986003	189.477	50.978
49.0999707200234	49.1001807198554	1482.036	414.286
64.099958720033	64.100108719913	1867.841	532.599
94.0999347200522	94.1001447198842	2748.512	950.224
44.0999747200202	44.1001447198842	1296.658	379.888
74.0999507200394	74.1000007199994	2201.045	647.326
1.90000847999322	1.90007847993722	68.258	14.505
89.099938720049	89.100108719913	2611.864	758.305
84.0999427200458	84.1000727199418	2501.305	698.966
0.900009279992576	0.900179279856576	34.457	6.83
99.0999307200554	99.1000007199994	2922.639	988.407
0.100009919992064	0.100259919792064	8.488	0.966
34.0999827200138	34.1002527197978	1013.736	286.252
79.0999467200426	79.1000367199706	2301.744	674.068
2.80000775999379	2.80025775979379	87.98	22.529
59.0999627200298	59.1000727199418	1746.118	510.778
1.30000895999283	1.30031895974483	45.487	10.645
54.0999667200266	54.1000367199706	1587.498	450.795
0.600009519992384	0.600119519904384	23.028	4.056
69.0999547200362	69.0999647200282	2029.65	604.646
29.0999867200106	29.1000367199706	884.719	253.086
9.40000247999802	9.40013247989402	286.749	77.168
39.099978720017	39.100108719913	1166.204	341.317
14.099998720001	14.100288719769	420.266	114.692
0.400009679992256	0.400139679888256	16.983	3.676
4.20000663999469	4.20029663976269	130.811	34.881
0.300009759992192	0.300239759808192	13.103	2.083
24.0999907200074	24.1000007199994	723.949	207.088
0.200009839992128	0.200159839872128	10.585	1.472
19.0999947200042	19.1001447198842	580.008	154.745
