26.0684891452087	99.3413805268956	2834.083	1533.422
2.86252770997783	40.5296675762659	19678.623	275.896
1.88842848925721	28.9495568403545	15815.345	186.772
44.3773744981004	99.983620013104	2856.79	1519.916
52.8320477343618	99.998740001008	2868.057	1538.801
0.209209832632134	3.68351705318636	2416.797	14.114
0.168929864856108	2.99141760686591	1968.592	11.322
55.5329855736115	99.999640000288	2837.727	1596.744
41.6645166683867	99.979480016416	2837.266	1514.269
0.563429549256361	9.63287229370217	5980	44.005
11.8421505262796	87.0571103543117	4184.914	590.794
0.10962991229607	1.95173843860925	1334.575	7.951
14.2822685741851	90.3250077399938	3577.666	649.261
6.34618492305206	68.737265010188	12367.048	467.167
18.3565853147317	95.6711834630532	2942.128	1487.868
60.5064715948227	100.0	2829.959	1533.778
3.92686685850651	50.3877196898243	21419.124	345.722
8.13923348861321	74.7449402040478	9667.719	529.455
0.65632947493642	11.0543311565351	6741.527	48.973
49.7706101835119	99.99460000432	2852.993	1603.717
27.3645181083855	98.8602409118073	2811.475	1477.392
47.4733220213424	99.99460000432	2874.66	1597.038
20.1160939071249	95.6980034415973	3031.194	1422.758
0.409219672624262	7.11773430581256	4564.683	31.209
0.95241923806461	15.588707529034	9171.524	90.121
35.3342317326146	99.8804800956159	2813.243	1485.916
58.0506935594452	100.0	2897.635	1603.557
37.7844797724162	99.8905600875519	2848.186	1490.736
0.0620599503520397	1.10987911209671	768.476	4.212
31.9834544132365	99.7256802194558	2813.521	1549.967
