49.979260016592	99.995680003456	42574.502	2937.875
31.4715848227321	99.6063403149277	42105.476	1792.854
35.6091915126468	99.9206200635039	41351.535	2093.866
29.3113065509548	99.6664602668318	41310.177	1721.81
55.4995156003875	99.999280000576	43284.723	3263.103
22.5280819775344	98.435981251215	40593.509	1321.081
22.8126417498866	98.6813210549432	41691.238	1299.016
18.4096652722678	95.7545233963813	40273.453	1070.871
60.5079115936707	100.0	43104.174	3542.123
43.798104961516	99.97030002376	43000.232	2510.162
38.7220890223288	99.963460029232	41791.515	2224.412
52.6695578643537	99.998380001296	42424.664	3094.568
32.1123343101326	99.7517801985758	41519.803	1831.323
31.7055346355723	99.6590802727358	42320.891	1858.263
15.5074175940659	93.5236051811159	40412.816	895.394
11.9415604467516	87.464270028584	40151.951	691.83
40.8744973004022	99.946180043056	41892.246	2396.8
58.0123435901251	100.0	43086.772	3393.079
19.5524143580685	97.5417419666064	41431.753	1097.835
44.5830843335325	99.98740001008	42317.058	2621.807
19.1068747145002	96.888702489038	40749.402	1109.762
9.00019279984576	79.7782761773791	40410.937	504.372
52.6521578782737	99.996760002592	42721.729	3112.225
24.7561001951198	98.509961192031	41556.877	1419.586
55.5103955916835	99.999280000576	42653.205	3251.889
55.4560156351875	99.999820000144	42675.359	3249.974
27.3119181504655	98.8382809293753	41297.815	1592.847
44.6145343083726	99.988840008928	43049.469	2548.556
38.0734395412484	99.9148600681119	42517.409	2154.045
58.0506935594452	100.0	43075.489	3417.079
41.3256369394905	99.96580002736	42336.347	2412.955
37.7459698032242	99.8866000907199	41820.283	2210.652
24.3826804938556	98.2514813988149	41896.391	1402.035
24.2988405609276	98.1874014500788	41071.343	1418.324
58.0524235580612	100.0	43454.48	3291.048
12.9555596355523	91.1758670593064	41084.869	737.426
52.6695578643537	99.998380001296	43371.207	3024.657
52.9175776659379	99.998740001008	43063.203	3093.781
16.2365570107544	95.247823801741	40638.733	947.03
60.5095615923507	100.0	44108.891	3449.625
55.5367755705795	99.999640000288	42408.068	3264.363
49.6126803098558	99.992080006336	43534.717	2840.415
58.0427035658372	100.0	43759.786	3337.637
7.39369408504473	70.328103737517	37817.113	412.382
50.0849599320321	99.995140003888	42622.831	2943.21
47.4660420271664	99.994960004032	42458.16	2802.071
29.8668261065391	99.1088207129434	41969.896	1704.491
12.47090002328	89.3587685129852	40321.186	728.111
46.5654427476458	99.983080013536	43147.836	2691.859
40.9037972769622	99.948340041328	42236.011	2392.015
18.3777252978198	95.7032234374212	41532.137	1035.326
35.6469514824388	99.9188200649439	41495.901	2091.69
16.0105571915542	94.7585841931326	41380.802	899.181
60.5095815923347	100.0	44157.647	3460.246
38.4961992030406	99.943480045216	42243.253	2262.25
22.9321416542867	98.7936409650872	41198.755	1341.741
60.5064715948227	100.0	43883.42	3424.535
29.3521765182588	99.6799602560318	41224.25	1720.503
12.8383297293362	90.7775273779781	41282.415	732.77
47.4721320222944	99.994240004608	42701.549	2721.098
7.48958400833279	70.8569433144453	38003.499	419.879
15.9057072754342	94.5028043977565	40350.831	923.472
27.2583181933454	98.8150609479512	41021.061	1598.603
7.46942402446078	70.7043034365573	37516.435	428.461
50.1261798990561	99.99730000216	42655.306	2955.863
21.827732537814	97.7534217972626	41522.741	1266.705
35.6497714801828	99.925840059328	42047.2	2085.599
34.7050722359422	99.7962401630079	42151.971	2021.621
47.4654220276624	99.99280000576	43648.445	2696.7
43.770554983556	99.969040024768	42939.039	2558.443
6.36801490558808	68.9266248587001	39214.066	377.725
24.5822803341757	98.379281296575	41093.765	1434.091
41.0599271520583	99.953020037584	42265.918	2406.244
