0.0056299954960036	0.100079919936064	67.532	1.375
67.3085661531471	70.9437032450374	24299.95	1761.099
0.00869999304000557	0.153359877312098	104.717	0.999
2.32321814142549	5.25617579505936	2092.572	67.112
12.1423102861518	15.7773473781221	5930.903	333.169
0.00293999764800188	0.0521999582400334	35.738	0.592
5.39325568539545	9.02663277869378	3457.501	152.637
1.60112871909702	5.24483580413136	2172.969	51.033
0.00942999245600603	0.165419867664106	113.915	1.087
37.3031201575039	40.9407872473702	14470.859	988.295
0.0192699845840123	0.331739734608212	226.383	1.589
18.2067054346357	21.868002505598	8281.26	483.832
2.39493808404953	6.03773516981186	2530.653	73.06
1.06312914949668	4.61573630741095	2008.246	35.729
67.3138861488911	70.9339832528134	24739.923	1720.772
0.00386999690400248	0.0689399448480441	48.077	0.676
77.3068881544895	80.9513352389318	27961.083	2033.536
0.0423899660880271	0.690839447328442	472.501	2.966
0.711319430944455	4.11353670917063	1866.674	26.673
0.0629099496720403	0.980999215200628	670.773	3.669
12.1335502931598	15.7721273822981	5751.817	330.094
0.0632699493840405	0.985139211888631	678.814	3.916
47.3107521513983	50.9631792294566	17986.362	1206.664
0.471919622464302	3.58343713325029	1687.66	15.257
0.00584999532000374	0.104039916768067	71.831	0.814
0.00606999514400389	0.108179913456069	73.561	0.79
12.1310402951678	15.7807673753861	6012.169	330.435
0.263549789160169	2.3408981272815	1189.84	9.424
18.2027254378196	21.837042530366	8312.357	477.636
8.08495353203717	11.7248306201355	4419.85	222.185
0.142069886344091	1.85849851320119	1186.095	6.573
0.00960999231200615	0.167759865792107	114.553	1.116
0.042219966224027	0.688499449200441	474.398	2.753
0.0628299497360402	0.978119217504626	668.399	5.054
11.9248104601516	14.4215884627292	5093.48	323.372
0.0182899853680117	0.316439746848203	218.285	1.646
8.08950352839718	11.7214106228715	4495.709	225.393
0.211129831096135	2.41577806737755	1388.526	8.522
0.0137099890320088	0.239219808624153	164.741	2.248
27.3127481498015	30.9459352432518	11122.818	720.914
0.14030988775209	1.84697852241718	1219.396	6.562
37.3085801531359	40.9497872401702	14576.221	947.559
0.000559999552000358	0.0100799919360065	7.918	0.467
0.209749832200134	2.42405806075355	1464.577	9.331
57.3118341505327	60.959471232423	21784.828	1450.54
0.0133099893520085	0.232379814096149	160.827	1.321
57.3136141491087	60.952811237751	21759.436	1451.058
0.713739429008457	4.12703669837064	1970.246	26.656
0.00104999916000067	0.0188999848800121	14.304	0.481
77.3095581523535	80.9551152359078	28783.498	1960.318
57.3134041492767	60.954791236167	21792.833	1455.51
5.39304568556345	9.03509277192578	3621.931	156.054
0.00276999778400177	0.0498599601120319	35.332	0.724
0.00303999756800195	0.0543599565120348	38.864	0.682
0.00204999836000131	0.0368999704800236	26.533	0.902
0.0932999253600597	1.36763890588888	942.796	4.643
0.315779747376202	3.00653759476992	1627.389	12.343
0.028139977488018	0.475559619552304	333.043	2.174
8.09047352762118	11.7257306194155	4450.658	220.132
0.212379830096136	2.43575805139356	1438.675	11.81
0.00883999292800566	0.1555198755841	107.441	1.073
0.0939299248560601	1.36043891164887	931.765	5.089
2.40126807898554	6.04313516549187	2601.646	70.647
0.00413999668800265	0.0741599406720475	52.907	0.71
0.00106999914400068	0.0192599845920123	14.356	0.512
0.0509399592480326	0.7810193751845	532.637	4.832
3.60180711855431	7.24463420429264	3011.336	99.995
0.211739830608136	2.43971804822556	1437.791	11.72
0.00189999848000122	0.0340199727840218	23.991	0.547
1.60103871916902	5.24321580542736	2281.828	46.635
0.314999748000202	3.00707759433792	1630.333	11.735
2.39643808284953	6.02135518291585	2567.927	71.063
0.0429399656480275	0.698759440992447	487.03	2.75
0.0182899853680117	0.316799746560203	219.217	1.52
0.708739433008454	4.12379670096264	1939.015	26.197
0.00197999841600127	0.0356399714880228	25.859	0.774
3.5957171234263	7.23689421048463	3002.708	103.854
5.39128568697145	9.05057275954179	3591.738	150.915
77.3052481558015	80.9639352288518	28615.928	2011.107
18.2058454353237	21.834522532382	8171.506	492.985
0.0272499782000174	0.455759635392292	318.091	3.116
0.0930899255280596	1.35359891712087	948.086	5.184
0.0130999895200084	0.227339818128145	156.471	1.254
47.3098721521023	50.9480592415526	18465.319	1217.448
0.00853999316800547	0.151559878752097	106.616	1.562
1.60049871960102	5.21585582731534	2221.122	50.18
0.018779984976012	0.324539740368208	229.174	1.729
0.139519888384089	1.85309851752119	1277.721	6.909
0.709649432280454	4.12037670369864	1850.406	27.592
57.3056141555087	60.953531237175	21910.041	1453.686
3.45299723760221	6.10829511336391	2398.982	95.063
18.2128354297317	21.841182527054	8204.507	469.764
5.40008567993146	9.03149277480578	3670.87	152.305
0.14002988797609	1.85849851320119	1196.487	6.272
0.471909622472302	3.5897371282103	1767.804	15.982
0.472669621864303	3.58559713152229	1786.255	15.199
0.00204999836000131	0.0367199706240235	25.436	0.563
67.3110561511551	70.9557632353894	25546.843	1713.219
0.00398999680800255	0.0709199432640454	50.743	0.74
0.0039099968720025	0.068759944992044	53.184	1.025
0.00294999764000189	0.0529199576640339	39.589	0.673
0.0959399232480614	1.38869888904089	970.497	4.916
1.06547914761668	4.61645630683495	2062.255	37.009
27.3136081491135	30.9491752406598	11592.468	704.259
1.58988872808902	5.06519594784324	2154.128	49.331
0.475179619856304	3.5936971250423	1775.055	15.789
0.000959999232000614	0.0172799861760111	12.842	0.444
67.3153061477551	70.9575632339494	25401.939	1715.327
0.0417599665920267	0.685259451792439	468.655	4.232
0.0268899784880172	0.45341963726429	318.713	2.14
77.3115381507695	80.9336952530438	28490.184	2019.33
1.06403914876868	4.64399628480297	2178.468	31.236
0.00633999492800406	0.111419910864071	78.982	0.891
0.0247699801840159	0.417059666352267	293.763	1.909
37.3118701505039	40.9688672249062	14776.783	1005.874
8.09037352770118	11.7541705966635	4411.464	214.672
47.3097621521903	50.9595792323366	18086.484	1247.423
3.5991471206823	7.24751420198864	3022.234	104.983
27.2664781868175	30.4282556573955	10913.292	725.747
47.3101621518703	50.9475192419846	18456.825	1211.547
1.06844914524068	4.65371627702698	2151.388	31.261
37.3011101591119	40.9245872603302	14795.522	995.603
0.316059747152202	3.03101757518594	1620.236	11.361
27.3053281557375	30.9561952350438	11283.671	728.811
