0.00099999920000064	0.0179999856000115	13.288	0.402
0.00192999845600124	0.0347399722080222	24.86	0.448
0.00300999759200193	0.0536399570880343	37.181	0.556
0.00367999705600236	0.0655199475840419	43.873	0.549
0.00571999542400366	0.101339918928065	68.259	1.042
0.00847999321600543	0.148499881200095	96.075	0.756
0.0125899899280081	0.219959824032141	144.438	0.961
0.0189199848640121	0.325079739936208	206.999	1.279
0.0276299778960177	0.466559626752299	285.234	1.806
0.0423899660880271	0.692819445744443	404.069	2.662
0.0650199479840416	1.00295919763264	525.461	3.841
0.0930399255680595	1.35377891697687	706.432	5.595
0.14068988744809	1.84535852371318	790.719	7.406
0.211039831168135	2.43413805268956	709.554	10.374
0.317119746304203	3.01553758756993	563.887	12.876
0.471719622624302	3.57785713771429	497.716	17.073
0.709659432272454	4.11803670557064	439.308	20.593
1.06369914904068	4.63643629085097	420.717	24.425
1.60270871783303	5.23367581305935	453.836	33.895
2.39987808009754	6.06437514849988	445.562	39.405
3.5993971204823	7.24247420602063	476.965	49.333
5.39755568195545	9.04031276774979	583.515	68.822
8.09202352638118	11.7449906040075	720.913	92.749
12.1334202932638	15.7697873841701	865.518	140.277
18.1991654406676	21.837402530078	948.841	199.199
27.3180981455215	30.9624952300038	1198.669	288.217
37.3098801520959	40.9348472521222	1538.284	377.747
47.3123321501343	50.9444592444326	1882.987	449.723
57.3052741557807	60.939131248695	2156.454	578.959
67.3069161544671	70.9361432510854	2503.59	669.507
77.3096181523055	80.9569152344678	2691.987	770.565
87.3104001516799	90.9476272418982	3017.511	1575.316
97.1916522466782	99.7795001763999	2972.105	1708.382
