54.1033167173466	54.4656164275069	5567.912	1122.896
0.599809520152384	0.964259228592617	224.123	9.955
44.0998647201082	44.4648244281405	4596.401	916.921
54.1006667194666	54.4657964273629	5726.622	1069.822
0.401249679000257	0.767159386272491	220.506	6.995
0.201509838792129	0.566999546400363	219.415	4.149
0.0989199208640633	0.455759635392292	181.457	2.618
84.0997327202138	84.4665524267581	8618.281	1733.849
14.096328722937	14.4624484300413	1517.562	285.171
74.1003707197034	74.4645004283997	7787.97	1522.716
19.1001047199162	19.4695044243965	2107.753	398.874
29.0995467203626	29.4630964295229	3188.653	584.051
1.30006895994483	1.66463866828907	255.307	23.61
69.0990247207802	69.4597844321725	7259.887	1425.583
9.40074247940602	9.76229219016625	1088.506	191.729
54.0997867201706	54.4706564234749	5709.657	1094.501
0.399039680768255	0.769319384544492	209.023	6.958
29.0995767203386	29.4605764315389	3142.99	589.598
1.29917896065683	1.66607866713707	294.403	24.523
6.29958496033203	6.66251466998826	849.367	135.64
6.29960496031603	6.66683466653227	874.493	132.761
59.1003827196938	59.4613324309341	6112.333	1223.943
4.19914664068269	4.56479634816292	583.832	85.056
59.0976027219178	59.4620524303581	6092.072	1187.325
0.901909278472577	1.26503898796881	245.086	19.665
34.1006627194698	34.4643924284861	3721.957	677.887
0.302189758248193	0.664019468784425	186.418	5.153
0.100189919848064	0.455759635392292	177.369	2.65
69.0996547202762	69.4644644284285	7342.254	1393.132
0.901599278720577	1.26665898667281	301.553	15.106
49.1000207199834	49.4625204299837	5092.678	979.292
44.0994047204762	44.4644644284285	4549.943	911.48
64.098738721009	64.4683884252893	6898.363	1288.86
64.100038719969	64.4638884288893	6567.327	1316.806
39.101258718993	39.4653284277373	4041.13	808.106
74.0997907201674	74.4709804232157	7715.521	1536.465
0.298709761032191	0.659699472240422	202.732	5.239
1.90096847922522	2.26295818963345	355.689	39.692
14.100388719689	14.4696484242813	1506.221	278.921
4.19992664005869	4.55975635219492	587.785	88.043
79.0994767204186	79.4623764300989	8246.782	1629.454
49.1007507193994	49.4668404265277	5306.929	997.877
2.80027775977779	3.16835746531403	482.379	59.622
34.0988427209258	34.4604324316541	3705.25	719.975
79.0994767204186	79.4672364262109	8332.25	1570.839
69.0983247213402	69.4628444297245	7415.941	1384.71
24.1012007190394	24.4616204307037	2771.897	488.156
0.399989680008256	0.761759390592488	226.554	7.181
9.40003247997402	9.77003218397425	1070.287	197.861
79.0994567204346	79.4504964396028	8135.716	1679.977
34.1021927182458	34.4652924277661	3598.329	696.951
0.600629519496384	0.965339227728618	225.595	10.908
24.0995807203354	24.4675604259517	2476.053	510.848
44.1007947193642	44.4590644327485	4690.147	886.657
19.1004147196682	19.4709444232445	2235.883	398.131
0.199539840368128	0.569339544528364	200.626	4.097
1.90016847986522	2.26817818545745	349.958	38.986
2.80043775964979	3.16169747064202	471.3	59.663
84.1012627189898	84.4636724290621	8720.206	1728.913
19.0995647203482	19.4660844271325	2184.144	385.347
44.1004547196362	44.4648244281405	4889.241	885.525
29.0991767206586	29.4630964295229	3245.204	593.555
64.100948719241	64.4595684323453	6938.409	1345.784
1.30173895860883	1.66589866728107	294.416	22.933
59.0994527204378	59.4611524310781	6143.496	1213.964
1.89949848040122	2.26133819092945	369.532	40.012
0.300249759800192	0.659159472672422	194.344	8.092
24.0990607207514	24.4650404279677	2671.941	502.394
49.1007207194234	49.4632404294077	5191.359	1024.69
9.39875248099801	9.76265218987825	1038.484	193.359
0.598519521184383	0.965879227296618	247.233	9.569
9.40128247897402	9.76931218455025	1114.286	187.386
14.100488719609	14.4685684251453	1701.318	294.511
0.100539919568064	0.454319636544291	199.553	2.653
59.0986327210938	59.4640324287741	6205.566	1219.478
0.900789279368577	1.26125899099281	258.802	14.952
74.1002407198074	74.4677404258077	7743.902	1519.592
29.1007367194106	29.4587764329789	3031.483	616.289
14.099258720593	14.4637084290333	1524.346	294.184
0.200819839344129	0.566459546832363	192.681	3.992
0.602129518296385	0.967679225856619	224.257	10.732
39.100318719745	39.4674884260093	4116.516	806.043
1.29863896108883	1.66463866828907	352.584	26.196
84.1012027190378	84.4633124293501	8891.628	1680.42
4.20011663990669	4.56173635061092	606.453	85.919
6.30078495937203	6.65999467200426	800.432	135.92
39.099028720777	39.4584884332093	4232.391	778.546
49.0980507215594	49.4630604295517	5291.25	983.65
0.399999680000256	0.768059385552492	233.558	6.549
1.90056847954522	2.26295818963345	413.507	40.148
6.29987496010003	6.66269466984426	800.761	134.425
2.80003775996979	3.16421746862602	494.55	61.199
84.1017027186378	84.4679924256061	8912.043	1687.948
19.0998447201242	19.4624844300125	2165.62	383.49
54.1005967195226	54.4596764322589	5675.866	1083.965
0.201709838632129	0.564659548272361	175.566	4.071
34.0993127205498	34.4631324294941	3673.699	713.303
79.0990367207706	79.4589564328349	8390.083	1578.14
0.899439280448576	1.26665898667281	266.79	14.92
74.0988407209274	74.4632404294077	7947.624	1543.137
0.298949760840191	0.661319470944423	210.762	5.243
0.0994799204160637	0.45341963726429	177.949	2.666
69.1010647191482	69.4623044301565	7161.318	1431.091
64.099568720345	64.4649684280253	6737.538	1335.017
24.0997407202074	24.4706204235037	2658.565	496.785
2.79866776106579	3.16187747049802	474.309	57.969
39.099658720273	39.4622684301853	4162.514	780.302
4.19797664161869	4.56479634816292	592.456	89.471
