0.000739999408000474	0.0133199893440085	10.585	0.397
0.00175999859200113	0.0316799746560203	23.116	0.468
0.00297999761600191	0.0536399570880343	38.445	0.47
0.00307999753600197	0.0554399556480355	40.158	0.485
0.00482999613600309	0.0865799307360554	60.086	0.54
0.0056199955040036	0.101159919072065	71.291	0.505
0.00704999436000451	0.126899898480081	91.645	1.042
0.0161099871120103	0.289259768592185	202.625	0.803
0.0232399814080149	0.416339666928266	277.355	2.082
0.0325899739280209	0.583379533296373	393.994	2.675
0.0449899640080288	0.804599356320515	553.311	2.35
0.0715599427520458	1.27691897846482	883.377	3.817
0.122519901984078	2.17331826134539	1458.199	8.236
0.165889867288106	2.91833766532987	1969.694	8.653
0.242399806080155	4.22783661773071	2923.893	13.263
0.376839698528241	6.32951493638805	4404.772	21.385
0.382499694000245	6.5563147549482	4516.966	23.305
0.603659517072386	9.79019216784627	6593.052	34.503
0.947219242224606	14.5466883626493	10001.952	55.086
2.16675826659339	30.8201153439077	20823.846	121.211
3.18370745303404	40.5402875677699	25846.127	168.828
4.82250614199509	52.7359978112017	29758.442	256.178
5.56068555145156	49.3478605217116	25917.739	281.464
10.3465217227826	70.335843731325	32699.435	530.419
15.9022672781862	80.0729359416513	36765.74	800.97
23.6188911048871	85.950651239479	37691.165	1223.719
33.3842632925894	94.3298245361404	40683.345	1908.886
40.1528978776817	94.4408844472924	41899.079	2253.154
48.6880010495992	97.7030218375825	41691.218	2802.709
58.9593928324857	99.8794000964799	42321.337	3770.064
66.6775366579707	99.995320003744	44131.95	4241.629
72.9823216141427	99.999820000144	43729.447	4952.388
78.6530770775383	100.0	45095.862	5179.33
