0.0420099663920269	0.0422999661600271	7.884	1.839
0.00200999839200129	0.00215999827200138	2.268	0.508
0.14100988719209	0.14111988710409	12.205	4.789
67.3099561520351	67.3100461519631	3903.692	2201.488
0.00300999759200193	0.00323999740800207	2.113	0.444
1.59899872080102	1.59929872056102	129.243	53.698
2.39800808159353	2.39813808148954	198.828	75.879
87.3099401520479	87.3100101519919	5621.957	2762.989
97.3099321520543	97.3100821519343	7495.41	4735.868
3.5970071223943	3.5971171223063	295.81	116.947
0.211009831192135	0.211319830944135	15.94	6.588
57.3099641520287	57.3101541518767	4585.823	1827.913
0.00399999680000256	0.00431999654400277	2.787	0.496
77.3099481520415	77.3101181519055	4446.816	2507.904
8.09200352639718	8.09225352619718	576.421	265.939
37.3099801520159	37.3101901518479	2671.32	1120.227
12.1380002895998	12.1381102895118	801.914	383.925
0.0630099495920403	0.0631799494560404	7.23	2.443
47.3099721520223	47.3100821519343	3698.75	1477.234
0.0190099847920122	0.0190799847360122	4.452	0.916
0.711009431192455	0.711179431056455	46.135	20.002
0.474009620792303	0.474119620704303	43.228	15.525
27.3099881520095	27.3101181519055	1742.298	830.477
18.2069954344037	18.2071654342677	1048.507	623.279
0.00600999519200385	0.00611999510400392	3.288	0.688
1.06599914720068	1.06631914694468	65.504	32.264
0.0130099895920083	0.0133199893440085	4.008	0.921
0.00900999279200577	0.00917999265600588	2.883	0.77
5.39500568399545	5.39513568389145	436.73	169.095
0.0280099775920179	0.028079977536018	4.879	1.393
0.316009747192202	0.316079747136202	28.563	10.269
0.00100999919200065	0.00125999899200081	2.287	0.497
0.0940099247920602	0.0943199245440604	10.533	3.155
