0.000949999240000608	0.0170999863200109	13.046	0.396
0.00165999867200106	0.0298799760960191	21.84	0.429
0.00190999847200122	0.034379972496022	25.89	0.487
0.00285999771200183	0.0514799588160329	36.947	0.528
0.00411999670400264	0.0739799408160473	52.055	0.874
0.00739999408000474	0.132839893728085	93.439	0.693
0.00872999301600559	0.1569598744321	108.421	0.582
0.0122399902080078	0.219599824320141	149.503	0.736
0.0245699803440157	0.440639647488282	302.765	1.284
0.037459970032024	0.672659461872431	467.366	2
0.043789964968028	0.782639373888501	536.871	2.182
0.0583199533440373	1.03985916811267	729.818	3.093
0.0825699339440528	1.46375882899294	999.117	4.54
0.17133986292811	3.01445758843393	2083.334	8.892
0.263099789520168	4.57955633635493	3115.706	17.208
0.346949722440222	5.9362152510278	4067.956	19.731
0.414669668264265	6.95861443310845	4840.119	22.62
0.67207946233643	10.8556113155109	7423.625	36.598
1.36117891105687	20.8213033429573	14441.912	78.066
1.67045866363307	23.6629610696311	16168.474	94.827
3.26539738768209	41.6798666561067	27045.772	179.049
4.70032623973901	51.1491190807047	28517.73	247.54
4.94580604335516	44.7074642340286	22228.498	252.073
9.25680259455793	62.7353498117201	29944.722	456.992
14.4505584395532	72.4139420688463	33250.64	709.138
21.5008827992938	78.6644370684503	36665.996	1060.023
34.8366821306543	98.3557013154389	41730.062	2100.756
43.4153152677478	99.2585805931355	42724.387	2619.56
51.0628791496967	99.4465004427996	43052.036	3088.24
57.0740743407405	99.3977204818236	43310.145	3328.475
65.9012172790262	99.969940024048	43166.216	4109.333
72.5496219603024	99.997480002016	43508.298	4720.822
78.6542270766183	100.0	44244.309	5352.307
