59.0999627200298	59.1002527197978	1674.509	448.025
14.099998720001	14.100288719769	394.101	101.619
69.0999547200362	69.1001447198842	1918.382	508.832
1.30000895999283	1.30013895988883	43.52	9.737
84.0999427200458	84.1000727199418	2385.534	604.684
19.0999947200042	19.1001447198842	545.37	138.342
49.0999707200234	49.1000007199994	1422.984	348.803
79.0999467200426	79.1002167198266	2247.786	579.792
2.80000775999379	2.80007775993779	86.672	20.203
64.099958720033	64.100108719913	1794.414	475.037
39.099978720017	39.100108719913	1112.517	281.395
24.0999907200074	24.1001807198554	691.981	174.17
89.099938720049	89.100108719913	2506.18	657.955
0.600009519992384	0.600299519760384	21.705	4.298
0.400009679992256	0.400319679744256	15.976	2.852
34.0999827200138	34.1002527197978	960.864	243.851
44.0999747200202	44.1001447198842	1240.188	318.172
99.0999307200554	99.1001807198554	2792.89	1666.567
29.0999867200106	29.1002167198266	837.717	204.118
0.100009919992064	0.100259919792064	7.584	0.878
74.0999507200394	74.1001807198554	2106.159	550.997
1.90000847999322	1.90025847979322	60.369	14.243
0.200009839992128	0.200339839728128	10.525	1.504
0.900009279992576	0.900179279856576	29.185	6.054
6.30000495999603	6.30017495986003	183.928	47.792
4.20000663999469	4.20011663990669	123.195	31.718
0.300009759992192	0.300239759808192	13.428	2.118
94.0999347200522	94.1001447198842	2655.186	1593.168
9.40000247999802	9.40013247989402	268.814	70.166
54.0999667200266	54.1000367199706	1559.194	401.899
