2.39754808196153	6.04655516275587	2627.705	520.414
0.00607999513600389	0.108179913456069	2624.985	501.545
0.317309746152203	3.02093758324993	2638.313	521.307
1.06318914944868	4.61249631000295	2622.935	508.974
47.3095821523343	50.9667792265766	2671.069	548.885
77.3110281511775	80.9313552549158	2637.73	575.666
27.3050281559775	30.8683553053158	2644.383	512.618
37.1690102647918	39.8274881380095	2637.931	549.731
97.0968923224861	99.5280403775677	2667.157	567.924
0.00302999757600194	0.0541799566560347	2669.921	505.947
0.0185699851440119	0.322739741808207	2674.259	506.065
0.00182999853600117	0.0329399736480211	2599.812	503.689
67.3145161483871	70.9687232250214	2684.081	566.141
0.476449618840305	3.5908171273463	2657.378	536.116
8.09475352419718	11.7593905924875	2656.152	532.389
0.0934299252560598	1.35683891452887	2688.04	510.657
0.0285399771680183	0.478439617248306	2657.028	517.18
0.713309429352457	4.11479670816263	2685.573	521.315
0.0125799899360081	0.220319823744141	2650.926	510.197
0.0600599519520384	0.932939253648597	2637.083	550.191
0.138989888808089	1.83131853494517	2678.165	522.972
87.3048901560879	90.8043473565221	2716.352	596.049
57.2200942239246	60.1091519126785	2696.606	585.017
0.0425199659840272	0.693359445312444	2627.536	496.521
1.59815872147302	5.21801582558734	2683.986	508.583
0.00380999695200244	0.0682199454240437	2644.162	499.668
0.210529831576135	2.43485805211356	2690.474	505.63
12.1334802932158	15.7829273736581	2691.806	523.637
0.0087499930000056	0.154799876160099	2694.449	505.666
18.2132354294117	21.83686253051	2708.241	526.386
3.5987371210103	7.24319420544464	2706.048	539.289
5.34476572418742	8.45639323488541	2653.316	522.593
0.00123999900800079	0.0223199821440143	2641.244	506.716
