27.3148481481215	30.9518752384998	2612.279	527.031
0.00195999843200125	0.0350999719200225	2620.679	545.38
57.3188641449087	60.937511249991	2624.649	576.556
87.3169501464399	90.9537472370022	2624.923	565.258
0.000989999208000634	0.0178199857440114	2622.164	509.261
0.0194799844160125	0.336419730864215	2648.063	516.224
0.474879620096304	3.61619710704231	2650.117	538.28
0.00591999526400379	0.105299915760067	2618.522	521.006
5.39687568249945	9.04229276616579	2642.478	516.211
0.711159431072455	4.10489671608263	2632.865	522.231
97.0091723926621	99.3050205559836	2661.902	573.605
0.0279699776240179	0.469619624304301	2678.135	534.042
18.2079554336357	21.860622511502	2635.941	528.361
0.00316999746400203	0.0566999546400363	2630.035	526.788
0.317949745640204	3.03425757259394	2636.437	500.552
2.39759808192153	6.03233517413186	2616.319	513.628
0.0131999894400084	0.229859816112147	2609.154	516.414
0.00888999288800569	0.1560598751521	2678.511	514.607
77.3130581495535	80.9716752226598	2678.559	574.589
67.3101561518751	70.9514432388454	2684.997	569.839
0.141559886752091	1.86353850916919	2671.298	557.069
47.3110521511583	50.9430192455846	2606.449	536.933
8.09683352253318	11.7439106048715	2686.474	527.086
3.5989571208343	7.23095421523663	2685.914	519.873
1.06275914979268	4.60961631230695	2677.634	502.332
0.00381999694400244	0.0680399455680435	2660.944	517.818
0.0647299482160414	1.01159919072065	2640.072	508.484
1.60267871785703	5.24321580542736	2666.104	518.072
0.0943999244800604	1.37375890099288	2667.882	527.828
0.0423099661520271	0.685259451792439	2668.502	525.356
12.1428202857438	15.7755473795621	2677.705	544.754
0.209679832256134	2.41865806507355	2625.94	526.377
37.3132301494159	40.9537472370022	2651.777	550.532
