14.099988720009	14.4629884296093	452.89	128.643
49.0990007207994	49.4654004276797	1519.359	462.405
1.29856896114483	1.66175867059306	64.262	12.882
34.0989527208378	34.4604324316541	1059.631	306.392
84.1011127191098	84.4701524238781	2553.069	772.389
79.0994767204186	79.4623764300989	2379.867	706.384
99.0997007202394	99.4652204278237	3025.442	1028.819
4.19835664131469	4.56101635118692	159.931	39.472
69.0997247202202	69.4641044287165	2120.2	611.782
94.0999947200042	94.4648244281405	2849.348	1002.975
89.098648721081	89.4494884404093	2694.157	823.965
2.79996776002579	3.16583746733003	113.684	26.153
29.0994467204426	29.4638164289469	919.492	262.951
0.299969760024192	0.659879472096422	34.66	3.793
9.40047247962202	9.76571218743025	323.001	86.257
0.901069279144577	1.26359898912081	57.06	8.711
0.602859517712386	0.959219232624614	47.645	6.439
6.30032495974003	6.66179467056426	225.684	57.967
24.0991507206794	24.4670204263837	760.236	228.768
1.90031847974522	2.26367818905745	90.885	18.157
0.399369680504256	0.764279388576489	41.5	4.425
0.201709838632129	0.567899545680363	35.09	2.927
59.1016827186538	59.4649324280541	1819.592	536.796
0.100849919320065	0.463319629344297	31.498	2.038
44.0991747206602	44.4655444275645	1359.431	411.628
54.0994467204426	54.4638164289469	1646.354	500.225
74.1011007191194	74.4628804296957	2231.316	663.908
39.100708719433	39.4655084275933	1198.546	350.559
64.101208719033	64.4687484250013	1949.3	596.964
19.0979747216202	19.4572644341885	603.779	180.935
