55.5466355626915	99.999820000144	2869.534	776.653
0.215929827256138	3.80519695584244	917.427	16.106
19.4765444187645	97.4236620610703	2823.249	735.611
52.7694677844258	99.998920000864	2879.871	797.961
1.2427390058088	20.0564839548128	4639.714	125.123
4.2212766229787	53.5360971711223	9779.533	382.921
58.0691435446852	100.0	2848.523	820.943
22.7961017631186	98.7097610321912	2795.682	731.747
0.204729836216131	3.62321710142632	883.659	15.391
9.5292323766141	82.858793712965	3614.419	603.84
32.3700041039967	99.8056001555199	2797.305	753.433
0.0680299455760435	1.21841902526478	295.894	6.013
0.676099459120433	11.3664509068393	2700.786	51.078
12.2499402000478	88.6128491097207	3409.291	596.961
49.5774003380797	99.991720006624	2845.156	796.664
0.0966499226800619	1.7224186220651	413.957	6.852
47.3732421014063	99.993520005184	2835.046	775.045
43.5333751732999	99.963280029376	2836.378	782.619
2.1911082471134	31.9820144143885	6783.748	214.677
0.604349516520387	10.3336117331106	2489.868	46.844
25.8740793007366	99.2353606117115	2812.378	750.454
37.0090003927997	99.8097401522079	2820.679	761.96
1.84530852375318	28.3065973547221	6289.559	180.008
6.255604995516	67.8986456810835	6517.97	471.92
60.5095815923347	100.0	2865.894	816.224
41.4563768348985	99.970480023616	2791.172	812.289
26.7205086235931	98.509781192175	2831.993	720.657
0.396079683136253	6.8756344994924	1674.301	28.973
14.8872180902255	91.9979264016589	3311.261	639.879
35.1488218809425	99.8543801164959	2840.438	759.968
