47.3064321548543	50.9363592509126	1423.582	472.981
8.09605352315718	11.7323906140875	350.538	97.562
0.712989429608456	4.11173671061063	130.62	23.727
0.0275999779200177	0.4685396251683	19.962	2.793
0.00103999916800067	0.0185399851680119	2.617	0.476
87.3135601491519	90.9434872452102	2555.417	843.05
0.00591999526400379	0.104939916048067	5.563	1.145
0.14064988748009	1.85165851867319	57.905	9.596
0.0638999488800409	0.98477921217663	33.094	4.874
0.00931999254400596	0.164159868672105	7.178	1.151
2.39817808145753	6.05087515929987	186.64	41.545
0.00441999646400283	0.0791999366400507	4.616	0.761
0.0128399897280082	0.224279820576144	11.496	1.433
12.1396902882478	15.7739273808581	457.362	134.24
27.3062981549615	30.9387352490118	878.83	289.144
1.06433914852868	4.63139629488296	132.281	28.092
67.245756203395	70.288143769485	1960.491	649.717
97.2124222300622	99.8542001166399	2796.083	908.17
0.462519629984296	3.37877729697816	102.416	18.094
77.3100681519455	80.9479152416678	2254.211	756.092
0.212819829744136	2.43341805326556	78.845	12.782
3.6011671190663	7.24985420011664	220.824	50.899
5.39495568403545	9.03491277206978	255.401	69.598
0.0935899251280599	1.36691890646487	45.385	6.484
18.2131454294837	21.844422524462	650.066	208.7
0.00318999744800204	0.0574199540640368	4.096	0.716
0.0240999807200154	0.393119685504252	16.327	2.943
0.00191999846400123	0.034379972496022	3.089	0.595
0.0189699848240121	0.325619739504208	13.326	1.931
37.3092101526319	40.9539272368582	1188.61	381.345
0.317379746096203	3.03587757129794	101.729	16.177
57.3107241514207	60.965771227383	1732.904	560.184
1.59797872161702	5.24411580470736	157.848	35.802
