79.0999067200746	82.7268538185169	2691.608	574.552
0.902569277944578	4.43069645544284	2715.255	514.028
64.098778720977	67.7461858030514	2711.378	541.872
49.0971507222794	52.7343778124977	2713.609	541.745
0.197839841728127	2.33045813563349	2684.579	495.634
39.102998717601	42.7209858232113	2705.44	524.693
74.1020007183994	77.7406778074578	2692.659	563.584
54.1026167179066	57.737653809877	2663.708	559.85
84.0912427270058	87.7247298202161	2699.235	572.309
69.0988947208842	72.7361418110866	2707.174	581.168
44.0964647228282	47.7311018151185	2700.721	541.532
6.30021495982803	9.93761204991036	2689.676	533.86
1.30152895877683	4.90733607413114	2706.26	516.477
59.1010827191338	62.7497498002002	2723.718	567.334
98.6475810819351	99.999640000288	2722.492	577.257
29.0947367242106	32.7182138254289	2708.971	535.506
24.1075007139994	27.7611977910418	2681.335	539.518
2.80045775963379	6.44777484178013	2669.829	475.762
89.013508789193	91.9003664797068	2683.873	559.59
34.1007527193978	37.7394898084082	2696.549	568.82
0.602409518072386	3.9137368690105	2722.162	505.065
93.9962148030282	96.821922542462	2690.639	603.957
1.90077847937722	5.55965555227556	2729.748	512.714
0.399949680040256	3.36131731094615	2702.491	502.403
0.101129919096065	1.44773884180893	2689.187	488.033
4.20470663623469	7.84493372405302	2713.975	509.177
9.40014247988602	13.0307295754163	2740.057	524.738
19.0987047210362	22.7509017992786	2706.657	528.919
0.29632976293619	2.91797766561787	2735.073	499.522
13.7929089656728	16.1108871112903	2700.269	532.781
