7.64080388735689	71.795282563774	2699.265	568.969
1.05300915759267	17.168386265291	2663.168	521.11
0.303159757472194	5.28407577273938	2646.764	530.26
38.2948693641045	99.927820057744	2646.46	601.903
21.0822431342055	96.929202456638	2699.502	574.777
0.0666799466560427	1.19375904499276	2728.967	569.285
5.12841589726728	58.4283132573494	2693.354	547.78
25.5898295281364	99.0474407620474	2700.81	568.64
0.736209411032471	12.3388101289519	2708.368	561.866
41.5299467760426	99.9730000216	2702.079	594.678
4.29543656365075	54.2971365622908	2701.87	548.339
0.112159910272072	1.99853840116928	2696.112	541.753
60.5064715948227	100.0	2732.064	596.566
58.0303835756931	99.999640000288	2697.421	609.273
0.221299822960142	3.8995168803865	2702.117	555.709
52.9199176640659	99.998740001008	2711.504	629.4
2.77322778141777	39.4034084772732	2692.331	532.96
44.4152844677724	99.984880012096	2719.505	606.137
0.174229860616112	3.08393753284997	2696.446	507.658
1.89341848526521	29.0350567719546	2698.745	529.974
15.9340472527622	94.5782243374205	2658.786	567.573
32.4207040634368	99.8174801460159	2706.291	592.549
12.9367296506163	91.0667871465703	2705.566	546.751
18.781064975148	96.3539229168617	2709.369	593.199
55.5158455873235	99.999280000576	2698.255	607.946
28.6901270478984	99.4412804469756	2691.984	608.157
0.59305952555238	10.1429918856065	2708.674	537.756
50.2460098031922	99.99730000216	2705.292	584.685
33.4538232369414	99.5734003412797	2732.341	567.969
47.4731820214544	99.993880004896	2704.968	615.246
