0.00074999940000048	0.0134999892000086	10.359	0.457
0.00154999876000099	0.0278999776800179	20.506	0.565
0.00162999869600104	0.0293399765280188	20.85	0.521
0.00282999773600181	0.0509399592480326	35.829	0.647
0.00454999636000291	0.0818999344800524	56.98	0.788
0.00516999586400331	0.0926999258400593	63.174	0.837
0.0108099913520069	0.194579844336125	132.082	1.314
0.0136999890400088	0.246059803152157	167.198	1.539
0.0174899860080112	0.313559749152201	214.473	1.595
0.0260099791920166	0.465659627472298	321.828	2.527
0.0494899604080317	0.885419291664567	609.595	4.393
0.0794799364160509	1.41623886700891	966.186	6.669
0.103279917376066	1.83167853465717	1243.596	8.214
0.134559892352086	2.37113810308952	1636.731	10.659
0.179389856488115	3.13343749325001	2140.496	13.436
0.326259738992209	5.58935552851558	3884.604	26.502
0.59351952518438	9.93779204976636	6474.913	45.397
0.835289331768535	13.4744292204566	7305.096	82.385
0.856469314824548	13.2260294191765	5131.993	76.924
1.86416850866519	26.3391989286409	5615.867	174.28
2.71359782912174	34.420652463478	5014.82	220.632
4.45442643645885	48.3071013543189	4940.276	331.895
5.71361542910766	50.6647394682084	4329.059	360.133
11.1256710994631	77.1432582853934	4162.499	547.144
11.7840205727835	61.5757907393674	4402.043	451.065
24.4752404198077	89.5288683769053	3328.267	691.938
30.6580654735476	87.6451698838641	3621.718	692.354
43.5295651763479	99.4292204566236	2761.703	790.01
49.3636205091036	98.2964813628149	2853.667	808.078
58.0172635861891	99.6931002455198	2802.392	802.497
66.5143967884826	99.994960004032	2861.276	885.483
72.9755116195907	99.999640000288	2858.027	845.526
78.6412070870343	100.0	2871.45	808.636
