0.0940399247680602	1.65905867275306	1116.038	4.546
2.28713817028946	24.3410205271836	13163.519	110.09
0.37541969966424	5.96969522424382	4052.882	21.799
0.00297999761600191	0.0536399570880343	37.229	0.48
2.87050770359384	23.6716010627192	11438.314	124.787
90.584557532354	100.0	42137.601	4827.346
26.7402286078171	57.2880141695887	24712.542	1018.691
0.0112899909680072	0.202139838288129	137.912	0.806
0.185219851824119	3.07385754091397	2102.494	9.965
0.0267599785920171	0.477539617968306	324.011	1.45
0.00251999798400161	0.0449999640000288	32.221	0.493
37.0139703888237	69.7384242092606	30768.251	1400.208
11.4929808056154	41.0048671961062	18150.85	434.004
1.05214915828067	14.8517881185695	10104.748	58.322
0.00698999440800447	0.12563989948808	89.006	1.064
0.200239839808128	3.42809725752219	2417.978	10.645
0.0401199679040257	0.715679427456458	495.614	2.384
0.103309917352066	1.79243856604915	1219.169	5.485
8.09171352662918	42.7976657618674	20459.016	325.481
0.00213999828800137	0.0385199691840247	29.038	0.559
0.000939999248000602	0.0169199864640108	12.526	0.426
15.2513377989298	38.4450892439286	17458.169	529.163
0.00700999439200449	0.125999899200081	87.624	0.692
0.00569999544000365	0.102599917920066	71.707	0.912
47.2618621905103	83.1025135179892	37332.017	1813.553
83.0255235795811	99.7570001943999	43181.48	4386.125
0.040589967528026	0.719639424288461	506.245	2.142
57.1299742960206	91.0070271943782	40479.506	2205.695
0.709509432392454	10.8318513345189	7598.177	39.333
5.35036571970742	37.0052703957837	18209.983	225.828
66.3948468841225	94.5609443512445	42253.791	2542.752
1.59300872559302	20.1995838403329	13018.739	81.175
73.483671213063	95.1329838936129	43103.986	2916.11
