37.3082601533919	40.9371872502502	14082.394	907.419
47.2446222043022	50.2503797996962	18102.796	1133.989
0.0032799973760021	0.057779953776037	15.199	0.511
5.39495568403545	9.04715276227779	2614.195	130.917
0.00563999548800361	0.0995399203680637	25.158	0.517
12.1277202978238	15.626147499082	4964.751	293.98
97.2288522169182	99.9127000698399	35906.461	7090.955
77.3109481512415	80.9443152445478	30264.713	1878.954
0.026579978736017	0.444779644176285	109.29	1.258
18.2082954333637	21.843882524894	8065.51	428.234
3.5974071220743	7.22267422186062	2273.903	90.868
0.210789831368135	2.41811806550555	552.563	6.556
67.3109161512671	70.9321832542534	25515.212	1581.622
0.472009622392302	3.60881711294631	722.304	13.904
57.3136541490767	60.934271252583	22047.046	1409.14
0.00892999285600572	0.157859873712101	39.536	0.606
0.314739748208201	3.00671759462592	618.94	9.049
0.00204999836000131	0.0367199706240235	9.81	0.471
0.0931999254400596	1.34135892691286	332.634	4.922
0.14125988699209	1.8674985060012	449.618	4.586
0.00407999673600261	0.0727199418240465	19.031	0.51
27.3102581517935	30.9741952206438	11073.959	634.182
0.0430599655520276	0.697859441712447	171.521	1.523
0.0637999489600408	0.98369921304063	243.848	2.11
1.06805914555268	4.65821627342698	1121.57	31.602
0.000909999272000582	0.0163799868960105	4.938	0.421
0.0184999852000118	0.318059745552204	79.581	0.853
87.3174901460079	90.9616672306662	32678.48	2296.217
0.707969433624453	4.13297669361865	925.159	22.582
0.0138499889200089	0.239759808192153	59.757	0.791
1.60114871908102	5.22683581853135	1288.651	39.006
2.39758808192953	6.02657517873986	1594.821	59.641
8.09216352626918	11.7295106163915	3670.709	199.581
