29.0998467201226	29.4598564321149	2658.482	698.794
6.29943496045203	6.65999467200426	2690.472	666.993
34.1001527198778	34.4609724312221	2679.195	694.6
64.099618720305	64.4608284313372	2654.795	685.663
84.1005027195978	84.4660124271901	2667.283	745.015
0.900039279968576	1.2571189943048	2642.827	686.493
34.0994527204378	34.4611524310781	2699.452	655.82
69.0991747206602	69.4597844321725	2640.748	731.841
1.30007895993683	1.65995867203306	2623.798	664.661
0.399049680760255	0.757439394048485	2670.848	640.278
84.1008527193178	84.4625924299261	2682.507	708.954
74.0998507201194	74.4650404279677	2661.538	706.609
0.100199919840064	0.455219635824291	2665.89	641.226
29.1009167192666	29.4648964280829	2630.055	689.856
6.29959496032403	6.66269466984426	2653.958	670.034
1.90036847970522	2.26403818876945	2695.835	663.665
59.1007027194378	59.4685324251741	2679.397	724.771
2.79857776113779	3.16079747136202	2630.762	660.354
59.1006827194538	59.4674524260381	2675.819	694.34
44.1007347194122	44.4639244288605	2683.735	673.199
2.80000775999379	3.16385746891403	2649.665	644.219
4.19777664177869	4.56659634672292	2676.503	668.255
54.0998767200986	54.4650764279389	2669.799	715.722
14.100208719833	14.4685684251453	2672.833	653.726
2.80027775977779	3.16133747093002	2640.862	624.173
6.29845496123603	6.66197467042026	2673.064	669.371
0.400299679760256	0.76625938699249	2674.403	637.281
9.40007247994202	9.75725219419824	2687.58	643.657
44.1011347190922	44.4682444254045	2673.249	706.732
59.1002127198298	59.4645724283421	2679.042	731.304
79.0991067207146	79.4598564321148	2666.049	744.028
39.099678720257	39.4619084304733	2662.602	661.41
0.200949839240129	0.565559547552362	2685.773	668.976
39.100618719505	39.4626284298973	2638.717	662.975
69.0990147207882	69.4565444347645	2689.215	729.024
0.599899520080384	0.962099230320616	2676.271	639.706
69.0972047222362	69.4621244303004	2693.658	705.322
44.1000647199482	44.4660844271325	2654.654	662.715
0.898829280936575	1.26539898768081	2688.198	632.298
0.301059759152193	0.657719473824421	2682.547	672.199
0.300619759504192	0.662939469648424	2648.348	623.108
9.40016247987002	9.76499218800625	2665.466	680.461
4.19836664130669	4.56335634931492	2669.052	650.365
0.898639281088575	1.26377898897681	2639.847	665.342
19.1004047196762	19.4659044272765	2701.978	646.712
6.29999496000403	6.66125467099626	2717.763	672.987
0.600759519392384	0.963179229456616	2662.067	638.42
39.100658719473	39.4671284262973	2688.489	667.801
79.0983967212826	79.4632764293789	2674.696	690.71
49.0997807201754	49.4636004291197	2715.339	718.368
0.199739840208128	0.568079545536364	2682.551	615.869
0.0997599201920639	0.455399635680291	2704.243	677.629
14.101498718801	14.4667684265853	2703.569	683.583
24.1000407199674	24.4670204263837	2688.59	693.921
14.099498720401	14.4608284313373	2689.703	673.844
0.398739681008255	0.76553938756849	2658.876	667.183
1.89903848076922	2.26169819064145	2702.96	659.295
2.79898776080979	3.15575747539402	2694.064	667.511
1.90100847919322	2.27033818372945	2689.858	688.026
64.101828718537	64.4624484300412	2657.697	728.3
0.0995799203360637	0.457019634384292	2692.844	632.131
49.0994807204154	49.4697204242237	2655.119	687.885
74.0994207204634	74.4675604259517	2655.734	738.777
49.1001507198794	49.4691804246557	2684.443	662.332
0.399809680152256	0.76517938785649	2688.679	653.928
19.1004847196122	19.4664444268445	2699.131	652.464
1.89903848076922	2.26169819064145	2682.459	651.887
0.600059519952384	0.972539221968622	2690.499	642.272
4.19989664008269	4.56101635118692	2629.435	679.419
0.198529841176127	0.558359553312357	2671.401	622.323
69.1005847195322	69.4677044258365	2718.058	686.407
79.0999867200106	79.4724564220349	2674.266	708.93
64.100198719841	64.4619084304733	2660.394	724.14
9.39892248086202	9.76661218671025	2652.446	663.899
14.098658721073	14.4631684294653	2676.572	688.237
84.0991927206458	84.4620524303581	2642.766	727.297
0.300049759960192	0.660239471808423	2643.509	661.725
84.0998927200858	84.4663724269021	2664.471	718.727
1.30200895839283	1.66841866526507	2638.806	642.426
74.1006307194954	74.4630604295517	2708.642	692.633
44.0992947205642	44.4668044265565	2640.628	686.256
54.1007967193626	54.4639964288029	2692.189	723.501
0.101389918888065	0.45323963740829	2708.566	623.83
29.1003067197546	29.4623764300989	2679.629	676.003
64.099278720577	64.4644284284573	2646.311	726.256
24.1000307199754	24.4684604252317	2696.246	679.691
24.1015207187834	24.4643204285437	2650.815	667.23
39.098708721033	39.4613684309053	2704.937	678.513
9.39745248203801	9.76319218944625	2676.794	665.429
34.0998827200938	34.4661924270461	2716.292	674.951
74.0998607201114	74.4718804224957	2722.005	716.841
0.299799760160192	0.664199468640425	2718.635	656.189
0.600899519280385	0.96839922528062	2692.657	623.513
0.899159280672575	1.26305898955281	2647.444	659.155
49.0997807201754	49.4641404286877	2660.659	686.243
0.199209840632127	0.564839548128361	2685.771	665.521
34.1008627193098	34.4719524224381	2695.768	645.018
79.0997267202186	79.4677764257789	2667.006	681.651
1.30054895956083	1.66463866828907	2660.617	682.275
29.1001267198986	29.4679564256349	2661.485	684.85
19.1003947196842	19.4680644255485	2678.594	704.025
1.30039895968083	1.66157867073706	2673.232	629.538
4.19832664133869	4.56533634773092	2623.87	646.937
24.1005107195914	24.4666604266717	2691.304	683.93
59.1002727197818	59.4699724240221	2717.345	672.532
19.1008947192842	19.4633844292925	2686.374	661.152
54.0989667208266	54.4641764286589	2678.157	692.485
54.1008867192906	54.4553564357149	2681.02	734.852
