0.000419999664000269	0.00755999395200484	6.708	0.552
0.000439999648000282	0.00791999366400507	6.79	0.578
0.000589999528000378	0.0106199915040068	8.825	0.585
0.000899999280000576	0.0161999870400104	12.576	0.628
0.00101999918400065	0.0183599853120118	13.821	0.514
0.00102999917600066	0.0185399851680119	14.469	0.656
0.00115999907200074	0.0208799832960134	18.899	0.685
0.00130999895200084	0.0235799811360151	18.106	0.634
0.00198999840800127	0.0358199713440229	26.039	0.934
0.0021899982480014	0.0394199684640252	28.427	1.01
0.00220999823200141	0.0397799681760255	32.352	1.016
0.00263999788800169	0.0475199619840304	33.923	1.066
0.00285999771200183	0.0514799588160329	37.492	1.312
0.00288999768800185	0.0520199583840333	37.923	1.183
0.00329999736000211	0.0592199526240379	42.218	1.341
0.00331999734400212	0.0597599521920382	43.387	1.349
0.00377999697600242	0.0680399455680435	47.288	1.537
0.00422999661600271	0.0761399390880487	54.36	1.561
0.00432999653600277	0.0777599377920498	55.493	1.683
0.00498999600800319	0.0898199281440575	64.521	1.752
0.00525999579200337	0.0946799242560606	65.493	1.908
0.00539999568000346	0.0971999222400622	68.283	1.433
0.00648999480800415	0.116639906688075	160.438	2.295
0.00653999476800419	0.117539905968075	182.967	2.602
0.00798999360800511	0.143639885088092	276.775	4.353
0.00877999297600562	0.157319874144101	327.39	5.181
0.0111699910640071	0.200879839296129	410.583	6.211
0.0115699907440074	0.207539833968133	460.511	6.354
0.0115999907200074	0.208619833104134	146.366	3.312
0.012429990056008	0.223019821584143	413.651	6.402
0.0152999877600098	0.274139780688175	592.664	8.038
0.0153799876960098	0.276119779104177	468.457	6.941
0.0170399863680109	0.305819755344196	692.61	9.436
0.0171099863120109	0.306719754624196	641.145	8.193
0.0175899859280113	0.315899747280202	692.511	9.138
0.0217399826080139	0.39041968766425	820.43	10.124
0.0239299808560153	0.430199655840275	998.684	12.639
0.0247299802160158	0.443519645184284	939.94	12.101
0.028069977544018	0.502019598384321	1165.465	14.374
0.0362099710320232	0.648539481168415	1481.098	17.875
0.0370699703440237	0.664919468064426	1526.191	18.274
0.0496999602400318	0.889199288640569	2027.882	25.978
0.0529899576080339	0.947339242128606	2220.71	26.823
0.0532799573760341	0.95237923809661	2279.127	26.283
0.064039948768041	1.14371908502473	2602.574	32.364
0.0643499485200412	1.14785908171273	2667.943	31.528
0.0770099383920493	1.37069890344088	3134.302	36.332
0.081269934984052	1.45097883921693	3226.001	40.838
0.0894399284480572	1.58939872848102	3521.031	42.14
0.111309910952071	1.96487842809726	4067.969	52.397
0.111469910824071	1.97279842176126	4315.954	53.862
0.112759909792072	2.00249839800128	4368.482	56.256
0.114109908712073	2.02319838144129	4530.741	54.294
0.117699905840075	2.07611833910533	4117.741	54.767
0.119989904008077	2.11697830641736	4325.894	58.519
0.123049901560079	2.16575826739339	4293.765	59.381
0.161289870968103	2.8173577461138	5080.226	79.719
0.231909814472148	4.03829676936258	6617.161	111.085
0.248909800872159	4.27913657669074	5871.56	118.953
0.256079795136164	4.46579642736286	7503.342	124.251
0.275479779616176	4.80185615851507	8348.897	133.754
0.301399758880193	5.1631158695073	6872.212	137.457
0.314519748384201	5.38847568921945	6653.813	148.872
0.326189739048209	5.59979552016358	7291.693	156.017
0.366369706904234	6.17129506296395	6242.12	166.65
0.451369638904289	7.54505396395683	7205.63	200.393
0.557449554040357	9.32111254310997	8441.3	249.849
0.588549529160377	9.85247211802231	8761.753	261.653
0.613529509176393	9.92789205768635	7038.41	244.188
0.857819313744549	13.8257889393688	8945.571	332.767
0.882959293632565	13.6362490910007	6788.027	314.739
0.90596927522458	14.6091483126814	9498.44	356.559
0.960419231664615	15.5258875792899	9708.932	388.628
1.26409898872081	19.2826645738683	8177.584	450.439
1.35761891390487	20.7354434116453	9021.074	460.862
1.35845891323287	19.4644644284285	7187.584	390.604
1.42321886142491	21.85396251683	9496.237	512.851
2.08993832804934	29.647236282211	8591.409	586.996
2.13054829556136	30.2889357688514	8957.188	592.624
2.13978828816937	30.4282556573955	9301.568	569.712
2.9760376191699	33.3122133502293	5625.995	494.948
3.00680759455392	38.0726695418644	6017.285	640.464
3.03550757159394	38.4789292168566	6350.631	602.581
3.19143744685004	40.613007509594	6746.239	651.92
3.21077743137805	40.9103672717062	6397.535	660.908
3.50382719693824	38.3270093383925	5669.277	554.899
3.86046691162647	41.9100864719308	5714.758	595.781
4.75352619717904	51.8707385034092	6446.677	719.217
5.07380594095525	45.6454434836452	5951.308	599.572
5.81727534617972	51.3026589578728	6088.369	667.271
7.14402428478057	63.4623692301046	6633.938	788.011
7.38638409089273	66.1832470534024	6510.177	811.555
8.23611341110927	56.7271346182923	6831.227	757.819
8.64448308441353	59.0795527363578	6927.363	795.22
10.2053618357105	69.2236246211003	6799.114	885.407
10.6281914974468	72.6169819064145	6898.034	976.639
12.2497002002398	63.1918294465364	7595.803	950.405
13.3110293511765	67.3928460857231	7558.55	989.583
13.7949489640408	69.4698644241085	7793.736	1024.552
15.0192679845856	75.2087998329601	7669.579	1111.506
19.6666642666686	73.2869413704469	9302.343	1396.162
20.283913772869	75.022679981856	8954.365	1372.011
24.3184005452796	88.7977089618328	7768.715	1623.257
25.2390398087682	93.0017855985715	7480.423	1688.21
29.1355366915706	84.0199727840218	9242.909	1868.432
30.3159857472114	86.7050306359755	9322.935	1915.908
33.3477033218373	94.2274046180763	8255.846	2158.13
33.7327830137736	95.260423791661	8209.878	2003.135
42.0987763209789	97.4315820547343	8842.647	2498.996
42.5674559460352	98.1105415115668	8400.985	2553.185
42.6739258608593	98.2606613914709	8382.71	2844.765
43.5421251662999	99.4189604648316	7360.419	2569.078
49.7897501681999	98.6150811079351	9687.556	3067.464
50.6878394497284	99.2157406274075	9237.749	3021.483
50.8847692921846	99.3529005176796	7761.91	3061.388
51.8234085412732	99.8450201239839	7856.433	3146.963
56.7538245969403	99.2841405726875	8404.53	3326.657
56.9803544157165	99.3669405064476	8407.994	3351.964
58.3898332881334	99.7715801827359	9888.116	3387.787
58.5002031998374	99.7870601703519	8088.624	3397.646
65.1278078977537	99.9190000647999	9184.486	3831.255
66.0574471540423	99.976240019008	9830.229	3969.563
66.1793070565544	99.981280014976	9043.342	3865.797
66.5142167886266	99.99190000648	8895.195	3977.464
72.9203116637507	99.999460000432	10432.971	4307.736
73.0296415762867	99.999820000144	10087.75	4328.358
73.0366915706467	99.999820000144	10308.853	4435.63
73.0400715679427	99.999820000144	9694.047	4322.49
78.6321470942823	100.0	10029.09	4656.475
78.6401070879143	100.0	10784.332	4937.861
78.6496370802903	100.0	10357.816	4665.927
78.6525970779223	100.0	10696.566	4775.167
