0.0619899504080397	1.0983591213127	257.927	4.101
5.35970571223543	37.1165103067918	2483.923	262.973
34.2598725921019	57.5405539675568	2352.56	463.106
0.00203999836800131	0.0367199706240235	16.425	0.574
0.000849999320000544	0.0152999877600098	4.931	0.463
57.1397742881806	91.0900071279943	3396.681	749.61
84.0080227935818	99.980920015264	2894.696	809.202
0.0197499842000126	0.352619717904226	86.579	1.755
76.0010391991686	99.6673602661118	2857.925	800.789
64.4080084735932	87.8716097027122	3302.062	721.04
0.12493990004808	2.13245829403336	511.341	7.451
0.00189999848000122	0.0341999726400219	9.736	0.584
3.53836716930626	31.1309750952199	2584.067	210.225
0.00900999279200577	0.161819870544104	40.161	1.101
15.5086975930419	39.137008690393	1798.492	298.216
8.06660354671716	42.4945460043632	2599.868	315.526
27.2423782060974	62.6773898580881	3062.047	477.743
0.467879625696299	7.52201398238881	1727.742	31.898
1.565828747337	19.7080042335966	3392.721	123.188
0.128889896888083	2.23919820864143	543.983	8.655
0.0186399850880119	0.333179733456213	81.685	1.732
12.0503203597437	46.6948426441259	2519.096	322.028
0.314469748424201	5.24393580485136	1252.065	23.053
0.628869496904403	9.47087242330206	2074.516	40.766
0.0426799658560273	0.759959392032486	183.091	3.117
2.09056832754534	21.6795426563659	2316.69	140.549
90.563627549098	100.0	2992.348	840.186
0.00339999728000218	0.0610199511840391	16.243	0.708
0.855559315552548	11.7970105623916	2389.198	72.442
47.2683921852863	83.1368934904852	3734.675	637.223
0.0804399356480515	1.4095788723369	343.767	4.964
0.00606999514400389	0.10889991288007	27.535	0.849
0.0128999896800083	0.232019814384148	57.319	1.374
