0.000439999648000282	0.00791999366400507	2698.394	659.765
0.00209999832000134	0.0377999697600242	2651.424	670.037
0.00276999778400177	0.0496799602560318	2675.196	707.139
0.00375999699200241	0.0676799458560433	2688.964	707.781
0.00618999504800396	0.111239911008071	2687.336	688.699
0.00800999359200513	0.143639885088092	2607.887	703.615
0.0116399906880074	0.208979832816134	2642.213	697.168
0.0123699901040079	0.221579822736142	2683.849	679.567
0.0221499822800142	0.397979681616255	2675.756	656.141
0.0341299726960218	0.606779514576388	2649.992	690.355
0.0480799615360308	0.847619321904542	2695.616	667.656
0.0630199495840403	1.11815910547272	2644.354	671.687
0.103199917440066	1.78901856878514	2702.149	647.87
0.197249842200126	3.27041738366609	2672.974	663.959
0.208909832872134	3.58055713555429	2673.529	683.674
0.457809633752293	7.35929411256471	2672.908	686.201
0.70254943796045	10.7362714109829	2677.306	694.669
1.06471914822468	15.0310679751456	2706.259	698.25
1.51478878816897	15.8313473349221	2678.008	659.78
1.57852873717701	19.9677440258048	2683.583	659.068
2.51950798439361	20.9449632440294	2676.536	696.158
5.37953569637144	37.5902699277841	2671.242	690.447
6.94887444090045	32.3591141127087	2640.783	702.515
10.5818315345348	36.0303911756871	2683.987	684.245
15.4807876153699	39.062128750297	2671.69	714.412
27.3043881564895	63.6799890560088	2656.363	713.278
36.0598511521191	63.3426693258645	2678.979	730.033
46.5545527563578	76.0261791790567	2649.733	739.53
56.8316945346444	87.9693496245203	2633.191	747.014
65.0741179407056	89.6028483177213	2689.36	712.952
75.8629693096245	99.4243604605116	2677.399	735.776
83.8047129562296	99.947440042048	2618.183	732.169
90.60763751389	100.0	2653.774	714.282
