0.600009519992384	0.600119519904384	2701.282	519.204
84.0999427200458	84.1000727199418	2695.611	583.428
99.0999307200554	99.1001807198554	2684.507	553.515
14.099998720001	14.100108719913	2667.765	516.802
39.099978720017	39.100108719913	2669.808	533.89
1.30000895999283	1.30013895988883	2658.72	523.505
19.0999947200042	19.1001447198842	2695.029	523.947
54.0999667200266	54.1000367199706	2707.807	557.074
4.20000663999469	4.20011663990669	2690.327	514.626
0.400009679992256	0.400139679888256	2724.474	513.741
74.0999507200394	74.1001807198554	2698.174	565.865
69.0999547200362	69.1001447198842	2677.624	560.061
44.0999747200202	44.1001447198842	2697.561	557.657
6.30000495999603	6.30017495986003	2654.37	507.248
89.099938720049	89.100108719913	2720.522	555.012
49.0999707200234	49.1001807198554	2681.821	541.838
24.0999907200074	24.1001807198554	2701.812	498.833
0.900009279992576	0.900179279856576	2731.793	489.276
2.80000775999379	2.80025775979379	2717.562	535.911
64.099958720033	64.100108719913	2681.696	571.225
94.0999347200522	94.1001447198842	2681.034	576.398
1.90000847999322	1.90007847993722	2704.971	533.724
79.0999467200426	79.1000367199706	2703.695	568.832
34.0999827200138	34.1000727199418	2720.118	558.179
59.0999627200298	59.1000727199418	2708.927	581.948
9.40000247999802	9.40013247989402	2718.841	538.883
29.0999867200106	29.1002167198266	2721.04	524.077
0.200009839992128	0.200159839872128	2729.309	516.419
0.100009919992064	0.100079919936064	2680.177	515.892
0.300009759992192	0.300059759952192	2673.492	537.177
