0.00105999915200068	0.0190799847360122	14.174	0.457
0.00208999832800134	0.037439970048024	26.06	0.537
0.00285999771200183	0.0512999589600328	36.702	0.609
0.00431999654400277	0.0770399383680493	56.217	0.768
0.00589999528000378	0.104759916192067	74.749	0.929
0.00933999252800598	0.162899869680104	113.325	1.025
0.0128499897200082	0.225899819280145	153.337	1.176
0.0186099851120119	0.320939743248205	220.097	1.684
0.0287199770240184	0.480779615376308	336.72	2.087
0.0417299666160267	0.677519457984434	471.617	2.611
0.0634099492720406	0.987299210160632	689.146	3.974
0.0947999241600607	1.38383889292889	962.463	4.91
0.13995988803209	1.85111851910518	1246.265	6.687
0.212669829864136	2.44259804592156	1402.981	9.55
0.315329747736202	3.02867757705794	1582.77	16.124
0.475319619744304	3.5942371246103	1723.105	20.09
0.712749429800456	4.13477669217865	1889.827	27.224
1.06468914824868	4.61555630755495	2024.638	32.069
1.60018871984902	5.23079581536335	2245.922	49.007
2.39986808010554	6.02909517672386	2566.05	74.763
3.5984171212663	7.25111419910864	2976.085	103.112
5.39517568385945	9.05021275982979	3714.905	152.828
8.09614352308518	11.7394106084715	4697.672	214.955
12.1434702852238	15.7841873726501	5887.775	330.549
18.2155154275877	21.851622518702	8295.444	468.85
27.3088981528815	30.9473752420998	11218.468	704.687
37.3045301563759	40.9465472427622	14627.932	948.793
47.3089021528783	50.9476992418406	18286.192	1202.591
57.3089641528287	60.972611221911	21923.123	1452.798
67.3115261507791	70.9548632361094	24713.876	1748.468
77.3133281493375	80.9421552462758	28572.132	2035.06
87.0452503637997	89.4476884418493	31472.166	2205.888
97.1439622848302	99.6369402904478	33903.292	2548.961
