24.1023307181354	27.7424778060178	10127.996	610.402
2.80212775829779	6.42599485920411	2739.231	76.935
4.19666664266669	7.84277372578102	3318.827	110.779
84.0980527215578	87.7317498146001	31338.211	2060.801
0.400579679536256	3.37247730201816	1715.606	13.317
34.0939827248138	37.7220298223761	13490.638	859.44
0.0989199208640633	1.41515886787291	992.142	4.364
94.0976547218762	97.7138218289425	34539.206	3833.273
59.1044527164378	62.7551497958802	22117.496	1496.711
29.0977867217706	32.7318938144849	11861.596	735.942
79.1007967193626	82.742333806133	29618.73	1942.216
19.0572147542282	22.2544621964302	8110.677	482.134
0.302519757984194	2.95757763393789	1639.282	10.635
69.0988847208922	72.7467618025906	25667.383	1749.888
44.1028547177162	47.7455018035986	17058.328	1108.237
74.0499807600154	77.1806982554414	27756.028	1809.448
14.098718721025	17.7463658029074	6727.352	347.369
39.092558725953	42.7240458207633	15216.487	985.902
64.106198715041	67.7735457811634	24001.887	1624.7
0.59390952487238	3.9043768764985	1872.128	17.202
1.30435895651283	4.91687606649915	2167.491	38.767
0.199529840376128	2.3446781242575	1413.187	7.237
54.0158867872906	56.9071344742924	20020.497	1358.616
89.094488724409	92.7226058219153	32652.482	2355.891
1.89816848146521	5.52869557704354	2449.149	53.483
98.6235911011271	99.998920000864	34931.818	3934.32
9.40019247984602	13.0381095695123	5045.971	242.074
49.0577707537834	52.2672781861774	18811.704	1197.09
6.30339495728403	9.93167205466236	3911.703	165.319
0.900569279544576	4.41683646653083	2015.93	24.798
