27.3148481481215	30.9518752384998	2612.279	527.031
0.00195999843200125	0.0350999719200225	2620.679	545.38
0.0134899892080086	0.233279813376149	2589.967	498.014
57.3188641449087	60.937511249991	2624.649	576.556
0.0188399849280121	0.324539740368208	2612.102	513.602
0.000989999208000634	0.0178199857440114	2622.164	509.261
67.3136761490591	70.9518032385574	2635.439	553.399
8.08928352857318	11.7224906220075	2669.399	524.615
57.3088041529567	60.964331228535	2662.906	539.151
37.3115401507679	40.9530272375782	2653.282	536.323
0.101399918880065	1.29257896593683	2607.098	543.922
0.0193399845280124	0.330659735472212	2635.282	503.254
0.0194799844160125	0.336419730864215	2648.063	516.224
0.316019747184202	3.02507757993794	2621.823	520.836
0.474879620096304	3.61619710704231	2650.117	538.28
0.0410599671520263	0.674999460000432	2634.324	520.375
2.39196808642553	6.00605519515584	2641.82	516.039
2.39505808395353	6.03215517427586	2665.657	499.675
18.2081654334677	21.846222523022	2643.624	514.669
0.00101999918400065	0.0183599853120118	2623.528	524.151
0.209839832128134	2.41739806608155	2598.341	512.514
37.3056401554879	40.9584272332582	2653.635	533.346
0.00591999526400379	0.105299915760067	2618.522	521.006
5.39687568249945	9.04229276616579	2642.478	516.211
0.00388999688800249	0.0698399441280447	2681.322	543.182
77.3136081491135	80.9489952408038	2636.487	552.137
0.0638199489440408	0.991079207136634	2618.73	500.213
57.2994341604527	60.8176313458949	2614.182	539.857
1.06066915146468	4.63067629545896	2616.292	512.593
0.474109620712303	3.5944171244663	2638.012	501.73
3.5945671243463	7.22807421754063	2628.633	525.685
0.00331999734400212	0.0595799523360381	2620.258	490.91
0.00416999666400267	0.0741599406720475	2619.858	506.977
1.05681915454468	4.42475646019483	2670.826	490.885
5.39752568197945	9.03797276962178	2656.247	518.872
1.60294871764103	5.22161582270734	2683.79	490.956
12.1401002879198	15.7892273686181	2684.923	512.488
0.711159431072455	4.10489671608263	2632.865	522.231
37.2775401779679	40.4947476042019	2657.075	534.588
77.3116381506895	80.9259552592358	2629.586	570.954
0.314109748712201	3.00401759678592	2657.625	500.09
0.0190799847360122	0.325979739216209	2650.188	496.817
0.00319999744000205	0.0570599543520365	2635.94	523.948
12.1350302919758	15.7593473925221	2641.359	530.531
0.00317999745600204	0.0566999546400363	2678.495	519.458
27.3094981524015	30.9536752370598	2656.511	531.987
18.2093454325237	21.854322516542	2616.282	555.853
0.0129599896320083	0.225899819280145	2677.917	517.286
0.474809620152304	3.6010771191383	2680.635	535.094
3.5951371238903	7.23347421322063	2667.868	515.626
0.00910999271200583	0.159659872272102	2668.857	504.034
0.00105999915200068	0.0190799847360122	2658.21	511.623
2.39811808150553	6.05663515469188	2888.115	514.991
0.0279699776240179	0.469619624304301	2678.135	534.042
47.3161521470783	50.9451792438566	2682.198	551.785
18.2079554336357	21.860622511502	2635.941	528.361
0.00214999828000138	0.0385199691840247	2673.108	494.589
0.00316999746400203	0.0566999546400363	2630.035	526.788
0.317949745640204	3.03425757259394	2636.437	500.552
0.0636499490800407	0.991979206416635	2690.554	504.741
2.39759808192153	6.03233517413186	2616.319	513.628
0.0131999894400084	0.229859816112147	2609.154	516.414
0.0424899660080272	0.697499442000446	2660.009	497.966
0.0409999672000262	0.67193946244843	2678.119	507.175
0.00589999528000378	0.104399916480067	2691.576	500.316
1.60073871940902	5.24429580456336	2667.259	495.449
8.09105352715718	11.7248306201355	2701.138	519.766
0.00888999288800569	0.1560598751521	2678.511	514.607
77.3130581495535	80.9716752226598	2678.559	574.589
0.709039432768454	4.13027669577864	2672.965	513.186
0.712749429800456	4.13603669117065	2655.016	495.454
67.3101561518751	70.9514432388454	2684.997	569.839
0.0943699245040604	1.37069890344088	2668.844	509.592
0.141559886752091	1.86353850916919	2671.298	557.069
5.39328568537145	9.03545277163778	2702.071	511.963
0.470059623952301	3.58235713411429	2640.948	499.489
0.00923999260800591	0.163619869104105	2701.133	493.464
67.0613163509469	69.4785044171965	2709.941	570.101
47.3110521511583	50.9430192455846	2606.449	536.933
0.314019748784201	3.02435758051394	2667.231	513.33
0.0636299490960407	0.988379209296633	2707.386	539.054
0.00831999334400533	0.146159883072094	2657.586	498.086
0.00213999828800137	0.0383399693280245	2700.966	515.651
8.09683352253318	11.7439106048715	2686.474	527.086
0.0284499772400182	0.480059615952307	2675.427	529.204
3.5945271243783	7.23995420803663	2686.142	482.904
0.212539829968136	2.41595806723355	2694.446	529.036
57.2966441626847	60.7486914010469	2689.909	537.981
27.3127381498095	30.9471952422438	2684.068	554.577
47.2699421840463	50.4399196480643	2656.563	569.612
5.39981568014746	9.03383277293378	2691.323	540.906
1.54258876592899	4.58153633477093	2658.969	501.388
3.5989571208343	7.23095421523663	2685.914	519.873
0.00102999917600066	0.0185399851680119	2695.466	507.533
1.06275914979268	4.60961631230695	2677.634	502.332
0.028199977440018	0.474119620704303	2708.462	509.391
27.3114081508735	30.9457552433958	2705.596	531.238
0.00607999513600389	0.107639913888069	2679.673	505.784
0.00381999694400244	0.0680399455680435	2660.944	517.818
0.0647299482160414	1.01159919072065	2640.072	508.484
47.3065121547903	50.9696592242726	2650.51	540.901
1.07021914382468	4.64021628782697	2713.968	537.187
1.60267871785703	5.24321580542736	2666.104	518.072
0.0943999244800604	1.37375890099288	2667.882	527.828
0.0133699893040086	0.228599817120146	2703.129	532.847
0.0423099661520271	0.685259451792439	2668.502	525.356
0.213199829440136	2.45609803512157	2685.335	495.138
0.709189432648454	4.11767670585863	2637.915	503.198
0.0278699777040178	0.467819625744299	2687.526	509.805
12.1428202857438	15.7755473795621	2677.705	544.754
0.139759888192089	1.83995852803318	2714.746	495.517
77.3095581523535	80.9468352425318	2714.879	554.491
0.0768699385040492	1.0891791286567	2700.717	514.421
18.2077554337957	21.868722505022	2647.908	512.227
0.0932099254320597	1.35809891352087	2704.326	506.296
0.00413999668800265	0.0730799415360468	2710.901	512.143
0.00599999520000384	0.106739914608068	2714.223	519.51
0.00197999841600127	0.0352799717760226	2694.12	506.398
8.09132352694118	11.7201506238795	2637.987	510.362
0.209679832256134	2.41865806507355	2625.94	526.377
67.3129161496671	70.9696232243014	2695.44	557.126
12.1351602918718	15.7903073677541	2701.643	523.66
37.3132301494159	40.9537472370022	2651.777	550.532
0.139179888656089	1.84517852385718	2693.614	504.183
