0.287089770328184	4.80149615880307	3322.839	16.719
48.9542808365753	83.1496734802612	37385.223	2424.818
23.1700214639828	51.623598701121	23310.932	1103.749
0.0909099272720582	1.59155872675302	1077.903	5.711
81.6817646545883	99.968680025056	44005.547	3838.146
6.29417496466003	39.6397482882014	19505.895	318.379
0.198219841424127	3.39839728128217	2322.797	11.357
2.78890776887379	28.3161373470901	15806.366	156.629
9.39175248659801	44.6781242575006	21253.88	464.026
53.9954668036266	88.7321890142488	40607.256	2593.973
76.8237385410092	98.8172209462232	43923.795	3601.743
39.015588787529	74.0998207201434	33632.399	1961.997
88.7387190090248	99.999640000288	43578.057	4257.628
29.0966467226826	65.2800077759938	29967.185	1468.982
65.9024272780582	88.9256888594489	40435.907	3111.017
0.398469681224255	6.53237477410018	4467.872	26.719
32.4457040434368	58.4049132760694	26580.751	1558.149
1.29723896220883	17.4464860428112	11779.964	76.661
42.3617561105951	68.0791855366516	30311.866	2047.356
73.1983414413268	99.2999805600156	43162.525	3589.28
91.5671567462746	100.0	44458.403	4198.924
61.9775304179757	86.7779305776555	38686.584	2976.609
0.893949284840572	13.1300894959284	9170.776	52.995
85.4244116604707	99.99640000288	43889.51	4115.003
19.1085847131322	55.4791956166435	26379.824	931.47
57.4822140142288	83.5471131623095	37158.85	2781.612
0.582369534104373	9.11861270510984	6392.001	35.668
1.65825867339306	19.1091447126842	11546.659	88.929
4.19710664231469	34.2114926308059	17442.637	208.619
14.088438729249	50.035639971488	23685.815	686.917
