44.1007947193642	44.4657244274205	2683.886	681.91
54.1008767192986	54.4648964280829	2626.121	702.53
6.30018495985203	6.66179467056426	2709.462	669.41
2.79967776025779	3.16313746949002	2681.77	654.009
9.40112247910202	9.76985218411825	2662.985	665.195
19.1009147192682	19.4605044315965	2675.654	659.279
1.30024895980083	1.67003866396907	2685.445	638.34
99.0908907272874	99.3795404963676	2671.383	754.025
0.600529519576384	0.966959226432619	2704.5	651.623
89.100918719265	89.4615484307613	2661.524	743.964
0.100149919880064	0.460079631936294	2656.24	656.124
0.398379681296255	0.76589938728049	2644.13	686.174
0.898839280928575	1.26269898984081	2676.014	653.765
14.100378719697	14.4656884274493	2684.574	652.995
0.301669758664193	0.666179467056426	2714.616	673.495
49.0994607204314	49.4562204350237	2675.695	703.991
1.90022847981722	2.26331818934545	2628.773	654.644
64.099828720137	64.4644284284573	2690.263	719.912
74.0990207207834	74.4580204335837	2645.367	725.954
0.201389838888129	0.564659548272361	2704.561	638.049
69.1003147197482	69.4605044315964	2663.988	711.587
29.0979967216026	29.4630964295229	2714.976	691.455
4.20118663905069	4.56605634715492	2657.969	639.539
79.1001467198826	79.4603964316829	2675.534	712.232
94.0993547205162	94.4630244295805	2651.923	738.687
34.0984027212778	34.4658324273341	2705.818	679.712
84.0988627209098	84.4660124271901	2677.84	719.285
39.099918720065	39.4680284255773	2674.041	694.132
59.0992327206138	59.4661924270461	2687.596	709.773
24.1004507196394	24.4630604295517	2704.216	646.773
