89.100138719889	89.4615484307613	2668.096	575.956
99.0997007202394	99.4652204278237	2656.289	566.047
99.0609107512714	99.2855805715355	2667.183	587.269
89.100308719753	89.4637084290333	2707.379	552.071
89.099388720489	89.4635284291773	2692.877	592.181
94.0918147265482	94.3787844969724	2710.325	565.994
94.0993547205162	94.4630244295805	2695.404	618.916
94.0990647207482	94.4596044323165	2701.379	568.54
99.0988907208874	99.4582004334397	2660.322	570.851
99.0997007202394	99.4652204278237	2757.544	586.416
94.0995647203482	94.4646444282845	2697.424	562.055
89.098468721225	89.4583084333533	2718.321	548.342
