87.3099301520559	87.3101901518479	2610.668	446.371
0.00900999279200577	0.00917999265600588	2618.187	408.928
67.3099561520351	67.3102261518191	2650.195	450.799
0.0190099847920122	0.0190799847360122	2627.167	415.407
77.3099481520415	77.3101181519055	2623.554	511.825
0.0940099247920602	0.0941399246880602	2652.603	423.673
1.06599914720068	1.06613914708868	2602.924	406.534
0.211009831192135	0.211319830944135	2667.518	387.936
18.2069954344037	18.2071654342677	2675.068	414.989
0.00600999519200385	0.00629999496000403	2629.76	423.925
0.0420099663920269	0.042119966304027	2596.759	442.899
5.39500568399545	5.39513568389145	2604.024	367.255
0.00100999919200065	0.00107999913600069	2678.39	423.93
0.00300999759200193	0.00323999740800207	2672.298	465.501
0.474009620792303	0.474119620704303	2666.184	352.046
0.00400999679200257	0.00431999654400277	2608.068	391.956
0.316009747192202	0.316259746992202	2617.318	410.775
0.0279999776000179	0.0282599773920181	2608.856	381.344
37.3099801520159	37.3100101519919	2617.772	408.033
12.1380002895998	12.1382902893678	2673.306	403.958
0.00200999839200129	0.00215999827200138	2681.692	392.884
97.3099321520543	97.3100821519343	2665.265	443.097
8.09200352639718	8.09225352619718	2666.676	410.254
0.14100988719209	0.14111988710409	2631.693	429.134
27.3099881520095	27.3101181519055	2639.552	408.378
1.59900872079302	1.59911872070502	2655.373	433.577
0.0630099495920403	0.0631799494560404	2658.958	415.978
57.3099641520287	57.3101541518767	2673.162	464.569
47.3099721520223	47.3102621517903	2658.241	402.543
0.711009431192455	0.711179431056455	2702.045	468.166
3.5970071223943	3.5971171223063	2641.391	396.797
2.39799808160153	2.39831808134553	2661.913	392.103
0.0129999896000083	0.0131399894880084	2707.183	391.693
