0.0032799973760021	0.0590399527680378	40.493	0.703
1.59050872759302	25.1333798932961	13495.422	172.255
5.38695569043545	63.1140695087444	19663.456	456.895
0.317279746176203	5.56145555083556	3559.234	26.807
37.3160501471599	99.976240019008	2759.306	778.046
3.60182711853831	48.3087213530229	21310.912	342.209
57.3202941437647	100.0	2810.518	791.92
0.00603999516800387	0.10871991302407	75.067	0.865
0.000989999208000634	0.0178199857440114	13.66	0.484
0.0924999260000592	1.65293867764906	1099.551	7.311
0.00873999300800559	0.157319874144101	109.184	1.152
0.00175999859200113	0.0316799746560203	23.31	0.542
0.209579832336134	3.70223703821037	2435.117	16.972
18.2111954310437	97.2866821706543	2829.285	693.783
2.39253808596953	35.3593517125186	17829.024	240.848
0.00380999695200244	0.0685799451360439	48.568	0.748
0.475099619920304	8.21177343058126	5222.706	36.744
8.08300353359717	78.0252575797939	4310.333	544.673
27.2950881639295	99.6884202492638	2805.472	750.187
0.708949432840454	12.0338903728877	7296.942	79.099
87.2968501625199	100.0	2911.452	828.091
67.3127961497631	100.0	2865.368	827.808
12.1204503036398	90.2033278373377	3322.28	612.391
0.0276799778560177	0.497339602128318	345.951	2.63
0.0191199847040122	0.34343972524822	239.875	1.933
0.0128299897360082	0.230939815248148	158.938	1.359
77.3057381554095	100.0	2888.406	824.963
0.0630399495680403	1.12949909640072	765.604	4.822
97.3065621547503	100.0	2884.983	804.328
1.06905914475268	17.5807659353873	10457.508	106.21
47.3262221390223	99.99820000144	2846.078	824.508
0.14084988732009	2.5041579966736	1678.929	10.609
0.0420599663520269	0.754919396064483	524.013	3.8
