0.710469431624455	12.0657503473997	7244.912	73.746
47.3332721333823	99.998740001008	2789.331	1591.337
0.0275099779920176	0.493559605152316	332.598	1.729
0.142449886040091	2.53223797420962	1663.277	9.983
67.3124061500751	100.0	2821.405	1634.166
0.472189622248302	8.18045345563724	5189.795	37.046
1.06597914721668	17.5485459611632	10119.387	100.531
12.1189303048558	90.2459878032098	3007.198	648.601
57.3204941436047	100.0	2823.975	1605.26
97.3070221543823	100.0	2900.687	1584.029
0.00886999290400568	0.159479872416102	110.898	0.843
0.00303999756800195	0.054719956224035	38.52	0.522
27.3283481373215	99.6837402530078	2739.137	1560.913
0.316469746824203	5.55083555933155	3616.08	24.501
77.3262081390335	100.0	2916.627	1545.628
18.1829754536196	97.3046821562543	2871.727	1484.822
87.3196501442799	100.0	2875.99	1560.151
1.59728872216902	25.1637998689601	14050.541	175.589
0.00198999840800127	0.0358199713440229	25.612	0.518
5.39087568729945	63.1093895124884	19919.412	423.082
8.08963352829318	78.116157507074	4295.313	539.446
0.0193399845280124	0.347939721648223	239.756	1.31
0.00664999468000426	0.119699904240077	83.279	0.682
3.5997271202183	48.371181303055	22201.407	337.851
37.3141001487199	99.978040017568	2766.643	1570.459
0.210449831640135	3.71861702510638	2473.665	14.3
0.0426499658800273	0.764819388144489	529.444	3.01
0.0933899252880598	1.66787866569707	1143.602	6.711
0.00103999916800067	0.018719985024012	14.064	0.451
0.00394999684000253	0.0710999431200455	50.082	0.51
2.39292808565753	35.3334317332546	18477.991	231.255
0.0621199503040398	1.11131911094471	757.288	4.35
0.0132399894080085	0.238139809488152	169.185	0.998
