0.00101999918400065	0.0183599853120118	13.433	0.392
0.00298999760800191	0.0538199569440344	37.737	0.459
1.60249871800103	25.2615397907682	17197.286	93.31
0.000849999320000544	0.0152999877600098	11.425	0.533
0.00199999840000128	0.035999971200023	26.312	0.69
1.60412871669703	25.2620797903362	17486.01	91.093
1.06463914828868	17.5355859715312	12109.043	63.352
0.00120999903200077	0.0217799825760139	16.122	0.401
0.708939432848454	12.0290303767757	8173.577	40.358
2.39684808252153	35.3750116999906	24170.99	134.806
0.708789432968454	12.0292103766317	8342.819	43.832
0.00214999828000138	0.0386999690400248	28.303	0.461
0.00290999767200186	0.0521999582400334	37.293	0.452
1.06682914653668	17.5674459460432	12198.64	62.496
1.59901872078502	25.1906198475041	17284.443	91.851
0.00305999755200196	0.0550799559360352	39.876	0.482
0.709579432336454	12.0538703569037	8384.354	43.421
0.00293999764800188	0.0529199576640339	37.173	0.486
2.39268808584953	35.3723117021506	24434.484	139.163
0.0018799984960012	0.0338399729280217	24.555	0.484
0.00207999833600133	0.037439970048024	27.106	0.443
2.40054807956154	35.4299116560707	24695.338	136.735
1.59660872271302	25.1785598571521	17642.481	89.9
0.00111999910400072	0.0201599838720129	15.137	0.434
1.06661914670468	17.5625859499312	12153.153	62.806
2.39464808428153	35.3778916976866	24885.179	131.588
1.06487914809668	17.5498059601552	12032.655	63.807
