0.00104999916000067	0.0188999848800121	3.193	0.409
0.000919999264000589	0.0165599867520106	2.898	0.411
1.07350914119269	17.6626658698673	3957.444	97.689
1.06452914837668	17.4961660030672	1309.289	106.851
37.3031701574639	99.975880019296	2733.745	940.836
2.40404807676154	35.5103715917027	2875.744	252.33
0.00170999863200109	0.0307799753760197	3.893	0.446
0.00286999770400184	0.0516599586720331	5.287	0.515
18.2025454379636	97.2913621669103	2760.667	853.79
0.707989433608453	12.0245303803757	935.236	71.294
1.60162871869703	25.2237398210081	1940.419	172.185
1.59956872034502	25.2208598233121	2068.308	169.798
47.3207821433743	99.998740001008	2761.387	940.394
67.3132661493871	100.0	2799.82	1211.994
12.1298902960878	90.2411278070978	3701.18	655.755
97.3133421493263	100.0	3123.864	1658.723
12.1477402818078	90.2159278272577	2959.329	649.607
87.3043301565359	100.0	2853.036	1013.58
97.3116021507183	100.0	2855.993	975.526
77.2925681659455	100.0	2854.372	970.263
77.3171781462575	100.0	2861.722	1261.665
57.3216741426607	100.0	2835.941	1552.727
18.2092954325637	97.2825421739663	2831.221	889.209
57.3239541408367	100.0	2802.875	942.831
47.3290121367903	99.998920000864	2763.202	1223.57
0.00301999758400193	0.0543599565120348	5.914	0.489
0.00194999844000125	0.0350999719200225	9.751	0.44
0.711649430680455	12.0727703417837	887.124	75.34
97.3131321494943	100.0	2873.902	979.368
18.2210254231797	97.2793021765583	3167.961	1479.347
77.3278981376815	100.0	2905.543	977.969
67.3087461530031	100.0	2819.476	1551.909
2.40171807862554	35.4533116373507	7496.901	230.242
0.00274999780000176	0.0494999604000317	13.084	0.53
37.3310601351519	99.976060019152	2766.41	1519.407
0.00297999761600191	0.0536399570880343	5.549	0.489
1.59505872395302	25.1306798954561	5673.799	166.766
67.3124361500511	100.0	2876.214	989.687
27.3341981326415	99.6742002606398	2752.677	1180.212
1.06285914971268	17.5021059983152	1343.246	100.649
12.1381902894478	90.2351878118498	2988.906	639.829
47.3196321442943	99.999460000432	2854.661	1626.589
57.3163341469327	100.0	2800.159	1212.769
27.3253981396815	99.6805002555998	2783.705	894.27
97.3075421539663	100.0	2866.504	1250.795
0.00219999824000141	0.0395999683200253	4.613	0.496
87.2995201603839	100.0	2904.435	959.284
27.3253481397215	99.6634002692798	2753.724	901.874
1.59869872104102	25.1830598535521	2019.372	181.301
77.3031781574575	100.0	2926.089	1596.819
2.39811808150553	35.3946316842947	2839.889	240.471
18.2059054352757	97.2879421696463	2852.318	1075.973
47.3169021464783	99.998380001296	2844.735	970.369
12.1398702881038	90.2090878327297	2980.3	638.759
0.000929999256000595	0.0167399866080107	2.594	0.44
87.2881301694959	100.0	2944.455	1581.966
37.3345201323839	99.976420018864	2798.013	924.575
2.40139807888154	35.4048916760867	2811.648	230.976
67.3221961422431	100.0	2898	941.452
37.3195601443519	99.976780018576	2795.51	1165.995
0.00104999916000067	0.0188999848800121	5.844	0.403
1.06169915064068	17.4679060256752	1453.166	94.867
0.0017199986240011	0.0309599752320198	8.093	0.469
87.3208801432959	100.0	2937.078	1279.197
57.3111641510687	100.0	2826.355	952.133
27.2859481712415	99.6765402587678	2818.825	1485.236
