0.0010999991200007	0.0197999841600127	2674.196	702.655
0.00190999847200122	0.034379972496022	2618.613	691.607
0.00307999753600197	0.0554399556480355	2676.597	703.695
0.00369999704000237	0.0665999467200426	2705.29	691.347
0.00605999515200388	0.10907991273607	2667.979	710.588
0.00885999291200567	0.159299872560102	2656.989	709.787
0.0122299902160078	0.219959824032141	2696.766	679.762
0.018759984992012	0.337139730288216	2686.566	709.028
0.0271899782480174	0.488699609040313	2699.75	706.163
0.0429499656400275	0.770399383680493	2586.158	694.379
0.0630299495760403	1.12787909769672	2635.581	686.556
0.0945399243680605	1.68731865014508	2649.246	709.527
0.14037988769609	2.4964180028656	2659.016	700.442
0.210689831448135	3.72635701891438	2697.197	681.586
0.316609746712203	5.54903556077155	2698.512	686.152
0.472499622000302	8.18315345347724	2867.055	718.313
0.708989432808454	12.0340703727437	2670.391	674.302
1.06234915012068	17.4803260157392	2694.394	675.471
1.59696872242502	25.1767598585921	2657.741	695.804
2.39543808364953	35.3714117028706	2605.68	697.964
3.5962971229623	48.2898213681429	2672.999	728.344
5.39576568338745	63.1758094593524	2637.322	692.142
8.09539352368518	78.07763753789	2625.606	682.736
12.1389302888558	90.1910878471297	2633.325	692.536
18.1860554511556	97.3129621496303	2682.575	726.401
27.3028081577535	99.6702402638078	2680.213	750.93
37.3227901417679	99.973360021312	2562.464	791.634
47.3329021336783	99.998560001152	2647.382	787.068
57.3230741415407	100.0	2684.869	784.326
67.3092861525711	100.0	2682.785	765.962
77.2904481676415	100.0	2643.753	782.593
87.2944501644399	100.0	2636.872	753.56
97.3136821490543	100.0	2664.297	759.704
