0.209839832128134	3.71123703101038	159.218	13.854
0.712319430144456	12.0923903260877	554.215	47.388
0.0193799844960124	0.348299721360223	18.691	1.498
47.3155721475423	99.998740001008	7430.767	3131.534
67.3059061552751	100.0	8765.187	4243.471
0.00205999835200132	0.0370799703360237	3.961	0.605
37.3274401380479	99.975340019728	6813.348	2384.851
0.0935699251440599	1.67165866267307	81.218	5.339
97.3015121587903	100.0	10647.483	6359.721
87.2969301624559	100.0	9928.741	5783.124
57.3248541401167	100.0	8231.571	3605.437
1.06153915076868	17.4695260243792	841.163	66.024
0.000829999336000531	0.0149399880480096	2.286	0.434
27.2957581633935	99.6848202521438	6212.985	1769.419
0.00567999545600364	0.102239918208065	8.12	0.615
0.0267999785600172	0.481859614512308	22.661	1.577
0.0627599497920402	1.12283910172872	52.906	3.452
12.1473902820878	90.1979278416577	5201.999	555.509
0.317339746128203	5.55803555357156	243.785	20.586
0.00328999736800211	0.0592199526240379	4.697	0.632
0.00840999327200538	0.151379878896097	8.724	0.759
3.5956471234823	48.2597613921909	2858.033	207.502
5.39715568227545	63.1664494668404	4311.927	287.568
8.08952352838118	78.108417513266	4782.924	406.484
0.0418999664800268	0.75041939966448	39.308	2.736
18.2117554305957	97.2704821836142	5581.115	1192.432
2.39328808536953	35.3607917113666	1803.283	146.805
1.60328871736903	25.2107798313761	1239.898	95.34
0.0126999898400081	0.228419817264146	12.06	0.825
0.14083988732809	2.5073979940816	107.597	7.772
0.475229619816304	8.22401342078926	367.128	27.663
77.3038581569135	100.0	9581.183	4902.185
0.00380999695200244	0.0685799451360439	5.358	0.696
