18.1861254510996	97.2902821677743	9105.577	2102.319
0.00438999648800281	0.0790199367840506	55.446	1.313
1.59768872184902	25.1659598672321	10794.431	580.646
0.00099999920000064	0.0179999856000115	13.858	0.566
0.0132299894160085	0.238139809488152	165.733	3.013
0.00176999858400113	0.0318599745120204	23.089	0.74
27.3303081357535	99.6583602733118	9167.963	2350.151
1.06780914575268	17.5521459582832	10938.822	428.737
2.40194807844154	35.4475516419587	10476.623	698.056
0.709479432416454	12.0191303846957	11755.78	308.681
97.3115621507503	100.0	20843.748	3936.934
57.3194241444607	100.0	10731.514	3265.819
67.3251861398511	100.0	11396.839	3401.012
0.0190099847920122	0.341819726544219	505.864	6.286
0.212089830328136	3.7504769996184	7823.547	113.61
5.40069567944346	63.1473694821044	10010.444	1729.366
8.07749353800517	78.047397562082	9594.894	1852.226
0.0292599765920187	0.525779579376336	1088.191	11.969
87.2954001636799	100.0	13330.7	4057.072
12.1497102802318	90.2292478166017	9346.65	1859.618
0.141869886504091	2.52143798284961	5635.498	65.397
0.0634599492320406	1.13615909107273	2699.332	29.009
0.0939499248400601	1.67831865734507	3919.916	42.899
47.3045221563823	99.999280000576	10258.488	2976.201
0.0413299669360265	0.741239407008474	1741.885	18.686
0.00602999517600386	0.108539913168069	77.78	1.205
3.5991771206583	48.2757813793749	10423.962	780.247
0.00873999300800559	0.157319874144101	112.929	2.175
37.3195101443919	99.977140018288	10204.154	2661.888
0.315799747360202	5.52851557718754	10585.101	139.358
0.472509621992302	8.16587346730123	12391.515	210.131
0.00295999763200189	0.0532799573760341	38.41	1.006
77.3280981375215	100.0	12386.122	3732.648
