6.29729496216403	68.9327448538041	39423.371	370.534
89.091608726713	100.0	45723.807	5174.766
69.0965847227322	100.0	44608.147	4018.484
0.299219760624191	5.24771580182736	3606.864	17.994
14.110838711329	93.5682451454039	40588.492	821.915
79.0911367270906	100.0	44800.798	4726.244
0.597879521696383	10.2394718084226	6986.842	40.97
94.0955147235882	100.0	45018.346	5610.506
0.099999920000064	1.78505857195314	1247.984	6.661
19.0833847332922	97.7914017668786	41395.351	1079.671
39.092258726193	99.987040010368	42612.917	2239.897
49.0950407239674	99.999820000144	42697.581	2930.313
0.397939681648255	6.93125445499644	4709.155	27.089
24.1114207108634	99.3199605440316	41109.429	1422.156
1.29870896103283	20.9579232336614	14307.385	83.331
34.0903127277498	99.94690004248	42572.654	1962.035
54.0803267357386	100.0	42618.508	3218.352
1.90355847715322	29.2667165866267	20158.828	117.01
29.1120067103946	99.7967801625759	41221.569	1670.024
84.0930227255818	100.0	44771.885	4987.721
64.103898716881	100.0	43470.045	3805.23
59.0901727278618	100.0	43221.945	3530.194
0.197429842056126	3.49415720467424	2386.938	12.155
9.39716248227001	83.0915335267732	40832.15	540.423
44.1091647126682	99.996040003168	42382.056	2627.988
99.1001707198634	100.0	46079.506	5740.059
74.1044807164154	100.0	45049.496	4251.008
4.20714663428269	53.8887168890265	35919.287	255.041
2.79824776140179	39.9950680039456	28138.719	163.492
0.900939279248577	15.0416879666496	10555.341	57.085
