34.0820527343578	99.941860046512	2797.831	786.03
0.298859760912191	5.25203579837136	3430.149	25.741
29.0910067271946	99.8034401572479	2842.247	758.255
0.898439281248575	14.9898480081216	8994.689	90.499
2.80429775656179	40.0638279489376	19999.604	264.98
64.101278718977	100.0	2960.856	874.142
39.089588728329	99.988120009504	2831.435	794.901
79.1027267178186	100.0	2914.395	832.301
94.0899947280042	100.0	2952.987	817.597
9.39500248399801	83.0038735969011	3599.038	586.661
0.600849519320385	10.2817717745826	6398.302	49.604
99.0989407208474	100.0	2970.131	818.018
84.0955527235578	100.0	2904.446	873.281
14.090868727305	93.5358451713239	3030.746	650.456
0.398939680848255	6.94457444434044	4517.299	32.776
49.1034107172714	99.999460000432	2800.99	810.921
0.200219839824128	3.54509716392227	2385.18	17.444
1.30658895472884	21.1058831152935	12371.069	137.157
1.89158848672921	29.0811367350906	15821.18	192.54
69.0951447238842	100.0	2877.509	824.639
59.1023227181418	100.0	2867.863	837.53
89.090228727817	100.0	2946.158	848.072
0.100589919528064	1.79279856576115	1220.797	7.846
6.29584496332403	69.0362447710042	12310.647	466.027
19.1178647057082	97.8338817328946	2851.1	704.513
44.1018847184922	99.997480002016	2835.118	783.663
24.0941007247194	99.3151005479196	2776.12	720.771
4.20130663895469	53.8077169538264	23074.48	393.905
74.1044507164394	100.0	2925.705	839.664
54.1007967193626	100.0	2877.264	810.905
