12.1462302830158	90.2816277746978	6897.258	610.346
27.3004781596175	99.6747402602078	8075.177	1300.429
67.3221061423151	100.0	10606.183	3139.395
97.3066421546863	100.0	12073.495	4521.194
0.00887999289600568	0.159659872272102	14.061	0.949
37.3252001398399	99.972460022032	8459.723	1844.521
0.00422999661600271	0.0761399390880487	7.879	0.728
0.13998988800809	2.4944380044496	197.082	9.504
0.707989433608453	12.0169703864237	944.116	43.352
0.00321999742400206	0.0579599536320371	6.441	0.687
0.000869999304000557	0.01565998747201	3.344	0.511
3.5901471278823	48.2484214012629	4368.58	189.617
0.0646899482480414	1.15667907465674	92.402	4.26
57.3176441458847	99.999820000144	9560.11	2772.861
0.472539621968302	8.17127346298123	643.097	29.702
0.00598999520800383	0.107819913744069	10.664	0.803
8.09150352679718	78.087717529826	6537.284	404.774
2.39231808614553	35.3177717457826	3023.408	133.3
5.39276568578745	63.0919295264564	5999.579	295.577
0.0938199249440601	1.67273866180907	132.034	5.299
0.209719832224134	3.70511703590637	297.819	10.837
0.0129599896320083	0.233099813520149	21.067	1.224
77.2942081646335	100.0	11018.002	3737.779
87.2987701609839	100.0	11493.863	4227.109
0.316639746688203	5.54957556033955	446.159	20.578
47.3367021306383	99.998380001296	9306.232	2230.423
0.0411499670800263	0.738359409312473	60.999	2.524
0.0184099852720118	0.331019735184212	29.006	1.575
18.2189554248357	97.2818221745423	7713.751	893.655
0.00193999844800124	0.0349199720640224	4.242	0.594
1.59708872232902	25.1582198734241	2048.26	91.373
0.0273399781280175	0.491579606736315	41.384	2.071
1.06714914628068	17.5615059507952	1420.663	64.658
