0.00283999772800182	0.0511199591040327	35.245	0.818
3.5949471240423	48.1960414431668	20538.784	349.18
18.2209954232037	97.2890221687823	2803	1443.642
0.211369830904135	3.73805700955439	2388.886	17.005
0.0190199847840122	0.341999726400219	234.746	1.329
67.3147961481631	100.0	2863.11	1552.212
47.3386621290703	99.998380001296	2794.365	1588.94
0.0127699897840082	0.229499816400147	156.12	0.92
0.470019623984301	8.13599349120521	5095.477	36.19
1.06325914939268	17.5053459957232	10150.558	101.526
8.08406353274917	78.0310175751859	4444.503	537.732
57.3234041412767	100.0	2824.226	1603
37.3261601390719	99.975520019584	2785.536	1571.608
0.00578999536800371	0.104219916624067	72.791	0.674
0.00973999220800623	0.175319859744112	121.941	0.795
77.3071381542895	100.0	2898.227	1626.545
2.39458808432953	35.3496317202946	17968.043	236.455
0.00191999846400123	0.0345599723520221	25.775	0.684
5.39120568703545	63.0933695253044	20985.197	447.16
12.1315702947438	90.2634477892418	3074.093	634.098
0.0626099499120401	1.12175910259272	773.83	4.399
87.3180301455759	100.0	2912.502	1578.986
0.0271299782960174	0.487079610336312	332.317	1.81
0.0418999664800268	0.752399398080482	519.407	2.897
0.316589746728203	5.55065555947555	3648.748	24.919
1.60195871843303	25.2473198021442	14069.717	176.454
0.000869999304000557	0.01565998747201	12.039	0.397
0.00379999696000243	0.0683999452800438	48.929	0.543
0.0941199247040602	1.67975865619308	1146.766	6.563
0.142039886368091	2.52899797680162	1711.808	9.974
0.709119432704454	12.0369503704397	7410.29	73.628
27.2934881652095	99.6812202550238	2839.439	1463.98
97.3067421546063	100.0	2942.679	1642.855
