6.30717495426004	69.0830447335642	2687.972	563.835
59.1089327128538	100.0	2709.693	609.932
39.092248726201	99.987760009792	2682.657	621.956
0.0998399201280639	1.77947857641714	2707.981	507.614
94.0938247249402	100.0	2700.27	594.083
0.599879520096384	10.2684517852386	2691.062	493.122
99.0968207225434	100.0	2717.549	544.94
0.398819680944255	6.93539445168444	2703.759	520.18
1.30279895776083	21.0284831772135	2714.477	516.479
84.1069427144458	100.0	2711.855	589.324
24.1094407124474	99.3237405410076	2694.29	577.819
1.90563847548922	29.2294566164347	2704.199	535.476
74.0876807298554	100.0	2717.547	577.072
0.202279838176129	3.58559713152229	2719.751	537.57
89.096168723065	100.0	2707.417	577.868
4.19556664354668	53.7452570037944	2677.117	511.937
9.39844248124601	83.0888335289332	2733.551	532.367
79.0929367256506	100.0	2737.078	588.647
14.095998723201	93.5007451994038	2689.224	536.748
29.0853167317466	99.8012801589759	2715.498	579.896
69.1050347159722	100.0	2704.971	602.557
54.0924067260746	99.999820000144	2689.087	618.644
49.0917807265754	100.0	2723.508	596.815
19.0825447339642	97.7899617680306	2700.163	582.905
2.79865776107379	39.9702280238176	2691.569	535.954
0.903189277448578	15.0541079567136	2662.455	552.999
0.29653976276819	5.20937583249933	2699.026	532.551
64.092578725937	100.0	2722.289	601.77
44.0777147378282	99.997480002016	2694.226	578.511
34.0968227225418	99.94510004392	2718.944	623.419
