1.89539848368121	29.1293766964986	2670.366	802.261
44.1009447192442	99.997120002304	2712.195	654.725
59.0924227260618	100.0	2711.168	607.794
0.100229919816064	1.78883856892914	2715.74	814.149
0.901109279112577	15.0422279662176	2728.071	796.056
54.1034867172106	99.999820000144	2717.213	820.838
89.102188718249	100.0	2658.435	575.657
14.104278716577	93.5345851723319	2683.504	805.166
0.201189839048129	3.56273714981028	2703.464	550.312
69.0861747310602	100.0	2715.478	802.084
0.600689519448384	10.2747517801986	2682.08	795.072
4.19706664234669	53.7916969666424	2682.037	566.903
39.101068719145	99.988660009072	2714.624	553.454
99.0989407208474	100.0	2703.873	779.815
6.29247496602003	68.9815248147801	2697.236	551.144
64.085838731329	100.0	2725.213	571.22
29.1003967196826	99.7973201621439	2700.27	796.633
94.0985447211642	100.0	2723.658	797.446
9.41020247183802	83.1577734737812	2729.261	552.683
2.8057777553778	40.1496878802497	2692.752	787.753
49.1015507187594	99.99910000072	2700.095	548.149
0.401579678736257	6.98003441597247	2681.038	612.994
1.30149895880083	20.9987832009734	2724.266	547.925
79.1027467178026	100.0	2721.537	800.716
84.0993427205258	100.0	2684.808	569.197
34.1067427146058	99.945640043488	2675.951	718.272
74.0977307218154	100.0	2716.974	534.072
24.0878207297434	99.3118605505116	2694.382	790.611
0.300299759760192	5.28083577533138	2690.367	571.396
19.0995147203882	97.7995017603986	2700.326	538.672
