89.099338720529	100.0	45770.767	6709.737
0.0988699209040633	1.76255858995313	1225.159	5.377
2.80238775808979	40.0712079430336	28005.326	153.457
24.0909707272234	99.3007005594395	41752.142	1666.612
14.089998728001	93.4604252316598	40757.177	762.328
34.1030027175978	99.946360042912	41674.145	2485.347
19.1002947197642	97.8239817408146	40771.846	1348.713
94.0980547215562	100.0	46168.866	7077.923
39.090418727665	99.987940009648	42989.922	2793.877
79.0927067258346	100.0	45321.325	5953.285
99.0988407209274	100.0	47092.658	7253.561
84.0977427218058	100.0	46405.925	6142.476
29.0854867316106	99.8038001569599	42148.443	2041.012
74.0993907204874	100.0	44755.434	5593.985
1.90949847240122	29.3255765395388	20666.254	106.903
64.098198721441	100.0	43856.946	4764.732
0.400389679688256	6.97013442389246	4783.446	22.099
0.199689840248128	3.53573717141026	2467.626	10.449
54.0867967305626	100.0	44014.002	3950.875
0.300059759952192	5.26697578641937	3584.436	20.458
4.20302663757869	53.8480369215705	36074.709	231.762
0.897929281656575	14.9975880019296	10281.879	54.215
69.0943347245322	100.0	44309.83	5194.195
1.30267895785683	20.9962632029894	14743.344	74.553
6.29130496695603	68.9662248270201	39720.88	340.474
44.1104747116202	99.996040003168	43084.394	3255.352
0.599999520000384	10.2713317829346	7070.873	36.748
59.0853627317098	100.0	43677.937	4354.805
9.39220248623801	83.1457134834292	40183.604	504.458
49.0916507266794	99.999820000144	43106.95	3625.111
