49.1038607169114	99.99910000072	2833.279	800.593
64.092068726345	100.0	2906.761	789.382
54.0844067324746	100.0	2857.23	797.497
9.41116247107002	83.2099734320213	3285.508	578.943
19.1081747134602	97.8043617565106	2763.323	731.72
39.106628714697	99.989020008784	2801.93	763.051
4.19635664291469	53.6687570649943	9997.421	386.775
1.89538848368921	29.1579966736027	6441.306	189.86
1.30032895973683	20.9800632159494	4863.038	131.271
0.899229280616575	15.0017279986176	3565.338	89.701
79.1056067155146	100.0	2919.892	798.649
84.1048027161578	100.0	2891.066	825.478
29.0931867254506	99.7937201650239	2808.229	758.656
74.0926007259194	100.0	2918.374	808.786
14.091248727001	93.5140651887478	2919.531	661.743
89.094868724105	100.0	2937.607	831.52
94.0955147235882	100.0	2934.13	830.084
99.0988407209274	100.0	2970.048	814.254
0.100589919528064	1.79261856590515	436.538	7.441
34.0956027235178	99.947980041616	2783.54	779.028
69.0907247274202	100.0	2874.447	820.204
0.298339761328191	5.23835580931535	1272.48	22.218
6.29479496416403	68.9860248111801	7307.3	463.708
24.0897207282234	99.3165405467676	2781.629	713.547
0.403399677280258	7.01549438760449	1722.393	30.311
0.600939519248385	10.2803317757346	2500.862	49.449
59.0863027309578	100.0	2873.048	782.8
44.0937347250122	99.997660001872	2845.556	785.955
2.8057877553698	40.0856079315137	8349.485	260.701
0.197769841784127	3.50369719704224	845.631	14.15
