54.0801667358666	100.0	2886.419	1535.87
44.0975947219242	99.997120002304	2820.079	1613.173
4.20395663683469	53.8420969263225	3974.773	396.576
29.1038067169546	99.7958801632959	2840.03	1579.794
14.098958720833	93.5115451907639	3493.939	652.621
89.095798723361	100.0	2941.244	1575.605
6.30472495622003	68.9707248234201	4560.452	467.583
34.0820527343578	99.941860046512	2837.329	1532.349
94.0980547215562	100.0	2952.494	1670.418
99.0974607220314	100.0	2902.599	1612.741
64.100388719689	100.0	2879.584	1562.554
0.399789680168256	6.96149443080446	498.871	31.395
49.0935307251754	99.999640000288	2851.988	1529.835
1.90360847711322	29.2726565818747	2353.788	191.735
39.113978708817	99.987760009792	2858.972	1517.934
2.79132776693779	39.9054280756575	3124.311	273.721
84.0901627278698	100.0	2917.503	1649.465
0.301179759056193	5.27849577720338	393.22	24.073
0.598659521072383	10.2405518075586	752.924	45.772
19.0950247239802	97.8342417326066	3204.099	1526.44
59.1044627164298	100.0	2893.197	1557.114
0.200409839672128	3.54923716061027	260.255	13.854
74.0932807253754	100.0	2920.422	1572.941
24.0898007281594	99.3091605526716	2863.674	1558.062
0.903359277312578	15.0668879464896	1173.225	90.883
9.39856248115002	83.0701135439092	4312.734	622.59
79.0992767205786	100.0	2920.033	1579.22
1.30680895455284	21.1044431164455	1688.896	138.967
69.0976747218602	100.0	2909.041	1552.515
0.101119919104065	1.80557855553716	132.398	6.608
